Gene	Value
ENSG00000268903	-0.579096317849335
ENSG00000269981	-0.697240502726713
ENSG00000228794	0.0690440783522266
ENSG00000188976	-0.169401662931937
ENSG00000187961	-0.194942119144446
ENSG00000187608	0.356490970603119
ENSG00000188157	-0.447079297202445
ENSG00000186891	-0.024562966601828
ENSG00000186827	-0.01769007566665
ENSG00000176022	-0.138244534452609
ENSG00000184163	-0.12809887194745
ENSG00000221978	-0.162731359880516
ENSG00000224870	-0.187717340104219
ENSG00000235098	-0.45048920843158
ENSG00000225905	-0.314913210891372
ENSG00000205116	-0.550076814204783
ENSG00000225285	-0.223163221403272
ENSG00000179403	-0.626007069071263
ENSG00000160075	-0.0809657514884689
ENSG00000248333	-0.094626712426791
ENSG00000269737	-0.0319924346074293
ENSG00000008130	-0.212942766202255
ENSG00000078369	0.0182300771106717
ENSG00000067606	-0.206045017935359
ENSG00000269896	-0.233335843145475
ENSG00000197921	-0.325056604968612
ENSG00000272449	-0.140327362353393
ENSG00000157870	-0.166269248179773
ENSG00000238260	0.0819167659242795
ENSG00000158109	-0.0368934531807596
ENSG00000227372	-0.104032130179446
ENSG00000130764	-0.043634151448038
ENSG00000158292	-0.504476186045311
ENSG00000097021	-0.182981642314414
ENSG00000162413	0.105874326214953
ENSG00000116273	0.066633140709516
ENSG00000007923	-0.111528868649909
ENSG00000171735	0.064172547121937
ENSG00000270171	-0.318196167275615
ENSG00000270035	0.0251161382350008
ENSG00000269925	0.268330734110869
ENSG00000049246	0.109466622580129
ENSG00000230679	0.598508503709314
ENSG00000142583	0.0663170932389032
ENSG00000049239	-0.225368985556304
ENSG00000171621	-0.138751679720893
ENSG00000284652	-0.246019616743481
ENSG00000188807	-0.145635761736154
ENSG00000173614	-0.0645733109446399
ENSG00000202415	-0.179056247373522
ENSG00000162444	-0.395222322676845
ENSG00000054523	0.126583512905177
ENSG00000199562	-0.275983053019471
ENSG00000142657	0.0613744093972899
ENSG00000175279	-0.0335879906194409
ENSG00000160049	-0.0576333563288264
ENSG00000171824	-0.121202600714707
ENSG00000226849	-0.337465805334308
ENSG00000198793	-0.0800077652926195
ENSG00000116670	-0.102143146346072
ENSG00000177674	-0.0287578896130329
ENSG00000285646	-0.0602194535443723
ENSG00000083444	-0.293322455794882
ENSG00000116691	-0.0176376215069751
ENSG00000028137	0.0447862166676168
ENSG00000048707	-0.0672921228554781
ENSG00000162493	0.198991202440087
ENSG00000215720	0.465745791433361
ENSG00000132906	-0.0666057415292085
ENSG00000116138	0.0405932848193702
ENSG00000116771	0.0189422932693453
ENSG00000162458	-0.180379160915949
ENSG00000065526	-0.0751207237356643
ENSG00000116809	-0.340545086961216
ENSG00000142627	-0.0316700775062941
ENSG00000288398	-0.0710789255987672
ENSG00000132881	-0.0867263916662603
ENSG00000080947	-0.00505698716093412
ENSG00000261135	-0.0405341119464643
ENSG00000117115	-0.164660098724801
ENSG00000169991	0.159041205747584
ENSG00000127463	-0.0268670824884464
ENSG00000053372	-0.0107188728487793
ENSG00000077549	-0.095174817499467
ENSG00000158748	-0.071672015728501
ENSG00000090432	-0.0556430118755278
ENSG00000158825	-0.263751721536482
ENSG00000244038	0.0500761533837859
ENSG00000117245	-0.144774106114242
ENSG00000127483	0.116571636785408
ENSG00000075151	-0.0366607434149641
ENSG00000117298	0.0148071760230213
ENSG00000162551	-0.330486942366867
ENSG00000142798	-0.11529954944161
ENSG00000184677	-0.0948126587785555
ENSG00000173372	-0.0951885600359532
ENSG00000159189	0.159740461991376
ENSG00000173369	0.0903713329399664
ENSG00000004487	-0.0246311681894895
ENSG00000289014	0.0915473837382829
ENSG00000261326	0.00308280963291678
ENSG00000125945	0.2628230236257
ENSG00000249087	0.193755604706145
ENSG00000117318	-0.0821518533300063
ENSG00000057757	0.0524145496367956
ENSG00000011009	-0.252889171138337
ENSG00000117308	0.218214436652734
ENSG00000179163	-0.00738425879135517
ENSG00000189266	0.213219344932786
ENSG00000188529	0.286542205588422
ENSG00000117602	-0.200659800168327
ENSG00000169504	0.212455972195482
ENSG00000284602	0.0441281622826981
ENSG00000117616	-0.0338418667699078
ENSG00000157978	-0.623046316798014
ENSG00000117643	0.173411002617046
ENSG00000228172	-0.302462442696782
ENSG00000117640	0.0615153860445448
ENSG00000229786	-0.649256709199047
ENSG00000197245	-0.0587811358732028
ENSG00000142675	-0.317335893549609
ENSG00000130695	-0.272006560036563
ENSG00000117682	-0.021191410770159
ENSG00000198830	0.256825300291801
ENSG00000117676	-0.423776185227397
ENSG00000260063	-0.0501012226057988
ENSG00000175793	0.380977546071714
ENSG00000198746	-0.210027201919939
ENSG00000253368	0.261108981720585
ENSG00000142733	-0.0778879458132127
ENSG00000142748	-0.340217965105364
ENSG00000181773	0.584638315001446
ENSG00000158195	-0.0370105924044481
ENSG00000000938	-0.279445549965314
ENSG00000126709	0.308326524292648
ENSG00000009780	0.0469075237221554
ENSG00000270031	0.104846667088336
ENSG00000130775	-0.369876057980071
ENSG00000158156	-0.115742439081208
ENSG00000130766	0.199048547856457
ENSG00000130772	-0.0895716809125522
ENSG00000204138	-0.160570123115825
ENSG00000180198	-0.0793439888884263
ENSG00000242125	0.176943447286213
ENSG00000279443	-0.0996928510181496
ENSG00000198492	0.106317421128038
ENSG00000116350	-0.147864866845659
ENSG00000277916	-0.141353957010686
ENSG00000116353	-0.20426621187651
ENSG00000186056	-0.185604710224156
ENSG00000134644	0.181745242390202
ENSG00000060688	-0.142667486622797
ENSG00000121769	0.000768214455811624
ENSG00000168528	0.0625644490137003
ENSG00000142910	-0.44758104893535
ENSG00000235790	-0.0741603142935476
ENSG00000084636	-0.596859258725133
ENSG00000134668	-0.0312327266015971
ENSG00000121774	0.0775502679780012
ENSG00000025800	-0.00865438413301857
ENSG00000084623	0.0535921098287537
ENSG00000220785	-0.238533603968402
ENSG00000183615	-0.624419944142049
ENSG00000175130	-0.0626980617865609
ENSG00000176261	0.0506294080958902
ENSG00000162521	0.0694276123231284
ENSG00000162522	-0.0462962909116507
ENSG00000134684	-0.0938431036721529
ENSG00000116497	-0.180657640668416
ENSG00000121900	-0.0733380798107231
ENSG00000116514	0.0779213294708325
ENSG00000142920	-0.224890835506946
ENSG00000278997	-0.306807035881979
ENSG00000116525	-0.313404049182042
ENSG00000134686	-0.204898377230574
ENSG00000121903	-0.102955146609428
ENSG00000163866	-0.0192425810467746
ENSG00000241014	-0.0803127995432842
ENSG00000243749	0.000978741792085931
ENSG00000116560	0.14907082669738
ENSG00000142687	-0.0787755912991128
ENSG00000126067	0.0335225195116134
ENSG00000142686	-0.189107960807359
ENSG00000134698	0.0906568551597261
ENSG00000054116	-0.0670744792268317
ENSG00000116871	-0.365661796087246
ENSG00000196182	0.143652241838129
ENSG00000116898	-0.0492712953867448
ENSG00000163874	0.0241609310008415
ENSG00000163875	0.267242414972614
ENSG00000163877	0.105754627656717
ENSG00000134697	0.0403555853477837
ENSG00000116922	0.137253639318586
ENSG00000196449	0.0742966355289625
ENSG00000183431	0.0268197175647463
ENSG00000183520	0.158022616992413
ENSG00000131233	-0.0651474103640434
ENSG00000158315	-0.0352880383600594
ENSG00000237624	-0.148785121777565
ENSG00000116983	0.270907102759712
ENSG00000116985	-0.210293495221825
ENSG00000131238	0.301758926406101
ENSG00000226745	0.0957236601925181
ENSG00000117000	0.0276084913178982
ENSG00000049089	-0.559649023940511
ENSG00000084070	-0.0327032066267818
ENSG00000164002	-0.0757313910360237
ENSG00000117016	0.370823064578771
ENSG00000171790	-0.102702012039518
ENSG00000198815	0.0838753712828452
ENSG00000177181	0.0174590741844131
ENSG00000171960	-0.160962348533195
ENSG00000234917	-0.00397074596603331
ENSG00000164010	-0.113673055569506
ENSG00000117395	-0.0995592077959934
ENSG00000179178	-0.627021411093323
ENSG00000117399	-0.257235659075085
ENSG00000066322	-0.596617522886955
ENSG00000288772	0.0705576987926064
ENSG00000159479	-0.00530966477752385
ENSG00000198198	-0.207079675000522
ENSG00000066135	-0.0773514764973045
ENSG00000126091	-0.0232067477678245
ENSG00000237950	-0.266472105402143
ENSG00000117408	-0.447670972129366
ENSG00000132768	-0.0376509560190129
ENSG00000196517	-0.321358602360688
ENSG00000126106	-0.0778582799557446
ENSG00000173846	0.0483544477228632
ENSG00000070785	-0.001084542121717
ENSG00000126088	-0.0655207891314815
ENSG00000281912	-0.119849099788677
ENSG00000186603	0.379604542794815
ENSG00000132781	-0.230441342316526
ENSG00000132773	-0.14349774460779
ENSG00000070759	-0.0639071262837807
ENSG00000132763	-0.131675685743559
ENSG00000132780	-0.297243669692778
ENSG00000225447	-0.327456146956335
ENSG00000234329	-0.289440621461909
ENSG00000117461	0.0574562948974062
ENSG00000085998	-0.192398646044432
ENSG00000171357	-0.0459944719739765
ENSG00000132128	-0.0450265781154192
ENSG00000117481	0.078700557287822
ENSG00000117480	-0.444819903570646
ENSG00000079277	0.134168910682673
ENSG00000186377	0.148512986051632
ENSG00000162367	-0.108820147310083
ENSG00000226252	-0.0286262780563994
ENSG00000279214	-0.427261318389994
ENSG00000132122	-0.0330686202426151
ENSG00000142700	-0.28635058372054
ENSG00000123080	-0.12824467241964
ENSG00000085832	-0.0396611450216766
ENSG00000117859	-0.0318479077108795
ENSG00000198841	0.0581950182700607
ENSG00000134717	0.169948452628864
ENSG00000157077	-0.0612855613278919
ENSG00000228407	0.307435595158837
ENSG00000154222	-0.235824961519114
ENSG00000224680	-0.533921111211471
ENSG00000162377	0.0592310847945141
ENSG00000162378	0.1437770310606
ENSG00000121310	0.028842387007424
ENSG00000174348	-0.139206455159561
ENSG00000162383	-0.378212474674911
ENSG00000162385	0.175227483995538
ENSG00000116212	-0.0079363558720383
ENSG00000280378	-0.328818933221944
ENSG00000215883	-0.0220261973989348
ENSG00000198711	0.0273729263116758
ENSG00000184313	0.111066228038289
ENSG00000233203	0.0495319352524491
ENSG00000162402	0.00571336159033943
ENSG00000162601	0.122090112155617
ENSG00000177606	0.124063210619295
ENSG00000134716	-0.37249679960608
ENSG00000162604	0.196113353051861
ENSG00000125703	-0.0748311269251967
ENSG00000203965	0.0788676209688993
ENSG00000162437	0.169827135553955
ENSG00000288804	-0.19301774046282
ENSG00000162433	0.20634799448867
ENSG00000116678	0.0504353739139493
ENSG00000184588	0.0428749165932722
ENSG00000116704	0.0605084274922791
ENSG00000081985	-0.100850802616945
ENSG00000116717	0.547797800561973
ENSG00000066557	0.266703075389781
ENSG00000178965	0.145012318219768
ENSG00000226415	-0.0791590584751227
ENSG00000287870	-0.0288823125718964
ENSG00000154027	-0.0872008666884084
ENSG00000077254	0.283614939272572
ENSG00000235613	-0.146216259731177
ENSG00000162614	-0.0948228931014276
ENSG00000162616	0.516716000734364
ENSG00000273338	0.528535259348373
ENSG00000137959	0.480755655160764
ENSG00000137965	0.29269193296744
ENSG00000238015	0.186988063678143
ENSG00000233061	-0.114687188365638
ENSG00000271576	-0.020567681806778
ENSG00000117151	0.174292085838964
ENSG00000284882	0.150925750679548
ENSG00000171517	0.00552787119727368
ENSG00000142871	-0.476105274554688
ENSG00000016602	-0.157112316036661
ENSG00000153936	0.134102827835639
ENSG00000143013	-0.0878755177305679
ENSG00000279778	0.00455208861883124
ENSG00000286758	-0.068735258250456
ENSG00000230053	0.185536480742069
ENSG00000065243	0.107818364099466
ENSG00000137944	0.0663530067375937
ENSG00000117228	0.446944881410477
ENSG00000234518	0.253394263650286
ENSG00000162645	0.103005920092531
ENSG00000162654	0.0971126282256878
ENSG00000154451	0.058383120826803
ENSG00000231999	-0.0063160731991487
ENSG00000171492	-0.136646852538514
ENSG00000162664	0.144857877897065
ENSG00000225446	-0.0947573685826385
ENSG00000097046	0.296863969759161
ENSG00000189195	0.275709672081094
ENSG00000273487	-0.224793240573384
ENSG00000143033	0.189750840475618
ENSG00000137942	0.186390136358604
ENSG00000260464	0.189418508254978
ENSG00000067334	0.242683068105872
ENSG00000023909	0.490525148890459
ENSG00000117525	0.477697021313895
ENSG00000235501	0.0347346494099342
ENSG00000172339	-0.0291549748477689
ENSG00000122481	0.0962206104741871
ENSG00000285922	0.211903794932873
ENSG00000162627	0.0673118832114635
ENSG00000117600	0.291068948216952
ENSG00000162688	0.212463894722969
ENSG00000288826	-0.250064740766923
ENSG00000122435	-0.0721493435861163
ENSG00000224616	-0.0403511546933906
ENSG00000137996	0.0480466423168626
ENSG00000162692	0.32760027520618
ENSG00000162694	0.100550969559767
ENSG00000162695	0.150600535042877
ENSG00000117543	-0.0654073450528698
ENSG00000233184	0.0593534727668971
ENSG00000060718	0.0533232523192915
ENSG00000198890	0.179187323437004
ENSG00000162636	0.167566450321629
ENSG00000232971	-0.233755708958748
ENSG00000121940	-0.0237683743186844
ENSG00000085433	0.149565454059386
ENSG00000215717	0.291765719639267
ENSG00000031698	-0.00804708495518876
ENSG00000143106	-0.0148751708179392
ENSG00000174151	-0.0781069475550903
ENSG00000181754	0.111992027958401
ENSG00000168765	0.146400221018432
ENSG00000143093	0.0816227423354584
ENSG00000186150	-0.00267305478206206
ENSG00000168679	0.0752253558149325
ENSG00000273373	0.0965720254143694
ENSG00000177272	0.0745625692806277
ENSG00000261654	0.0804052288539299
ENSG00000232811	0.145425226486002
ENSG00000121931	0.404730251336796
ENSG00000273010	0.0122577995705856
ENSG00000162777	-0.0222144627489107
ENSG00000064886	0.278773520424533
ENSG00000121933	-0.0140713684815857
ENSG00000231346	0.0561308465736904
ENSG00000064703	0.132913489135702
ENSG00000171385	0.0645863338767047
ENSG00000231437	0.187698420625727
ENSG00000116489	0.048604377838634
ENSG00000155366	0.188514603325295
ENSG00000155380	0.0206676863102066
ENSG00000198799	-0.130450607126189
ENSG00000188761	0.11960867133438
ENSG00000116752	0.4495074660199
ENSG00000213281	0.250661013309167
ENSG00000163393	-0.145842329928114
ENSG00000163399	0.0149001546227723
ENSG00000065183	0.0785038301874904
ENSG00000260941	0.307501245629311
ENSG00000143067	0.0562969404486801
ENSG00000277610	0.345244394922539
ENSG00000198019	0.0903278623158221
ENSG00000213244	-0.182995413154758
ENSG00000227082	-0.0396855372723791
ENSG00000265531	0.138180907241191
ENSG00000286620	-0.1157128207694
ENSG00000131779	-0.00153973527503907
ENSG00000271601	0.146173417567431
ENSG00000272031	0.0210706452688494
ENSG00000265972	-0.171838169953207
ENSG00000268043	0.0266532586547361
ENSG00000131778	-0.290634259409227
ENSG00000273059	0.563015318296458
ENSG00000280649	0.191954665703292
ENSG00000269713	0.041387179655061
ENSG00000206828	0.318919019508468
ENSG00000150337	0.15694909665155
ENSG00000220323	-0.172525923308196
ENSG00000261716	-0.0467427280460327
ENSG00000184678	-0.11681212056952
ENSG00000143368	-0.059610931029567
ENSG00000264522	-0.214426858569527
ENSG00000136631	0.0678223449055276
ENSG00000143401	0.620530424356539
ENSG00000118298	-0.621736216078012
ENSG00000117362	0.1320299443535
ENSG00000159208	0.0912687133034448
ENSG00000117360	-0.116520233199831
ENSG00000143382	0.153971782227523
ENSG00000143384	0.287750295974315
ENSG00000143457	0.0711222215487589
ENSG00000163131	0.0993037427464545
ENSG00000143387	-0.0638942646058168
ENSG00000143437	-0.0601899994431159
ENSG00000143379	-0.095716392111748
ENSG00000143443	-0.0922366119238534
ENSG00000197622	-0.0383367490921836
ENSG00000213190	0.479777199402415
ENSG00000143458	-0.124828346969745
ENSG00000163156	-0.0775496840073137
ENSG00000143398	0.0705016359638651
ENSG00000143373	-0.0566878309725039
ENSG00000143393	-0.11408242707684
ENSG00000159377	0.0514855292884797
ENSG00000182134	-0.0416619443208939
ENSG00000234614	-0.0206741140098454
ENSG00000196407	-0.0261842145520921
ENSG00000163191	-0.0391689963744536
ENSG00000163220	-0.0416123606127479
ENSG00000163221	0.438730712811492
ENSG00000143546	-0.149750895696429
ENSG00000238279	0.130143763132518
ENSG00000196154	-0.282767905020056
ENSG00000188015	0.323954633217284
ENSG00000196754	0.244920785640143
ENSG00000188643	0.379314141808139
ENSG00000143621	0.0588849247432544
ENSG00000169418	-0.177854763631574
ENSG00000143624	-0.108485376772572
ENSG00000198837	-0.167240674930894
ENSG00000160741	-0.173029483096518
ENSG00000143570	0.0287813939021326
ENSG00000143543	-0.0185374336803424
ENSG00000143549	0.145039033185802
ENSG00000143569	-0.107429134841123
ENSG00000228013	0.294164761508992
ENSG00000160712	0.179790188705556
ENSG00000169291	-0.0105231331296207
ENSG00000160714	-0.0288756588175573
ENSG00000160716	-0.0555495197612148
ENSG00000160710	0.103060032256981
ENSG00000163348	0.0232856390371092
ENSG00000160691	0.126915514622021
ENSG00000173207	-0.12461137176886
ENSG00000163352	0.164041781938924
ENSG00000160685	-0.346037033639616
ENSG00000143537	-0.140966514313788
ENSG00000243364	-0.193890869738073
ENSG00000169242	-0.420856680763877
ENSG00000169241	0.0706918000810064
ENSG00000185499	-0.188234147812791
ENSG00000160766	-0.160572485598176
ENSG00000236675	-0.0541034991352052
ENSG00000177628	-0.0699387386643048
ENSG00000160767	-0.305983427087118
ENSG00000160752	0.0444666276548606
ENSG00000160753	0.122386834802275
ENSG00000235919	-0.0207720470482404
ENSG00000125459	-0.136114822820638
ENSG00000163374	0.00418708979474792
ENSG00000132676	-0.083182779216967
ENSG00000203761	0.0230279280108847
ENSG00000116580	-0.0345855475936334
ENSG00000132680	0.147626663797968
ENSG00000116584	-0.392640301545489
ENSG00000273002	-0.522480222566946
ENSG00000160803	-0.0743584416366742
ENSG00000254726	0.0639534117030593
ENSG00000160789	-0.17996496006993
ENSG00000160785	-0.100581922733769
ENSG00000242252	0.348053698770344
ENSG00000160781	-0.255937067053544
ENSG00000163472	-0.170445766750495
ENSG00000198715	-0.166692017949405
ENSG00000160818	-0.153243817302278
ENSG00000132702	-0.53161436608155
ENSG00000272068	0.164406115473256
ENSG00000143320	0.398711207436952
ENSG00000143303	-0.28390579570213
ENSG00000143294	-0.169722767040131
ENSG00000027869	-0.106265112089168
ENSG00000163565	0.152678596797636
ENSG00000213088	-1.00592876239077
ENSG00000158714	0.0632776917805428
ENSG00000158710	-0.0392763085251441
ENSG00000085552	-0.0330990313956822
ENSG00000162729	-0.289252707479532
ENSG00000227741	-0.0977990927778725
ENSG00000132716	-0.117597923466136
ENSG00000224261	0.392151417788007
ENSG00000162738	0.327010996088416
ENSG00000158769	0.245082100428162
ENSG00000158773	-0.141900967302554
ENSG00000158796	0.0282130131102751
ENSG00000224985	0.00151132149406474
ENSG00000143258	-0.21705615905927
ENSG00000158850	0.000967058719085542
ENSG00000158859	-0.595909951773282
ENSG00000158864	-0.250651987975791
ENSG00000158882	-0.171774656684058
ENSG00000158887	0.215974952253201
ENSG00000288093	0.38850918888535
ENSG00000143226	-0.000900710378064763
ENSG00000173110	0.98197552849251
ENSG00000203747	0.460726998794136
ENSG00000162747	-0.108338097501505
ENSG00000072694	-0.0846139869586464
ENSG00000132185	-0.239433105978816
ENSG00000162746	0.157420287961742
ENSG00000239887	-0.169680564519456
ENSG00000117143	0.296593158246543
ENSG00000272574	-0.0590204561962891
ENSG00000132196	0.230583776550333
ENSG00000185630	0.0647016110414489
ENSG00000188859	-0.0185543507369666
ENSG00000143157	-0.0773600927065148
ENSG00000225171	-0.346789951289793
ENSG00000143190	0.00788917792671099
ENSG00000143162	0.2495708998269
ENSG00000143158	0.308170801262534
ENSG00000143164	-0.0592430902132518
ENSG00000213064	-0.019876331634126
ENSG00000289466	-0.323293216379423
ENSG00000117475	0.08678339067499
ENSG00000117479	0.370062808709357
ENSG00000188404	0.113583948577087
ENSG00000007908	0.0234783070975859
ENSG00000000457	0.0312503552701923
ENSG00000075945	0.0682419219651281
ENSG00000271811	0.189487434672991
ENSG00000117533	0.178480008201742
ENSG00000010165	-0.108667116868948
ENSG00000117586	0.127879877793846
ENSG00000200674	-0.104703644638752
ENSG00000120334	0.0119307048122037
ENSG00000185278	-0.0427651005993307
ENSG00000135870	0.0621415511670418
ENSG00000235750	0.0796486204172699
ENSG00000143207	0.0368390646870767
ENSG00000152092	0.0538875939210041
ENSG00000213057	0.0883769001301094
ENSG00000273062	-0.0204388095366259
ENSG00000116199	0.0365672258424023
ENSG00000186283	0.0495616656212179
ENSG00000272906	-0.163803850324033
ENSG00000143324	0.121031122550437
ENSG00000153029	0.0823870327443482
ENSG00000289589	0.100055230200186
ENSG00000162783	0.426064849831054
ENSG00000135828	-0.00448309175185912
ENSG00000143333	0.159266442452808
ENSG00000261504	0.31412875501074
ENSG00000135838	0.317660749861621
ENSG00000157064	-0.0152710736091766
ENSG00000162704	-0.0314757557693182
ENSG00000143344	-0.0659684109817695
ENSG00000198756	-0.335894220454268
ENSG00000198860	-0.101498419625674
ENSG00000271387	0.455774806782617
ENSG00000121486	0.0544073207049917
ENSG00000238061	-0.425025596611671
ENSG00000279838	0.0504835579124501
ENSG00000116679	-0.0429575899395666
ENSG00000157181	0.112732992719801
ENSG00000233196	0.0248710813639435
ENSG00000073756	0.026025326501255
ENSG00000090104	0.0455912155141879
ENSG00000116741	0.404010442116101
ENSG00000116750	0.146394103948409
ENSG00000162630	0.568369558634166
ENSG00000000971	-0.119549416369794
ENSG00000203724	-0.0954334349006403
ENSG00000174307	-0.176656900834389
ENSG00000159176	-0.0718667314869497
ENSG00000224536	-0.134396815253715
ENSG00000134369	-0.0519469428973165
ENSG00000198700	-0.076312672086596
ENSG00000163431	-0.151545946952737
ENSG00000134375	0.0856595466934218
ENSG00000234678	-0.145487241559229
ENSG00000143862	-0.257936120907605
ENSG00000077152	0.132171290129323
ENSG00000183155	0.0466268635087367
ENSG00000117153	0.00380316294448429
ENSG00000159346	-0.0493303190096515
ENSG00000163444	0.113931484337081
ENSG00000122180	0.0746794649247775
ENSG00000163485	-0.371737775229944
ENSG00000133055	-0.307800317771091
ENSG00000133048	-0.120695326087469
ENSG00000159388	0.179305770165615
ENSG00000188783	-0.24985152010967
ENSG00000143842	-0.133415023463069
ENSG00000143850	0.0439158845420795
ENSG00000133056	-0.324204778748237
ENSG00000170382	-0.224266198498948
ENSG00000163531	-0.246359112486032
ENSG00000184144	-0.644917118940161
ENSG00000117266	-0.947232108951247
ENSG00000158715	-0.657786685773403
ENSG00000276600	-0.21565081065162
ENSG00000266028	-0.0766584132695363
ENSG00000143479	0.420433960351595
ENSG00000162889	0.0311717603195588
ENSG00000136634	0.0131154387561792
ENSG00000180667	0.287501105575548
ENSG00000234219	-0.610640905363807
ENSG00000289071	0.171340680906965
ENSG00000174059	-0.38300187631539
ENSG00000284237	-0.0251745379901927
ENSG00000076356	0.104194534705275
ENSG00000008118	-0.272310403375916
ENSG00000196878	-0.0186859935207612
ENSG00000123689	0.111649018923356
ENSG00000162757	0.137727778110483
ENSG00000117597	0.00651549396404616
ENSG00000203706	-0.318401615624561
ENSG00000234233	-0.240232698316419
ENSG00000117625	-0.0202115449803072
ENSG00000233626	-0.176766239157436
ENSG00000143493	-0.0201563458043398
ENSG00000287445	-0.161852712063918
ENSG00000117691	-0.187234568061531
ENSG00000260805	-0.183751805500887
ENSG00000162772	0.198511495865559
ENSG00000123685	0.151334103851883
ENSG00000117697	-0.0453185145932758
ENSG00000203705	0.152292914587528
ENSG00000143499	0.169447375608672
ENSG00000136636	0.14009875110763
ENSG00000067533	0.0763872240976793
ENSG00000092969	0.013047917298347
ENSG00000143353	0.237941970982886
ENSG00000162813	0.0212867052211869
ENSG00000118873	0.163498716539231
ENSG00000117791	0.201791120875929
ENSG00000221571	0.500862893483942
ENSG00000143507	-0.139353875526909
ENSG00000162819	0.138168545706432
ENSG00000288824	1.00514724121508
ENSG00000287338	0.0409400095422792
ENSG00000187554	-0.0175371007333226
ENSG00000288999	-0.108132220362242
ENSG00000185495	0.034447205838761
ENSG00000236773	0.14128950708817
ENSG00000143786	0.013932458788915
ENSG00000143815	0.244487730109848
ENSG00000242861	-0.702090683530881
ENSG00000196187	-0.848764184588585
ENSG00000143751	0.283993893495676
ENSG00000225518	0.200647747772002
ENSG00000143772	0.132781885301157
ENSG00000143801	-0.0150756098599493
ENSG00000143740	-0.157725368371602
ENSG00000280157	0.45659257115248
ENSG00000198835	-0.85305616144292
ENSG00000203684	-0.800059308855073
ENSG00000154358	-0.0963790799019614
ENSG00000168159	-0.200604409111394
ENSG00000116574	-0.103520006244426
ENSG00000177788	-0.0631841391204944
ENSG00000237481	0.100818839054827
ENSG00000069248	0.0328012358684866
ENSG00000135801	-0.073615571377278
ENSG00000135763	-0.0552975249645943
ENSG00000228058	-0.123106166423646
ENSG00000143641	-0.0230012954113524
ENSG00000119280	-0.115344120594249
ENSG00000233461	0.0511206772502693
ENSG00000116918	0.195574605927688
ENSG00000116991	0.161841894875962
ENSG00000212916	0.274174331534709
ENSG00000135749	-0.0439571819076779
ENSG00000168275	0.266950726061914
ENSG00000059588	0.064261802060246
ENSG00000168264	0.235410279264441
ENSG00000152904	0.131687305405953
ENSG00000162885	0.0291416565211345
ENSG00000077522	-0.313722249724614
ENSG00000116984	0.0524507493995539
ENSG00000155816	0.122080586219869
ENSG00000286496	0.0694637504351014
ENSG00000091483	0.0846921505662601
ENSG00000117020	0.0915100824358792
ENSG00000162851	0.0968872107985381
ENSG00000162852	0.0975147284278322
ENSG00000260855	0.0316771655154645
ENSG00000153207	0.149333989143951
ENSG00000188295	0.142034353794731
ENSG00000221953	-0.0685373535840478
ENSG00000162711	0.154382925933715
ENSG00000162722	-0.0147909666949952
ENSG00000238243	0.241774951727316
ENSG00000203663	-0.0105198695501253
ENSG00000171163	-0.214934687603636
ENSG00000185220	-0.00215113647743031
ENSG00000035115	0.0799516375637362
ENSG00000143727	0.0462758495183439
ENSG00000151353	-0.0151520568092972
ENSG00000186487	0.0414539210072691
ENSG00000032389	0.00886664043149328
ENSG00000171865	0.0232746093864726
ENSG00000176887	0.252376069571192
ENSG00000232044	-0.0329519059496886
ENSG00000134326	0.171116255573322
ENSG00000134321	0.324154171796999
ENSG00000151692	-0.0474058122288775
ENSG00000143797	0.0803037837767451
ENSG00000119203	-0.0776195178845995
ENSG00000134330	0.165852249025812
ENSG00000269973	0.091790231511609
ENSG00000172059	-0.15350372093366
ENSG00000115756	0.385680285574986
ENSG00000257135	-0.0269075558924066
ENSG00000243819	0.0311786952721408
ENSG00000272275	0.0952909224605588
ENSG00000169016	0.00561338703020673
ENSG00000230044	0.47759267388657
ENSG00000071575	0.0179957182888337
ENSG00000079785	0.0590566343660801
ENSG00000178295	0.112212519570526
ENSG00000183891	0.281922586328571
ENSG00000055917	0.0617217098746505
ENSG00000143878	-0.0999254889378339
ENSG00000228950	0.0573806229738816
ENSG00000119782	-0.469824718013737
ENSG00000176732	-0.123863484021388
ENSG00000242628	-0.0168337437415577
ENSG00000084676	0.0138983091130167
ENSG00000138031	-0.093939196851461
ENSG00000138101	-0.067959606329777
ENSG00000143970	0.0732609701344411
ENSG00000217643	0.0664072482347653
ENSG00000084731	-0.246095657266712
ENSG00000138018	0.0136822830913273
ENSG00000171303	0.111525812382052
ENSG00000157851	-0.729889492314085
ENSG00000084774	-0.175383822537352
ENSG00000115204	-0.0648123631674973
ENSG00000115207	-0.115972408355769
ENSG00000115211	-0.181142062757127
ENSG00000115234	-0.124919613788076
ENSG00000115241	-0.0858062402758641
ENSG00000115216	0.109139206193059
ENSG00000235267	0.0920721614369278
ENSG00000198522	0.254216296575711
ENSG00000163798	0.06814053644145
ENSG00000223522	-0.169009566228041
ENSG00000075426	0.218877569110397
ENSG00000270640	-0.541987445477979
ENSG00000119801	0.187972461893165
ENSG00000276334	0.0648329292333207
ENSG00000276517	-0.134809077631906
ENSG00000152689	-0.24594595232509
ENSG00000150938	0.172849387578887
ENSG00000115808	-0.155940488386441
ENSG00000008869	0.0193044670715547
ENSG00000163171	0.25965165714448
ENSG00000138061	0.00369661511271491
ENSG00000119787	0.190127185445737
ENSG00000271443	-0.0809306770108553
ENSG00000143889	0.231607103813172
ENSG00000152147	-0.0155167531036315
ENSG00000163214	0.0705738444739473
ENSG00000269210	-0.19595222297561
ENSG00000115904	0.044966787345454
ENSG00000273035	0.0733874740838946
ENSG00000231312	0.0433984330864343
ENSG00000138050	-0.00827063207481851
ENSG00000183023	0.060316594431274
ENSG00000115944	0.00525115063938876
ENSG00000162881	-0.357138201113129
ENSG00000288886	-0.00966541632339051
ENSG00000286796	0.212907354473083
ENSG00000287387	-0.117096715630795
ENSG00000279873	-0.0803886482048511
ENSG00000138095	-0.0375334331553609
ENSG00000171132	0.0207617725610744
ENSG00000279254	0.316981989410653
ENSG00000180398	0.256959390116681
ENSG00000095002	0.0577255589849135
ENSG00000170802	-0.0301098022126422
ENSG00000179915	0.0801373479544834
ENSG00000068878	-0.0320642039268757
ENSG00000237887	0.547545032447267
ENSG00000162997	0.163922414142173
ENSG00000115355	0.027707338882997
ENSG00000163001	0.140206616480381
ENSG00000212175	-0.0443023337698355
ENSG00000237522	0.073699522951672
ENSG00000173209	-0.381515356187688
ENSG00000270820	0.00941823240794153
ENSG00000082898	0.29661802533295
ENSG00000229831	-0.110725337972834
ENSG00000286360	-0.0744562924552898
ENSG00000115504	0.0242384153536997
ENSG00000014641	0.229114193861881
ENSG00000169764	0.159699016384366
ENSG00000225889	-0.0596410054917001
ENSG00000260101	0.237225663792986
ENSG00000119844	0.10076321662918
ENSG00000011523	0.129348717621778
ENSG00000138069	0.22546752371547
ENSG00000138071	0.276668561351913
ENSG00000143995	-0.203327488862035
ENSG00000115946	-0.286078624964638
ENSG00000221823	0.184368882008846
ENSG00000273064	0.0388495278917806
ENSG00000119865	0.172111724800274
ENSG00000115956	0.111893103223228
ENSG00000289250	-0.400153447700141
ENSG00000288869	-0.0348742082595381
ENSG00000059728	0.204137161752056
ENSG00000115998	-0.00876015770761035
ENSG00000116005	0.217824906622373
ENSG00000035141	0.0719265472276972
ENSG00000075340	0.0140509943924646
ENSG00000144043	-0.124674676126225
ENSG00000124374	0.01824258031421
ENSG00000289463	0.139444105042889
ENSG00000135636	-0.235865091774324
ENSG00000116096	-0.190353043561104
ENSG00000135631	-0.165461233541512
ENSG00000230002	-0.167372438220187
ENSG00000114956	-0.0256630357987871
ENSG00000187605	0.078110113084274
ENSG00000225439	0.188164478088083
ENSG00000065911	0.196932330128457
ENSG00000114993	-0.453769561443973
ENSG00000239779	-0.0303909590137072
ENSG00000115275	-0.166084967903641
ENSG00000135637	-0.112076929162013
ENSG00000115282	-0.203099795809051
ENSG00000272183	-0.137545814949867
ENSG00000257702	-0.33209555076784
ENSG00000115289	-0.0994251156072528
ENSG00000115297	-0.0224356091681411
ENSG00000115307	-0.0798154027516128
ENSG00000135622	-0.0581049663785842
ENSG00000204792	0.0496734162613663
ENSG00000005436	0.00654611838912286
ENSG00000066032	0.0370433645680152
ENSG00000224731	0.256971031972043
ENSG00000176407	0.0496976146321938
ENSG00000246575	0.00326174362913865
ENSG00000115459	-0.186085913092745
ENSG00000152292	-0.0741793601648389
ENSG00000229648	-0.0804042399630786
ENSG00000286532	0.0232378169045108
ENSG00000118640	-0.168176447259339
ENSG00000168887	-0.0989639593280733
ENSG00000168874	-0.118541634299824
ENSG00000115525	-0.157647640945845
ENSG00000232504	-0.179753773227126
ENSG00000272564	-0.438492444192416
ENSG00000068654	-0.082533478096112
ENSG00000132305	0.0390301202141213
ENSG00000068615	0.0855296219925565
ENSG00000115548	0.0724171463540599
ENSG00000115561	-0.079864947219853
ENSG00000239305	0.0938129232686715
ENSG00000153563	-0.048582058298127
ENSG00000234028	0.0568730297301118
ENSG00000211592	-1.7778858890475
ENSG00000241351	-0.653023460129651
ENSG00000240382	-0.730469929189016
ENSG00000239951	-1.43377248507913
ENSG00000243238	-0.302501891188516
ENSG00000261600	0.384957515023681
ENSG00000233850	0.00675942294805134
ENSG00000172005	-0.201074263780714
ENSG00000231062	-0.122795616788704
ENSG00000115041	-0.00956775818592289
ENSG00000272913	0.110745900430176
ENSG00000232931	-0.0758549550986033
ENSG00000231584	-0.304465323101048
ENSG00000158050	0.693755004547316
ENSG00000204685	-0.0754951039268241
ENSG00000144028	-0.0320864801959179
ENSG00000196843	-0.0538471821181073
ENSG00000114988	-0.0870400179376273
ENSG00000158158	-0.042938068936452
ENSG00000273265	0.0294150617050724
ENSG00000168763	-0.152298199084736
ENSG00000168758	-0.324057638828491
ENSG00000168754	-0.11741359324832
ENSG00000286654	0.026985989925077
ENSG00000040933	0.112827378236957
ENSG00000071073	0.141104235327455
ENSG00000226791	-0.0214145074715308
ENSG00000196872	-0.057257923035053
ENSG00000185414	0.193789500732744
ENSG00000273306	0.0849107266313825
ENSG00000230393	-0.0395858860477712
ENSG00000163162	0.259594712832252
ENSG00000175874	0.424113499419914
ENSG00000071054	-0.185928053071207
ENSG00000115594	0.152391097431268
ENSG00000205716	-0.353966444588819
ENSG00000115602	-0.072359953290888
ENSG00000115604	-0.0974481931035345
ENSG00000235597	-0.0951721402540279
ENSG00000228528	-0.0976153610315203
ENSG00000233639	-0.0132377082078779
ENSG00000198914	-0.0355506873655329
ENSG00000289498	-0.252406798193626
ENSG00000226508	0.070027246166319
ENSG00000272861	-0.207720248316892
ENSG00000135966	-0.0981306781348144
ENSG00000144057	0.196077158439236
ENSG00000135968	0.185100546905597
ENSG00000169756	0.180455015640316
ENSG00000259863	0.161053071157275
ENSG00000186522	-0.0552375029729068
ENSG00000153214	0.0349910845591439
ENSG00000278962	0.130877830254335
ENSG00000114999	-0.30770977695585
ENSG00000243389	-0.3681379306685
ENSG00000237753	-0.0522397054229425
ENSG00000144136	0.180698097393417
ENSG00000125538	0.778764798280694
ENSG00000184492	-0.0627578171373273
ENSG00000244063	0.0752128442494868
ENSG00000115091	0.178567088685768
ENSG00000279227	0.0572068881332436
ENSG00000171227	-0.332428333276114
ENSG00000144120	-0.129712111072831
ENSG00000088179	0.0931835944986905
ENSG00000236859	-0.027895605254223
ENSG00000155438	0.200305791475884
ENSG00000211460	0.191435139591149
ENSG00000260634	0.156980543252327
ENSG00000286971	0.119332659031034
ENSG00000136717	-0.249725785103164
ENSG00000287742	0.160843289245399
ENSG00000144230	-0.258545681288762
ENSG00000238180	-0.244293959208664
ENSG00000225449	-0.13273773253036
ENSG00000136710	0.0210840053274109
ENSG00000072135	0.058268648630823
ENSG00000173302	-0.0127953670875492
ENSG00000232503	-0.00193808767765194
ENSG00000115762	-0.00915649388348405
ENSG00000115839	-0.0420667249545841
ENSG00000048991	0.0729236848604668
ENSG00000076003	0.199111903295349
ENSG00000121966	-0.40139488848539
ENSG00000150540	0.156477731555494
ENSG00000169554	-0.0895064038001617
ENSG00000238057	-0.33571257869601
ENSG00000115947	0.0944042091916704
ENSG00000187123	0.0591675033487457
ENSG00000184898	0.229496946443006
ENSG00000123609	0.0915610927073917
ENSG00000288066	0.0341834577276291
ENSG00000157827	-0.14398686220851
ENSG00000213197	-0.0231548465320056
ENSG00000286207	0.0266428942905866
ENSG00000196504	0.0844616444947977
ENSG00000230251	0.000515699204811234
ENSG00000162989	0.144593948123798
ENSG00000153234	0.206453764802851
ENSG00000136541	-0.14207601464829
ENSG00000144283	-0.228685748462563
ENSG00000115183	0.038965622195912
ENSG00000196151	0.0512184402536339
ENSG00000224152	0.0609449646496436
ENSG00000136536	0.320779423487216
ENSG00000287091	-0.266935738102054
ENSG00000115233	0.0219887283431169
ENSG00000144290	0.0860447520034462
ENSG00000115267	0.224030232853372
ENSG00000224331	-0.923634959683043
ENSG00000138399	-0.0122489946099499
ENSG00000154479	0.0619886388381789
ENSG00000213160	0.241961335444259
ENSG00000115806	-0.0977247400294072
ENSG00000071967	0.403822377842343
ENSG00000115840	0.101462281815575
ENSG00000091409	0.176806392214884
ENSG00000232788	0.0632723835788679
ENSG00000152256	0.132537518382877
ENSG00000138430	0.0209989581283244
ENSG00000115935	-0.209210819005476
ENSG00000128656	0.00887885580073309
ENSG00000154518	0.0639432822030419
ENSG00000144320	0.183640422251712
ENSG00000224189	-0.550421338458445
ENSG00000226363	-0.607222867645923
ENSG00000225808	-0.0659306353649027
ENSG00000280374	-0.124911203003038
ENSG00000155636	0.00405197917182866
ENSG00000223960	0.0774204026148537
ENSG00000187231	-0.0199191730985614
ENSG00000163510	0.084053754506426
ENSG00000170035	0.0477326523641055
ENSG00000115232	-0.0949930055947082
ENSG00000260742	0.0596197977075648
ENSG00000077232	0.166616563548527
ENSG00000162998	-0.233171724605871
ENSG00000061676	0.173965929621938
ENSG00000162999	0.0294253333003246
ENSG00000283839	0.0807361339653528
ENSG00000065548	0.0706627447319297
ENSG00000144369	0.476448307256915
ENSG00000064989	0.118494792333165
ENSG00000288866	-0.0345898009956249
ENSG00000138449	0.16180365475614
ENSG00000138381	0.163032046570925
ENSG00000064933	0.0999685475326548
ENSG00000151689	-0.195317942992915
ENSG00000272979	-0.459219816220762
ENSG00000189362	-0.082736949939586
ENSG00000115419	0.372218452822679
ENSG00000115415	0.239124279310873
ENSG00000168497	0.0917090528246244
ENSG00000196950	0.0944846586912911
ENSG00000203435	-0.0260141332508619
ENSG00000187944	0.217353742472747
ENSG00000115520	0.208605899154982
ENSG00000144381	0.496912732593083
ENSG00000115540	0.22289291815655
ENSG00000162944	0.0394622023428979
ENSG00000247626	-0.0336074487177621
ENSG00000162972	0.0631128210668736
ENSG00000287299	0.0359797782127022
ENSG00000237166	-0.0739216007640097
ENSG00000082153	0.304063944541031
ENSG00000013441	-0.00330003550074215
ENSG00000082146	-0.00729359004458269
ENSG00000231903	-0.0902390236324981
ENSG00000116030	0.127007614934032
ENSG00000055044	0.22230215297663
ENSG00000204217	0.183429027323751
ENSG00000163596	0.136273910352937
ENSG00000138442	0.0438337151508473
ENSG00000119004	-0.031907829496737
ENSG00000138443	0.170528819529159
ENSG00000023228	0.177000953414675
ENSG00000114948	0.1500448512695
ENSG00000235118	0.0335145703953943
ENSG00000118246	0.186701336767839
ENSG00000260171	-0.267282734350004
ENSG00000225916	-0.0316253158081843
ENSG00000144401	0.0549768975742302
ENSG00000163249	0.100142709247
ENSG00000138413	0.169897362214071
ENSG00000078018	0.257775460490565
ENSG00000144406	0.145589536357836
ENSG00000144445	0.0115328435548665
ENSG00000079246	0.092427462469921
ENSG00000260804	0.301070755487019
ENSG00000144583	-0.055807357682558
ENSG00000241520	0.130620707358802
ENSG00000163464	0.057728776425987
ENSG00000163466	0.00410298959800099
ENSG00000261338	-0.190279566507684
ENSG00000127837	-0.0549854356284247
ENSG00000127838	-0.0469880463334703
ENSG00000135926	0.0416893824818376
ENSG00000018280	0.0057066751592357
ENSG00000144580	-0.102936582550068
ENSG00000115556	0.0224278462379963
ENSG00000074582	-0.176029503032222
ENSG00000163481	0.0455627894715906
ENSG00000135912	-0.25733070292034
ENSG00000135929	-0.224775300240557
ENSG00000115596	-0.297590921560868
ENSG00000235024	0.229815193493738
ENSG00000171450	-0.0503977169075634
ENSG00000115649	-0.117407023052402
ENSG00000144567	-0.00498350572058718
ENSG00000158552	-0.0921764476736572
ENSG00000287529	-0.195892742043251
ENSG00000163516	-0.259298600623519
ENSG00000127824	0.119259528242277
ENSG00000135924	-0.162810077799549
ENSG00000072182	0.0542751686633416
ENSG00000116106	0.0260416771092478
ENSG00000288658	0.430190322669729
ENSG00000116120	-0.00610087614679533
ENSG00000036257	0.0633016755279158
ENSG00000273301	0.682255503463113
ENSG00000284629	0.641829521544705
ENSG00000173744	0.105955390808559
ENSG00000135917	-0.0820755910863718
ENSG00000163053	0.148091979412751
ENSG00000135899	0.024574851243965
ENSG00000067066	-0.00796882831404533
ENSG00000135932	0.0492555358881731
ENSG00000232520	0.123886240451238
ENSG00000173692	-0.0159636588075382
ENSG00000156966	-0.342530207796563
ENSG00000283312	0.0301840971486653
ENSG00000181798	0.0215243762553922
ENSG00000187514	-0.106583887478939
ENSG00000277986	-0.557219076206784
ENSG00000237641	-0.00167726134818831
ENSG00000251485	-0.494680005499082
ENSG00000135930	0.0263632204651582
ENSG00000115468	-0.256083062950372
ENSG00000066248	0.104012740224554
ENSG00000077044	-0.0978536384309261
ENSG00000132321	0.0316884767929646
ENSG00000198612	0.224940205528524
ENSG00000124831	0.188382173729807
ENSG00000132330	-0.165186046129511
ENSG00000132323	-0.169291800865674
ENSG00000132326	0.357658241696417
ENSG00000287405	0.142057246489902
ENSG00000178586	-0.392918291861751
ENSG00000188542	0.0556663884209971
ENSG00000260942	0.297249531930532
ENSG00000130294	-0.0540198234995591
ENSG00000162804	0.148076348919756
ENSG00000289253	0.250417668648104
ENSG00000006607	0.0045604668305328
ENSG00000289555	-0.303816610608882
ENSG00000176720	-0.510624687759492
ENSG00000273113	-0.0581679666558427
ENSG00000235351	-0.686894347568017
ENSG00000113851	0.229028897021805
ENSG00000175928	0.130728428975393
ENSG00000170364	-0.0477922836298222
ENSG00000231249	0.192673872028242
ENSG00000150995	-0.0892358267347089
ENSG00000134108	0.191872332693046
ENSG00000134109	0.0511218766240844
ENSG00000071282	-0.0153481413565022
ENSG00000163719	-0.0701347766289978
ENSG00000144550	0.280773585797732
ENSG00000156983	-0.0983971298726411
ENSG00000156990	-0.243215706311204
ENSG00000163701	0.110643490521821
ENSG00000163703	0.0378363831446463
ENSG00000232901	0.333191955746067
ENSG00000206567	-0.0837320286114846
ENSG00000254999	0.0198299846242212
ENSG00000134070	0.0569948873718047
ENSG00000157020	-0.0921379015428197
ENSG00000272483	-0.3188095404685
ENSG00000144559	0.0138138753902554
ENSG00000157152	0.127681280775807
ENSG00000144712	-0.00621050286663092
ENSG00000132182	-0.0339608648413626
ENSG00000163517	-0.377839984813878
ENSG00000233121	-0.0754534146852952
ENSG00000287059	-0.0398488099730855
ENSG00000170876	0.191378522193572
ENSG00000131389	-0.183970933025442
ENSG00000177463	-0.00355830441343155
ENSG00000228874	-0.104388512277039
ENSG00000131375	0.113203952307062
ENSG00000224660	-0.100385105379544
ENSG00000131370	-0.105044756621934
ENSG00000206562	-0.0721833029998091
ENSG00000144597	0.183578614528267
ENSG00000131373	0.0289883045684706
ENSG00000169814	-0.0235752485112235
ENSG00000206560	0.043992081343356
ENSG00000131378	-0.0856716300244456
ENSG00000131374	-0.0479995347475489
ENSG00000182568	0.305767415612967
ENSG00000183960	-0.195398181826273
ENSG00000289138	0.547070077415114
ENSG00000182247	0.00551323617001105
ENSG00000197885	0.0772116186757488
ENSG00000174748	0.256628315206121
ENSG00000174738	0.0670175450283157
ENSG00000163513	-0.130632839176309
ENSG00000152642	0.0146042098101088
ENSG00000144635	0.0980625850172436
ENSG00000170266	-0.0216473997217486
ENSG00000153560	0.0449548652470105
ENSG00000271643	0.460872870543169
ENSG00000093167	-0.131235789041877
ENSG00000271993	-0.185229771055258
ENSG00000271653	0.0447147160482681
ENSG00000270194	0.369462948477121
ENSG00000144677	0.0648880903668169
ENSG00000172936	-0.085403450547307
ENSG00000114739	0.0671157698149921
ENSG00000157036	-0.160165517817866
ENSG00000114742	0.0994016018572633
ENSG00000144655	0.210083166674732
ENSG00000168334	0.313373837531682
ENSG00000144659	0.00235716319682048
ENSG00000202363	-0.270775962409637
ENSG00000168314	-0.134223096335558
ENSG00000289279	-0.0992965589738672
ENSG00000168032	-0.0927477832978459
ENSG00000188846	0.120324455974097
ENSG00000182606	-0.0287913249831257
ENSG00000187094	-0.116448520142126
ENSG00000114857	0.023153551648222
ENSG00000230084	0.0204275019124247
ENSG00000114853	-0.14680005175938
ENSG00000230970	0.0069433438138505
ENSG00000173811	0.0458984757769191
ENSG00000181061	0.393481811482329
ENSG00000240747	0.311935691041073
ENSG00000182983	0.0147451650312632
ENSG00000144649	0.248919156027357
ENSG00000234617	-0.122065327375898
ENSG00000272121	-0.239161444768047
ENSG00000179152	0.0866454888129932
ENSG00000185219	-0.0349749479530063
ENSG00000144792	0.0130395877394514
ENSG00000186448	0.0366718599053268
ENSG00000272077	-0.0769776947644014
ENSG00000169964	-0.105703164318239
ENSG00000163823	0.471375493963607
ENSG00000121797	-0.0131028429154327
ENSG00000241186	-0.0409110101544718
ENSG00000114648	-0.0191229256375483
ENSG00000163832	-0.107685878239634
ENSG00000173473	-0.0827099808301805
ENSG00000132153	-0.215076712119918
ENSG00000164047	-0.00664232389343328
ENSG00000164050	-0.291935785890156
ENSG00000164054	-0.0549323586914146
ENSG00000114268	-0.017509179025418
ENSG00000145040	0.0899810448439811
ENSG00000224424	-0.0950588029656712
ENSG00000221883	0.168088602330094
ENSG00000178035	0.0749201750628442
ENSG00000198218	-0.0340977872083896
ENSG00000172053	-0.255822998340754
ENSG00000172046	-0.206790681987988
ENSG00000225399	-0.0862436839835014
ENSG00000114316	0.0249532995170134
ENSG00000233276	0.159309586432638
ENSG00000145022	-0.0745206028826028
ENSG00000145020	0.0343189329719913
ENSG00000145029	-0.263974677557977
ENSG00000226913	0.0889656481459449
ENSG00000164061	-0.17199415982034
ENSG00000173531	-0.270485035365311
ENSG00000164068	-0.184523876332617
ENSG00000164077	-0.224491949753091
ENSG00000001617	0.0351627185201119
ENSG00000114353	-0.015424535447404
ENSG00000230454	-0.126027059183496
ENSG00000012171	-0.498655339512146
ENSG00000179564	-0.218275911833499
ENSG00000214706	-0.269389953730364
ENSG00000186792	-0.0719685137060375
ENSG00000243477	-0.0400666917670023
ENSG00000114378	-0.207339026786121
ENSG00000114383	-0.0207221489360289
ENSG00000068028	-0.160834271039807
ENSG00000114395	-0.272703629031286
ENSG00000007402	0.0453091438022648
ENSG00000271858	-0.00385059463460078
ENSG00000114735	-0.132158932265637
ENSG00000114737	0.165474136932925
ENSG00000289504	0.259019781697983
ENSG00000273356	-0.123405284083553
ENSG00000164080	-0.100080515770731
ENSG00000287707	0.18509774491786
ENSG00000114767	-0.157585275550881
ENSG00000180929	-0.56217048973084
ENSG00000090097	-0.382777894566289
ENSG00000114779	-0.158749463116813
ENSG00000162244	0.0842829742863197
ENSG00000023330	-0.0418981690893964
ENSG00000239732	-0.130777763997284
ENSG00000164088	0.0366468487198056
ENSG00000164091	0.204432222937316
ENSG00000168237	-0.0925823238545808
ENSG00000239557	-0.434393591943749
ENSG00000010318	-0.0606549986034402
ENSG00000010327	-0.604301237424611
ENSG00000163938	0.211244402182997
ENSG00000114902	0.195808246669499
ENSG00000275956	-0.136860004333107
ENSG00000055955	-0.340613588456612
ENSG00000272573	-0.551290683073846
ENSG00000272886	0.125117022624337
ENSG00000286353	-0.233214780914954
ENSG00000244586	0.219684939481857
ENSG00000163947	0.00560089827775099
ENSG00000272202	0.0877708466136922
ENSG00000174840	0.220567412854686
ENSG00000163681	0.0508620949310019
ENSG00000163684	0.0918612414331606
ENSG00000168297	-0.198378399096887
ENSG00000272182	-0.279016007477402
ENSG00000287649	0.0536176827999247
ENSG00000163618	0.0953696735935555
ENSG00000163630	0.192744937622502
ENSG00000163634	-0.0154091744627594
ENSG00000243410	-0.508314296329916
ENSG00000163637	0.0139957381098364
ENSG00000163638	0.15368810799609
ENSG00000241158	0.155563834465066
ENSG00000163376	0.23770131854068
ENSG00000241506	-0.0321561270276826
ENSG00000114541	-0.10718004616195
ENSG00000270562	-0.180945686287366
ENSG00000170837	-0.049251323916532
ENSG00000272774	-0.24891458699605
ENSG00000178694	-0.013201017944136
ENSG00000269028	-0.161145515609876
ENSG00000113966	0.0527997102104674
ENSG00000080822	-0.151427926305916
ENSG00000286602	-0.0990416003000102
ENSG00000080819	-0.257275166535923
ENSG00000064225	0.0740657753007167
ENSG00000273374	0.10645355331702
ENSG00000114021	0.0296493841727514
ENSG00000154174	0.071611910554095
ENSG00000206535	0.0142501147601056
ENSG00000138468	0.0572807647860699
ENSG00000282978	-0.448441045102544
ENSG00000174173	0.351153317797359
ENSG00000244119	-0.229229568069039
ENSG00000182504	0.0111010186304002
ENSG00000144815	-0.159125049032597
ENSG00000144802	0.0819636995127325
ENSG00000288848	-0.0607673745567763
ENSG00000243701	-0.0792428450629108
ENSG00000241218	-0.488985356885388
ENSG00000272597	-0.419051177158153
ENSG00000091986	0.0764823605297569
ENSG00000163608	0.0069850054842144
ENSG00000072858	0.111836896840857
ENSG00000241529	0.0359557157612253
ENSG00000176542	0.0976633135440466
ENSG00000114573	0.400863958584225
ENSG00000178075	0.194054638289983
ENSG00000241889	-0.279810788552128
ENSG00000151576	-0.00878822563990144
ENSG00000288896	-0.174756605457621
ENSG00000172020	0.0103551633061023
ENSG00000185565	0.0763403823606567
ENSG00000121578	0.0302760037089257
ENSG00000176142	0.0167631014110662
ENSG00000272662	0.231694877793009
ENSG00000144843	-0.0880694908148651
ENSG00000144837	0.0713160895076268
ENSG00000286584	-0.213284171559738
ENSG00000082701	0.0762792628274284
ENSG00000163428	0.147754289051552
ENSG00000153767	-0.0505568695357903
ENSG00000180353	-0.11982283093299
ENSG00000288868	0.0550100418340662
ENSG00000173226	0.0900032332557469
ENSG00000114030	0.00986320515402603
ENSG00000138496	0.0670994504737811
ENSG00000163840	0.246026278000368
ENSG00000173193	0.274030322662187
ENSG00000121542	0.0394598930073462
ENSG00000175455	0.0303430364757382
ENSG00000160145	-0.0501398494105324
ENSG00000280042	0.140364227777018
ENSG00000229048	0.052977075102105
ENSG00000114520	0.0681009409367989
ENSG00000144909	0.22522028805072
ENSG00000284624	-0.0702792843749497
ENSG00000251448	-0.0712982516611219
ENSG00000163884	0.033237456543534
ENSG00000070476	-0.21876511480669
ENSG00000159685	-0.15787825505957
ENSG00000114626	-0.211225973046441
ENSG00000187715	0.0333801692773187
ENSG00000058262	0.0431132385022009
ENSG00000244300	-0.0193537516251047
ENSG00000277250	-0.454886665421268
ENSG00000261159	-0.293815723644519
ENSG00000288996	0.087686097665354
ENSG00000181789	-0.0252667481892653
ENSG00000183624	0.214884253728402
ENSG00000206417	-0.0088551245156147
ENSG00000251474	-0.240773859083196
ENSG00000163913	-0.0350546357841901
ENSG00000203644	0.537318027253748
ENSG00000271270	0.0674352077102418
ENSG00000196455	-0.0329547723336452
ENSG00000017260	-0.0137214814146322
ENSG00000034533	-0.0644567939285956
ENSG00000261167	-0.017981328656291
ENSG00000113971	0.062926144431559
ENSG00000272832	-0.189506891911792
ENSG00000163781	-0.0426911785373023
ENSG00000091513	-0.35430336072886
ENSG00000244062	-0.169527752330498
ENSG00000285908	-0.128038420929108
ENSG00000154917	0.08959387598517
ENSG00000260633	-0.057836248555605
ENSG00000114019	-0.427235101877116
ENSG00000073711	-0.00678364990712642
ENSG00000114054	-0.0240627866129645
ENSG00000261758	-0.0634254668460989
ENSG00000273486	-0.175240590573987
ENSG00000138231	-0.0306796723454104
ENSG00000114098	0.0808846434504175
ENSG00000158186	0.320202930167979
ENSG00000051382	0.0883747299650627
ENSG00000183770	-0.233880497009208
ENSG00000206262	0.017454918051779
ENSG00000178631	-0.0926053615033933
ENSG00000114115	0.0885692538500093
ENSG00000069849	0.222974106500117
ENSG00000114127	0.11365524777602
ENSG00000175054	0.0463681269156941
ENSG00000242479	-0.00603550536745455
ENSG00000279320	0.319320156016673
ENSG00000188313	0.241207584975005
ENSG00000071794	0.120182733191091
ENSG00000163762	-0.0330850046694757
ENSG00000169908	-0.0744232054098062
ENSG00000241313	0.115886493833979
ENSG00000070087	0.127911943219998
ENSG00000196428	0.137240821547102
ENSG00000181788	0.0830452754232776
ENSG00000174944	-0.0971215947993036
ENSG00000169860	0.718639426465088
ENSG00000181467	0.122875388371621
ENSG00000174953	0.190040469425673
ENSG00000169282	-0.0636113641064845
ENSG00000163659	0.314780636292193
ENSG00000163660	0.00656037873248958
ENSG00000272247	-0.568341507897077
ENSG00000213186	-0.27173840659409
ENSG00000186432	0.158880560108264
ENSG00000229320	0.233166915692319
ENSG00000260572	0.255425705167378
ENSG00000169255	0.461868921879563
ENSG00000114200	0.141796891586455
ENSG00000184378	0.337974177542459
ENSG00000269889	0.133071479608173
ENSG00000013297	-0.516299442075232
ENSG00000013293	0.1307819584915
ENSG00000213174	0.192756060501514
ENSG00000121853	-0.0552871172831193
ENSG00000121858	-0.124173991641695
ENSG00000144959	0.247549040496721
ENSG00000114346	0.12000447587722
ENSG00000121879	0.101700817407024
ENSG00000240429	0.179140109925939
ENSG00000260743	0.105206978145809
ENSG00000272699	0.0662786717403945
ENSG00000114757	-0.00735759639746406
ENSG00000114416	0.0270884260512222
ENSG00000242808	-0.159069756366794
ENSG00000206932	0.172944759620177
ENSG00000181449	0.431800206382928
ENSG00000243368	0.223212025424072
ENSG00000053524	0.081651840478118
ENSG00000240024	0.311080385598451
ENSG00000114796	0.038842376670907
ENSG00000163872	-0.072234079797378
ENSG00000233885	-0.534281399280671
ENSG00000180834	-0.684382642812938
ENSG00000175193	-0.0152239470162434
ENSG00000161202	-0.0509287648400324
ENSG00000161203	0.0672805395277202
ENSG00000161204	0.028035721479874
ENSG00000175166	-0.0583029945698112
ENSG00000114859	-0.0924258872111152
ENSG00000163882	0.0981106995541578
ENSG00000273403	0.569023093024899
ENSG00000272922	0.221435742913588
ENSG00000136527	0.257341277239578
ENSG00000244405	-0.0700148755001793
ENSG00000090520	0.0408521359263135
ENSG00000156976	0.413111426706549
ENSG00000073849	0.125738600324657
ENSG00000163923	0.0282009421166721
ENSG00000283175	0.312312484885386
ENSG00000136514	-0.0435199686813244
ENSG00000113916	0.187160900870733
ENSG00000225473	0.114338326861862
ENSG00000198836	0.143782797847094
ENSG00000114315	-0.271745901103905
ENSG00000133657	0.360888988512275
ENSG00000231770	0.00501378660862104
ENSG00000288979	-0.0843023064885848
ENSG00000114331	0.174428454321189
ENSG00000184203	0.37695402780633
ENSG00000189058	-0.144341786715632
ENSG00000271662	0.140689572549226
ENSG00000229178	0.238255696457323
ENSG00000283426	-0.088843248106698
ENSG00000061938	-0.209389837535927
ENSG00000072274	0.474467987602916
ENSG00000161217	0.0938663473853197
ENSG00000273013	-0.0533463177455517
ENSG00000232065	0.133627424377496
ENSG00000163964	0.138446453590211
ENSG00000174007	-0.0349339660134241
ENSG00000114503	0.352217135585174
ENSG00000270170	-0.161065800678307
ENSG00000286017	-0.0895861397135095
ENSG00000228109	-0.126314001673815
ENSG00000249626	0.242816979409639
ENSG00000273375	-0.082734488594713
ENSG00000186001	-0.0724810547922123
ENSG00000286755	-0.236327570520868
ENSG00000251689	0.13446174667242
ENSG00000286705	-0.0269963923092991
ENSG00000131127	0.102006773209518
ENSG00000273238	-0.116420657316305
ENSG00000133256	-0.455766336680521
ENSG00000272927	-0.20703714221803
ENSG00000215375	-0.126955003153427
ENSG00000249592	-0.0427290846028927
ENSG00000163950	0.321393399212091
ENSG00000123933	-0.0183664308602369
ENSG00000159733	-0.0249296476507742
ENSG00000063978	0.0242867224641585
ENSG00000125386	-0.0766502305594796
ENSG00000168884	-0.24607201602878
ENSG00000087274	-0.0815844943649777
ENSG00000087269	-0.0876788344653578
ENSG00000188981	-0.0117051682439248
ENSG00000159788	-0.028192845101584
ENSG00000109758	-0.179809057702985
ENSG00000286900	0.10017109878301
ENSG00000250986	-0.309751151546809
ENSG00000184160	-0.754797781231615
ENSG00000251669	-0.0208104268219297
ENSG00000132406	0.214194605998092
ENSG00000168826	0.00792772188816535
ENSG00000168818	-0.0554408328034473
ENSG00000163132	-0.156267445408344
ENSG00000249896	-0.0350066081381758
ENSG00000074211	-0.151907628941387
ENSG00000170846	-0.0448419424291791
ENSG00000163993	0.105736156477607
ENSG00000170871	0.0324623059967344
ENSG00000109519	0.0509483876498607
ENSG00000163995	-0.0222299199762108
ENSG00000273267	-0.610807415322626
ENSG00000251615	-0.182903671948494
ENSG00000087008	-0.0405790174327348
ENSG00000071127	0.057924283028061
ENSG00000002587	0.0394002559942363
ENSG00000249148	0.0726658735441175
ENSG00000004468	0.290387091833467
ENSG00000151552	-0.341236658261422
ENSG00000002549	0.11467293305338
ENSG00000163257	0.221946019545426
ENSG00000163138	0.128193596144559
ENSG00000261121	-0.442566216506965
ENSG00000109610	-0.19169762496717
ENSG00000181982	-0.00888360055393948
ENSG00000153012	0.225218849017958
ENSG00000109618	0.0346530475605169
ENSG00000168228	-0.0532409329628759
ENSG00000168214	-0.0915254138992903
ENSG00000169851	0.060628360444882
ENSG00000181826	0.0885801652866936
ENSG00000169299	0.257613720187588
ENSG00000065882	0.00340364988783454
ENSG00000174123	0.0470225962784867
ENSG00000174125	0.195879512446883
ENSG00000174130	0.0557796093719933
ENSG00000109790	0.232742146838129
ENSG00000224097	-0.0655883591164552
ENSG00000287262	-0.0547930736301296
ENSG00000255458	-0.065853372280189
ENSG00000078140	0.183453581127506
ENSG00000163697	-0.0984700747491191
ENSG00000014824	0.0781996698048006
ENSG00000178343	-0.0536160792686001
ENSG00000248283	-0.473055957912961
ENSG00000163285	0.476913557724393
ENSG00000151834	0.0993938679018658
ENSG00000260918	0.649354370477621
ENSG00000169019	0.239165425299172
ENSG00000145246	0.0414491077998397
ENSG00000145247	-0.255884709576156
ENSG00000109189	0.0950357225077686
ENSG00000226950	0.116948501504206
ENSG00000226887	-0.0870461204424693
ENSG00000229585	-0.244221863268144
ENSG00000134853	0.172055841666447
ENSG00000157404	0.00347329100959387
ENSG00000128039	-0.105757175622196
ENSG00000134851	-0.26425442617931
ENSG00000272969	0.264575976057589
ENSG00000269921	0.274746502603357
ENSG00000128059	0.255953577087127
ENSG00000047315	0.0105326245395132
ENSG00000163453	-0.087361065185211
ENSG00000145242	-0.062166471917239
ENSG00000162840	0.773296676123096
ENSG00000132467	0.240555278738561
ENSG00000272986	0.596254414899016
ENSG00000173542	0.0845215684222511
ENSG00000163626	0.082692312905318
ENSG00000169429	0.339518866962384
ENSG00000163739	0.0537342128548205
ENSG00000163737	0.0552828809285984
ENSG00000163734	-0.064595341517666
ENSG00000081041	0.11033910001274
ENSG00000174796	0.0582086998040362
ENSG00000138769	0.0459131748720089
ENSG00000138757	0.165725001573248
ENSG00000198301	0.0344660204360015
ENSG00000138755	0.127083905145635
ENSG00000169245	0.464324484712387
ENSG00000169248	0.448447195522352
ENSG00000138760	-0.00858821466153895
ENSG00000289586	-0.0024247002156949
ENSG00000289379	0.4113901448
ENSG00000169288	0.0350878234152302
ENSG00000138772	0.096253688035246
ENSG00000163291	0.418095008898556
ENSG00000138668	0.114444741645352
ENSG00000272677	-0.00276303038913546
ENSG00000145293	0.113911756496549
ENSG00000145284	0.256649785148568
ENSG00000270480	-0.106759783928676
ENSG00000251022	0.211170952313581
ENSG00000138663	0.110840450087546
ENSG00000173085	-0.0296596619087596
ENSG00000173083	0.0563419035660331
ENSG00000163623	-0.0368004616781206
ENSG00000163625	-0.0167422443291628
ENSG00000109339	0.0226564047073162
ENSG00000145332	0.0478517887134582
ENSG00000170502	-0.0249536823793069
ENSG00000118762	-0.0640564460200478
ENSG00000118777	-0.145729501188663
ENSG00000163644	0.395178853313758
ENSG00000138642	0.211279820202267
ENSG00000138646	0.154226224625662
ENSG00000138641	0.0995314269205377
ENSG00000207524	-0.123911740935817
ENSG00000177432	0.61631742809858
ENSG00000180346	0.190762086538233
ENSG00000145335	-0.0608446233487296
ENSG00000271474	-0.304088665688981
ENSG00000289532	0.452758266408551
ENSG00000168785	-0.115005548476902
ENSG00000260641	-0.132011894429709
ENSG00000151247	0.129836347542854
ENSG00000164024	-0.0355773036894235
ENSG00000196616	-0.338228262642252
ENSG00000109270	0.365665169223386
ENSG00000164032	0.178471740112689
ENSG00000145358	0.886021098454098
ENSG00000138814	0.260344222576402
ENSG00000138821	0.0563714811259047
ENSG00000109320	-0.00664287803121179
ENSG00000109323	-0.0387763250760331
ENSG00000246560	-0.0146307964207447
ENSG00000164038	0.0704445882568675
ENSG00000168772	0.175720168137994
ENSG00000251259	0.182722334101891
ENSG00000138801	0.00888264712756867
ENSG00000245293	-0.148884064004542
ENSG00000138795	-0.01970655824774
ENSG00000249965	-0.0369239581485398
ENSG00000138794	0.0627419663148455
ENSG00000205403	-0.130196883565982
ENSG00000138660	0.181471633044194
ENSG00000145365	0.280285405527849
ENSG00000138658	-0.0172377304041432
ENSG00000145362	0.107251771714856
ENSG00000174607	-0.315870318816775
ENSG00000250215	-0.214462219661582
ENSG00000174599	-0.00416063019844829
ENSG00000286269	-0.356872123668815
ENSG00000260404	-0.0299150333408575
ENSG00000248213	-0.074826437240975
ENSG00000145390	0.296335453910793
ENSG00000283050	-0.103618915466232
ENSG00000123737	0.06147993423871
ENSG00000145386	-0.0543407154157537
ENSG00000224786	0.0582800940061101
ENSG00000181004	0.0882476753926681
ENSG00000273007	-0.0740531525962593
ENSG00000164070	0.409705315030019
ENSG00000282855	0.903329503360997
ENSG00000142731	0.0771931171194573
ENSG00000164074	-0.015749268508871
ENSG00000138709	0.0848642039764995
ENSG00000250241	-0.0614092905545109
ENSG00000254535	-0.0144371847391872
ENSG00000151012	0.342730804468404
ENSG00000151014	0.135855769320245
ENSG00000179967	-0.577862252758272
ENSG00000137463	-0.049946767965099
ENSG00000085871	-0.0481229208706573
ENSG00000109436	0.199120680581392
ENSG00000109458	-0.12822967202882
ENSG00000249741	0.385082385543768
ENSG00000164161	-0.283843292154607
ENSG00000289314	0.271467362744806
ENSG00000164163	0.184576064544955
ENSG00000251333	0.0250843100716468
ENSG00000170365	0.222041151277691
ENSG00000164167	0.1238546602387
ENSG00000279845	0.325831199766157
ENSG00000151623	-0.00230972627025744
ENSG00000170390	0.079244620767265
ENSG00000109686	-0.0922121388227704
ENSG00000270681	0.295619045991279
ENSG00000213406	8.33559212839065e-05
ENSG00000137462	0.204215602910124
ENSG00000145428	0.06740250916304
ENSG00000164114	0.244861266854042
ENSG00000164116	0.145686777452103
ENSG00000061918	0.313047398744594
ENSG00000164125	0.22371720405995
ENSG00000164124	0.0690522329187041
ENSG00000205208	0.0915683194830203
ENSG00000171497	-0.00473365370069218
ENSG00000052795	0.0608174513527734
ENSG00000109756	0.00726941794712209
ENSG00000145414	0.0582226717320462
ENSG00000198498	0.145777672365656
ENSG00000273449	0.0519365488546475
ENSG00000250486	0.422361912564269
ENSG00000052802	0.643209952792104
ENSG00000251596	-0.0339612775716681
ENSG00000137628	0.137383941558269
ENSG00000289249	0.0741884691902971
ENSG00000164104	0.722673637600462
ENSG00000288728	-0.0453987111979804
ENSG00000286039	0.0879474657185035
ENSG00000164117	0.116830671618009
ENSG00000164118	0.107554628693947
ENSG00000289149	-0.202960081383428
ENSG00000129187	0.133439959873698
ENSG00000272744	0.470397850577784
ENSG00000168538	0.139489589896428
ENSG00000250726	-0.0558597693086285
ENSG00000270426	0.294651396061804
ENSG00000271646	-0.0842843115032177
ENSG00000286292	-0.174217751879932
ENSG00000164305	0.199403190045532
ENSG00000151729	0.0565573714501757
ENSG00000186352	0.208517808103052
ENSG00000154556	0.0243852069643572
ENSG00000180015	-0.18327879108383
ENSG00000278974	0.586167180671323
ENSG00000109536	0.0124864923771181
ENSG00000164366	-0.152394052763355
ENSG00000073578	-0.137493842195665
ENSG00000221990	-0.094294502285927
ENSG00000180104	-0.189718868139847
ENSG00000188242	-0.530925343636213
ENSG00000171368	-0.374788712784876
ENSG00000289088	-0.225927865805766
ENSG00000028310	-0.0295975039405788
ENSG00000286388	-0.497216345780083
ENSG00000279908	-0.0481305789192823
ENSG00000289075	0.324338098038584
ENSG00000164151	0.155949425614044
ENSG00000261037	0.0456115126615089
ENSG00000215218	-0.0230062349687852
ENSG00000250056	0.127285787098946
ENSG00000037474	0.092084339132376
ENSG00000250668	-0.287212176888545
ENSG00000124279	0.212769685150562
ENSG00000250786	-0.264505051786254
ENSG00000150756	0.162727527263897
ENSG00000164237	0.276512915044466
ENSG00000154122	-0.0352649913093412
ENSG00000286970	-0.36632083850296
ENSG00000176788	0.121383289811746
ENSG00000113360	-0.017882349159145
ENSG00000082213	0.319541314744857
ENSG00000133401	0.10311527473681
ENSG00000272086	0.0615610604204897
ENSG00000113387	0.248488027337931
ENSG00000215156	-0.0198083187728418
ENSG00000039560	-0.0614364795657384
ENSG00000250140	-0.145735544009046
ENSG00000113460	0.11289431790691
ENSG00000164187	0.335323637564861
ENSG00000285967	0.264860573784448
ENSG00000197603	0.0494418627928419
ENSG00000270558	0.292719644946265
ENSG00000113569	0.0559148565280365
ENSG00000145623	-0.0272634055153589
ENSG00000289196	-0.260387703931612
ENSG00000082074	0.00316022334973826
ENSG00000113638	0.101792903895588
ENSG00000171522	-0.0617356500252134
ENSG00000132357	-0.0128724524603493
ENSG00000182836	0.0917196448549938
ENSG00000083720	0.136684274183813
ENSG00000248668	0.189298219973775
ENSG00000287263	0.0012289257220604
ENSG00000289206	0.269267688728352
ENSG00000286656	-0.00322273261273525
ENSG00000177721	-0.153228067309805
ENSG00000177453	-0.0167314564346553
ENSG00000112972	0.509331638017396
ENSG00000249492	0.0747976394432155
ENSG00000248092	0.168980525848406
ENSG00000112992	0.142005048423322
ENSG00000164588	0.0185164637250748
ENSG00000164172	0.15461289432504
ENSG00000247796	0.0868049807510002
ENSG00000272416	-0.00126082839855614
ENSG00000067248	0.0258961839127998
ENSG00000227908	0.0270757773245517
ENSG00000095015	0.122289303631619
ENSG00000152932	0.125969139095906
ENSG00000152931	-0.0107625691243188
ENSG00000164181	0.0296105828312601
ENSG00000130449	0.00238627602248926
ENSG00000250461	0.0692772760110586
ENSG00000178722	0.0414210724430166
ENSG00000068796	-0.030183225471766
ENSG00000086189	0.000183021460640002
ENSG00000186479	0.0234346800285094
ENSG00000153006	0.221516332294147
ENSG00000113593	-0.0848398484852087
ENSG00000113597	0.143280471862385
ENSG00000123213	0.0564478031779594
ENSG00000269961	0.0839015327508255
ENSG00000112851	0.0624381194450674
ENSG00000285999	-0.0384727397284145
ENSG00000134057	0.0700622496899563
ENSG00000280187	0.110052706823573
ENSG00000153044	0.0607210067314353
ENSG00000134056	0.28399683743201
ENSG00000085231	0.25324164428707
ENSG00000273841	0.301142861910314
ENSG00000152942	-0.0250370621360088
ENSG00000172062	0.0939992555039657
ENSG00000131844	0.0575159807277932
ENSG00000285804	-0.0998152102397792
ENSG00000113048	-0.0430289529960237
ENSG00000049883	0.0368350715825698
ENSG00000244061	-0.05864365494517
ENSG00000157107	0.100636991220059
ENSG00000251493	-0.336555382333084
ENSG00000164338	0.122216068521188
ENSG00000171617	0.251106209969997
ENSG00000164347	0.106041260855764
ENSG00000271714	0.156864234552239
ENSG00000289639	0.36984628860667
ENSG00000113161	0.352267893985307
ENSG00000113163	0.0995466694583569
ENSG00000164252	0.0828576131722617
ENSG00000132846	-0.370791765048909
ENSG00000171530	0.0508854994593235
ENSG00000245556	0.102150221623636
ENSG00000085365	0.316426272090416
ENSG00000152409	0.0883894894849773
ENSG00000152413	0.103960859738036
ENSG00000164329	0.0784335999304374
ENSG00000251050	0.0594861604268503
ENSG00000164300	-0.0715166733509329
ENSG00000288741	-0.0121998962897356
ENSG00000039319	-0.0533910031611598
ENSG00000113319	-0.134633946808578
ENSG00000131732	0.211740872673575
ENSG00000038427	0.352810532660937
ENSG00000134480	0.135246249420331
ENSG00000289462	0.0555517090764377
ENSG00000247828	0.0753987869785739
ENSG00000245526	0.230596969708269
ENSG00000250377	-0.0192149716928992
ENSG00000113369	0.520065079120972
ENSG00000175745	0.313528720312067
ENSG00000251023	0.227933104967064
ENSG00000243806	-0.443126502123875
ENSG00000164291	0.129407375433237
ENSG00000173221	0.113193864743527
ENSG00000236882	0.2019787049328
ENSG00000118985	0.181452799467101
ENSG00000145721	0.643430973811208
ENSG00000248489	0.0200030966255531
ENSG00000270225	0.141614885494315
ENSG00000145730	0.145622173740941
ENSG00000283462	-0.146983814106381
ENSG00000145743	0.0762317871511349
ENSG00000176857	0.0381499290114304
ENSG00000198961	0.404990440864691
ENSG00000112893	-0.200611624082253
ENSG00000214784	-0.118098318444278
ENSG00000152495	-0.0888709209649214
ENSG00000278921	-0.55680274715397
ENSG00000153037	-0.0152566828774727
ENSG00000129625	0.344594402625951
ENSG00000047188	0.1184733977452
ENSG00000164219	0.13455310741757
ENSG00000145780	0.289309586667041
ENSG00000243414	0.0713426920397149
ENSG00000249249	0.160076381983344
ENSG00000129596	0.322040638427257
ENSG00000272265	-0.279040253822193
ENSG00000271918	0.276142423743168
ENSG00000092421	-0.216385776356553
ENSG00000133835	-0.161906704532908
ENSG00000168938	-0.0500901230861662
ENSG00000168916	-0.0525557659774109
ENSG00000155324	0.222868413014223
ENSG00000279118	0.251769282154105
ENSG00000164244	0.154249576786138
ENSG00000245937	-0.0416162553977511
ENSG00000248610	0.14412143842581
ENSG00000217128	0.00892943369550803
ENSG00000164398	0.456349253632044
ENSG00000131435	0.250488969982945
ENSG00000125347	0.157687167156957
ENSG00000205089	-0.262831027891929
ENSG00000164402	-0.283540183703106
ENSG00000164403	-0.510580733344699
ENSG00000286408	-0.064743562127971
ENSG00000170606	0.0202311253673195
ENSG00000213585	0.219280232358037
ENSG00000271737	-0.0209663730004572
ENSG00000043143	-0.23389965736408
ENSG00000113615	0.183708830534262
ENSG00000279799	-0.0586455806911639
ENSG00000113648	0.0720655439390659
ENSG00000270021	0.106438046795043
ENSG00000254239	0.013853595783673
ENSG00000113658	0.23969388207469
ENSG00000177733	0.20450555207768
ENSG00000120729	0.0305228085055408
ENSG00000031003	0.00970094531809987
ENSG00000094880	0.104382361561204
ENSG00000120733	-0.0371373708007742
ENSG00000120738	-0.144435093568726
ENSG00000120705	0.0784337357045896
ENSG00000289155	-0.224966909468687
ENSG00000113013	0.241604838492742
ENSG00000281398	-0.138860137369578
ENSG00000249751	-0.213569759051088
ENSG00000286403	0.138402076912601
ENSG00000272255	0.454528286883556
ENSG00000113068	-0.134998890203848
ENSG00000113070	-0.388025053639261
ENSG00000131503	0.0425182889663943
ENSG00000213523	-0.0845367562050488
ENSG00000113108	-0.125403511098466
ENSG00000176087	-0.0576992846877152
ENSG00000170458	0.0461166893845557
ENSG00000120314	-0.0325111028351528
ENSG00000146007	-0.0346376928387946
ENSG00000255408	0.023845532309201
ENSG00000249158	0.0103001103216637
ENSG00000243232	0.00430034280601095
ENSG00000112852	-0.128392991325326
ENSG00000113205	0.0510358113557382
ENSG00000081818	0.333732733575405
ENSG00000120322	0.0816547236574438
ENSG00000272674	0.107925818409378
ENSG00000120328	-0.032093904553579
ENSG00000113248	0.0488678993947295
ENSG00000288095	0.130189290647578
ENSG00000081853	0.176778990610091
ENSG00000254221	0.407295540017813
ENSG00000262576	0.135789092044072
ENSG00000276547	-0.0944113536714339
ENSG00000242419	0.206059389668898
ENSG00000240764	0.0696391049180325
ENSG00000131504	-0.0538969622854982
ENSG00000289478	0.159664832565457
ENSG00000113555	0.0135687541878532
ENSG00000113552	0.0593289092645654
ENSG00000131507	0.404207235007508
ENSG00000280047	0.134011934566624
ENSG00000187678	0.167074867368907
ENSG00000145819	0.00791611027811321
ENSG00000113649	0.142490650675069
ENSG00000173250	0.13234457997243
ENSG00000248568	-0.179060215651905
ENSG00000169302	0.190259815399264
ENSG00000164266	-0.136428567524534
ENSG00000251330	0.105082692493216
ENSG00000169252	0.104079676046846
ENSG00000169247	-0.325252738883344
ENSG00000272411	0.359227083287917
ENSG00000157510	-0.0349014243734951
ENSG00000164284	0.301881568714622
ENSG00000241112	-0.35894029490718
ENSG00000183111	-0.34486861745944
ENSG00000155846	0.0187139666052639
ENSG00000155850	0.218527348989728
ENSG00000164296	0.0713343785029761
ENSG00000113716	-0.203477870448866
ENSG00000286331	-0.0871948855355098
ENSG00000164587	0.00774861431305639
ENSG00000070614	-0.177887866459313
ENSG00000197083	-0.336356115328795
ENSG00000211445	-0.536284487345833
ENSG00000197043	0.000813952523420326
ENSG00000123643	-0.134365598316385
ENSG00000271795	-0.21206797726055
ENSG00000213433	-0.741205682910706
ENSG00000275765	-0.138140222155311
ENSG00000037749	0.0717498787327689
ENSG00000155506	-0.136133135505271
ENSG00000170271	-0.307806026588102
ENSG00000135077	0.0809324213021365
ENSG00000155868	0.0705668549976353
ENSG00000055163	-0.0411898192618435
ENSG00000172568	0.41593148290308
ENSG00000251405	-0.756412081025288
ENSG00000172548	-0.592471959896558
ENSG00000145860	0.202007963548927
ENSG00000164332	0.260072944593354
ENSG00000221886	0.161097697050143
ENSG00000118322	-0.139498030835877
ENSG00000113327	0.13504451963428
ENSG00000254187	0.0340015314844841
ENSG00000113643	0.0489529292202978
ENSG00000233913	-0.792487265202942
ENSG00000043462	0.0698092979060243
ENSG00000168246	0.0376896184637877
ENSG00000174705	-0.148209202764048
ENSG00000120129	-0.658082920887578
ENSG00000113719	-0.100319647544846
ENSG00000164463	0.127783740981454
ENSG00000113734	-0.13771941082926
ENSG00000213376	-0.211047139114409
ENSG00000120149	0.430705180118942
ENSG00000170085	0.0456500343882197
ENSG00000251667	-0.00769942621675765
ENSG00000122203	0.304966126774812
ENSG00000175414	0.0927095014090272
ENSG00000048162	-0.0788962281975776
ENSG00000113194	0.0593666996506555
ENSG00000146083	-0.0679202804303952
ENSG00000175766	0.149241632775434
ENSG00000048140	-0.00572087067383886
ENSG00000160883	0.0678616511502372
ENSG00000087206	-0.0457589582096862
ENSG00000160867	-0.0892290496686037
ENSG00000169228	-0.0562962441364164
ENSG00000279821	-0.131431267202369
ENSG00000289390	-0.202048409732731
ENSG00000197451	-0.00287913160722589
ENSG00000253869	-0.0814492401730586
ENSG00000272431	-0.114652656096669
ENSG00000176783	-0.0838906214818503
ENSG00000225051	0.0306665220129977
ENSG00000161021	-0.0675187388147494
ENSG00000161010	0.0594180558724065
ENSG00000249412	0.0642605760016198
ENSG00000050748	0.0121235388288129
ENSG00000248367	0.196638493840456
ENSG00000113300	0.0220736503543503
ENSG00000146063	-0.108516334055233
ENSG00000204628	-0.080320862036471
ENSG00000183718	0.168223273092328
ENSG00000248275	0.108605144393184
ENSG00000285578	0.4689228565921
ENSG00000112679	-0.028152152150796
ENSG00000164379	-0.361547872045746
ENSG00000137273	-0.224085380408147
ENSG00000280916	-0.090412555601307
ENSG00000054598	0.0453999227636854
ENSG00000280423	0.269502749865273
ENSG00000124535	-0.00549509589447781
ENSG00000021355	0.0233098051130343
ENSG00000137275	0.0272433397826693
ENSG00000230269	-0.0788475105737886
ENSG00000180822	0.000833782700939225
ENSG00000168994	0.137348456945513
ENSG00000270504	0.0579720851224777
ENSG00000219992	0.0817746558722399
ENSG00000145945	0.00216510323173045
ENSG00000279926	-0.130380696470743
ENSG00000288904	0.102467696054026
ENSG00000219607	0.149560679849777
ENSG00000214113	0.045317924522163
ENSG00000124784	0.0272497533679355
ENSG00000168566	0.203531501832817
ENSG00000111845	0.185553625881543
ENSG00000272097	0.122896254576206
ENSG00000224531	0.183135292933362
ENSG00000111859	0.0176230224854112
ENSG00000095951	0.101130831612474
ENSG00000078401	0.242680806871595
ENSG00000112137	-0.105769320537026
ENSG00000145979	0.023049852029417
ENSG00000145990	-0.145853820540786
ENSG00000124523	-0.0020872428499613
ENSG00000010017	0.0730860080724511
ENSG00000112149	0.32748776614497
ENSG00000007944	-0.137100568629253
ENSG00000217078	-0.622339300333534
ENSG00000124789	0.124192894820125
ENSG00000272269	0.124967327525533
ENSG00000137177	-0.0639831630250813
ENSG00000187566	-0.106286373374143
ENSG00000137364	0.195941914289318
ENSG00000165097	0.153398701388974
ENSG00000172201	0.736776734223139
ENSG00000112242	0.0661462573779318
ENSG00000124766	0.233988433952454
ENSG00000260455	-0.157280055129678
ENSG00000124532	0.0530968194211344
ENSG00000111802	0.23847336805136
ENSG00000272345	0.0775216100473653
ENSG00000112308	0.364427454626207
ENSG00000112312	0.477291490043789
ENSG00000111913	0.0386417544097172
ENSG00000187837	0.0722995464955411
ENSG00000180573	-0.269990859209667
ENSG00000197409	-0.265027765887002
ENSG00000026950	-0.110354754916892
ENSG00000124549	-0.031497462509897
ENSG00000111801	-0.046654526226668
ENSG00000146109	-0.0315564095205978
ENSG00000287966	-0.562741772183363
ENSG00000204789	0.298753725950996
ENSG00000124613	0.149100848177325
ENSG00000271755	-0.0556751545791561
ENSG00000096654	-0.00601689578328809
ENSG00000216915	0.00201024061121479
ENSG00000233822	-0.04036921278777
ENSG00000184357	0.120101444672993
ENSG00000196812	-0.127788848206177
ENSG00000219392	-0.354257789077358
ENSG00000198315	0.167307833360778
ENSG00000189134	-0.0807935272733655
ENSG00000197062	0.0972021554301361
ENSG00000137338	-0.162843901048122
ENSG00000189298	0.0226858532765502
ENSG00000158691	0.15812161640723
ENSG00000225173	0.139109297909465
ENSG00000224157	-0.0109759230735066
ENSG00000204713	-0.0178993847590893
ENSG00000227609	0.266902624792865
ENSG00000204655	-0.499720801783892
ENSG00000204644	-0.515697514506616
ENSG00000204642	-0.153928862676516
ENSG00000204632	-0.255532710999711
ENSG00000204623	-0.00221639723108184
ENSG00000066379	0.14563831492299
ENSG00000204619	-0.00562357153060192
ENSG00000234127	-0.184941307572829
ENSG00000280128	-0.167559831597745
ENSG00000204592	0.194348921359848
ENSG00000204590	0.0483196581295744
ENSG00000204574	-0.129152243946619
ENSG00000204560	-0.207337872382445
ENSG00000146112	0.123455105685536
ENSG00000137404	-0.0892709141518174
ENSG00000137337	-0.159562185661759
ENSG00000137312	-0.127142076215222
ENSG00000137331	0.093182316271872
ENSG00000204580	0.196961165264433
ENSG00000213780	0.0104827131040087
ENSG00000206344	0.385001044736307
ENSG00000277402	-0.418252954514133
ENSG00000272221	-0.013569588025777
ENSG00000204520	0.214632073514018
ENSG00000206337	0.0484131130911965
ENSG00000198563	-0.0200863435442147
ENSG00000213760	0.238998901643637
ENSG00000227507	0.074358580014594
ENSG00000204463	-0.0142661941771558
ENSG00000204444	0.200051224180523
ENSG00000204435	-0.0982189501566969
ENSG00000240053	-0.44745605638484
ENSG00000204428	-0.0390129445915273
ENSG00000204420	-0.0542603785582254
ENSG00000213719	0.0913798349570169
ENSG00000204396	0.15210560023671
ENSG00000204394	-0.213261130582165
ENSG00000204389	-0.236960548755356
ENSG00000289637	0.0923204009450289
ENSG00000204388	-0.105973441181074
ENSG00000204386	0.210932870187966
ENSG00000166278	0.0603840920817202
ENSG00000204366	-0.397156502057123
ENSG00000243649	-0.198851515618037
ENSG00000204348	0.0178497144682201
ENSG00000204344	-0.112577810939678
ENSG00000168477	-0.0927779092630997
ENSG00000213676	-0.0138097524830215
ENSG00000204315	-0.11827436972432
ENSG00000241106	-0.127240041617217
ENSG00000204267	0.182519071897659
ENSG00000204264	0.135544955777917
ENSG00000240065	-0.00275192815746966
ENSG00000168394	0.309141065253185
ENSG00000289559	0.209386601854012
ENSG00000289047	0.0659838025429002
ENSG00000204248	-0.113905135859865
ENSG00000223501	-0.243673516422636
ENSG00000235863	-0.268199548014284
ENSG00000227057	-0.102587049182438
ENSG00000237441	-0.0538881472549086
ENSG00000231925	-0.0199112481021896
ENSG00000204209	-0.0711107914900429
ENSG00000030110	-0.0887642358822184
ENSG00000096433	-0.091892343152494
ENSG00000161896	-0.316641933263501
ENSG00000287089	-0.217066085093805
ENSG00000186577	0.0441448906450088
ENSG00000196821	-0.190121996952369
ENSG00000272288	0.117887778662492
ENSG00000065060	0.0546531172432723
ENSG00000064995	-0.0244884205237241
ENSG00000064999	0.0226049340491215
ENSG00000272374	-0.126885969507931
ENSG00000007866	-0.147128446556413
ENSG00000096060	0.097478673538257
ENSG00000287458	0.0981326472173266
ENSG00000096063	0.0685712922150338
ENSG00000112062	0.0137537686346517
ENSG00000237719	0.252674325491221
ENSG00000156711	-0.0904751683806898
ENSG00000096070	-0.218661307810885
ENSG00000112079	-0.100946532421758
ENSG00000112081	0.229239960040567
ENSG00000124762	0.441999551961399
ENSG00000285244	-0.118382937848073
ENSG00000198663	-0.0548892447464605
ENSG00000137409	-0.153743131385615
ENSG00000146192	-0.0724811197784213
ENSG00000137193	0.323117117503155
ENSG00000112130	-0.0777975526518497
ENSG00000112167	0.0476544465719774
ENSG00000217165	0.0932466764626524
ENSG00000146122	-0.198710288737947
ENSG00000281969	0.0860998508922983
ENSG00000204092	-0.204164281635069
ENSG00000161911	0.0829901856733269
ENSG00000137166	-0.191651618161165
ENSG00000112561	-0.468191203628909
ENSG00000278224	-0.19648728630278
ENSG00000214736	0.0164458493945327
ENSG00000112578	0.0103424162246828
ENSG00000048544	0.195692768276835
ENSG00000024048	0.0396594177907171
ENSG00000146223	0.0650893483600728
ENSG00000221821	-0.196981961521052
ENSG00000137161	-0.0987010716928048
ENSG00000124587	-0.0514556884482906
ENSG00000112640	-0.125315242567548
ENSG00000124541	-0.138164530605608
ENSG00000044090	-0.176672519007704
ENSG00000137171	-0.16350809351886
ENSG00000272170	0.109482695398212
ENSG00000112659	-0.150832085370143
ENSG00000146215	0.00218574961670369
ENSG00000220614	0.213271379025768
ENSG00000137221	-0.616159338612713
ENSG00000171453	0.0635748543442791
ENSG00000271754	-0.00628445490650344
ENSG00000124571	-0.0319204298480228
ENSG00000170734	0.0231237582876779
ENSG00000172432	-0.116083188725544
ENSG00000124688	-0.0254544540643245
ENSG00000181577	0.269247403713512
ENSG00000287562	-0.222437999908341
ENSG00000096384	0.291304597980717
ENSG00000157593	-0.0795311491150164
ENSG00000146232	0.169707727356139
ENSG00000178233	-0.207978525649299
ENSG00000124608	-0.0313156129066863
ENSG00000096401	0.0911684328384974
ENSG00000271857	-0.0156340578309503
ENSG00000112796	0.300499221776993
ENSG00000153291	0.160015488565929
ENSG00000146072	-0.0942589354779557
ENSG00000096092	0.488373340147998
ENSG00000112144	0.00537995700743875
ENSG00000112146	0.0258685628891131
ENSG00000012660	0.191110607122457
ENSG00000249379	-0.10489174047689
ENSG00000146151	0.063271959888106
ENSG00000151917	0.0881679624717634
ENSG00000112208	0.125374265086396
ENSG00000112210	0.0767229485760395
ENSG00000272316	-0.00700927798692836
ENSG00000239650	0.00422565292379881
ENSG00000219881	0.355533903642975
ENSG00000112280	-0.120951900579731
ENSG00000119900	0.607780955153079
ENSG00000185760	-0.0586536904643302
ENSG00000135314	-0.00652375376364262
ENSG00000229852	0.0806148810219487
ENSG00000119899	0.0642199851385618
ENSG00000112701	0.045587612725456
ENSG00000196586	-0.00820832391815631
ENSG00000135312	0.182556762157249
ENSG00000272137	0.106170416051882
ENSG00000198478	0.0760313263637151
ENSG00000083123	0.142353337931337
ENSG00000005700	0.0523759866036337
ENSG00000065609	0.374881408354423
ENSG00000203877	0.665995141675398
ENSG00000272008	0.098343766518386
ENSG00000216990	-0.00937397423247696
ENSG00000146282	0.0303813058674255
ENSG00000135336	0.0350285467801442
ENSG00000135334	0.0263373417081214
ENSG00000118432	-0.0404369822768194
ENSG00000279565	0.012103565836738
ENSG00000271931	0.285003574119349
ENSG00000146278	0.0916417328690261
ENSG00000146281	0.419660686837351
ENSG00000112159	-0.0651569234486894
ENSG00000118412	0.121008645012999
ENSG00000172461	0.28692228441697
ENSG00000112218	0.0465695011654767
ENSG00000186231	-0.0368442733600293
ENSG00000184486	0.297979089951363
ENSG00000232699	-0.0168841556817809
ENSG00000112237	0.23095926805247
ENSG00000085377	0.0334612342637354
ENSG00000130347	-0.010483067488348
ENSG00000130349	-0.0506677913256434
ENSG00000272476	-0.107443174862792
ENSG00000118689	0.109220684855337
ENSG00000080546	0.0771840451098117
ENSG00000135596	-0.245023651507935
ENSG00000112365	0.0289291428780873
ENSG00000112367	-0.00580235796157744
ENSG00000168438	-0.0381550113738601
ENSG00000155111	-0.136977082263619
ENSG00000213149	-0.139177686472776
ENSG00000197498	0.103444121390318
ENSG00000271789	-0.123687569165558
ENSG00000231889	0.0538879921812781
ENSG00000255389	0.307283892357557
ENSG00000289256	0.238422886456768
ENSG00000111817	-0.00257128845452813
ENSG00000153975	0.123162519074033
ENSG00000047932	0.241542060983493
ENSG00000230202	-1.10411467286471
ENSG00000025156	0.131216569352641
ENSG00000146352	0.154122836568185
ENSG00000111907	0.152354096485071
ENSG00000135547	-0.164092693936533
ENSG00000111911	0.1203945381153
ENSG00000289190	-0.023406109674051
ENSG00000118507	0.124101861335113
ENSG00000079950	0.123644277426482
ENSG00000112303	0.0463730017697839
ENSG00000146409	0.505503137903349
ENSG00000200534	-0.307816725003145
ENSG00000028839	0.14195434023722
ENSG00000146411	0.0562422830540896
ENSG00000118515	-0.23523948020314
ENSG00000283409	-1.34963323534822
ENSG00000135525	-0.0978381298163504
ENSG00000216613	0.144582972177846
ENSG00000197442	0.126996682319036
ENSG00000027697	0.19957194569154
ENSG00000118503	0.0356345790420851
ENSG00000135597	0.175004969541433
ENSG00000146386	0.0852623107316429
ENSG00000009844	0.0691728873059568
ENSG00000010818	0.100299973011387
ENSG00000146416	-0.0173502348097694
ENSG00000217648	-0.294901011180486
ENSG00000135521	-0.0703980346579114
ENSG00000118495	0.0648171453943636
ENSG00000135604	0.128094628613424
ENSG00000270638	-0.0406468617692532
ENSG00000288551	0.266411400744909
ENSG00000118496	0.318891533339697
ENSG00000235652	0.134581087260946
ENSG00000118508	0.00776086999224929
ENSG00000202343	0.722384213182352
ENSG00000131023	0.197695305301829
ENSG00000120253	-0.0624214078465745
ENSG00000120265	0.0904702447237974
ENSG00000219433	0.00292863699882547
ENSG00000131015	0.47563036508994
ENSG00000213089	-0.418826602626774
ENSG00000131016	0.352615719603691
ENSG00000155906	0.0463860249248628
ENSG00000146476	0.283475373461745
ENSG00000120279	-0.0661866261563979
ENSG00000213079	0.0287508632800907
ENSG00000271265	0.466014211310827
ENSG00000271551	0.492701675102886
ENSG00000215712	0.0847177311361344
ENSG00000213078	0.0681993813445678
ENSG00000286482	-0.0297979430427975
ENSG00000175048	-0.188077537996806
ENSG00000130340	-0.0576795276916962
ENSG00000078269	-0.21986123045559
ENSG00000288845	0.277219677989518
ENSG00000233682	-0.722959832586607
ENSG00000164694	-0.301454382793188
ENSG00000235086	0.0343784632816276
ENSG00000237927	-0.0740269497659112
ENSG00000112096	0.517105741874501
ENSG00000146457	0.163943315548304
ENSG00000285427	0.0548110593640108
ENSG00000120437	0.0887051673861677
ENSG00000207392	-0.258343826761235
ENSG00000272841	0.811698502613391
ENSG00000026652	-0.296584857325156
ENSG00000225683	-0.28322576542381
ENSG00000281692	-0.131699273588409
ENSG00000285564	0.000759761678998185
ENSG00000270419	-0.0670967407418282
ENSG00000227455	0.109858714893062
ENSG00000176381	-0.454660217477131
ENSG00000280057	-0.404126402430202
ENSG00000026297	0.0863792349596108
ENSG00000130396	0.0346855003851005
ENSG00000186340	0.02132115154149
ENSG00000184786	0.0511448487127419
ENSG00000130023	-0.00144965943816205
ENSG00000266896	0.160625644332015
ENSG00000198719	-0.175390859204303
ENSG00000288829	0.220681015328005
ENSG00000008018	0.0196421873463407
ENSG00000112592	-0.0950593071076749
ENSG00000242474	-0.0852919489601027
ENSG00000240859	-0.0857727427742557
ENSG00000177706	-0.221402306650391
ENSG00000249852	0.158242662726267
ENSG00000287342	-0.182775963897819
ENSG00000286710	0.132880516129509
ENSG00000197461	-0.230243660348786
ENSG00000223855	-0.575149750276847
ENSG00000237181	0.16292158078374
ENSG00000273151	-0.519674453484562
ENSG00000164849	-0.0479343031209971
ENSG00000178381	0.200715441062267
ENSG00000164877	-0.0833819350214431
ENSG00000198517	-0.129620295616984
ENSG00000122687	-0.174684872751794
ENSG00000106263	-0.153768312708207
ENSG00000106012	-0.199995380099493
ENSG00000286874	-0.623831013332254
ENSG00000242802	-0.189213452377388
ENSG00000157927	-0.0159110535432685
ENSG00000146587	0.155946606917431
ENSG00000273313	-0.168878684573159
ENSG00000157954	-0.0778755991323248
ENSG00000272953	0.301388363198985
ENSG00000155034	-0.277097874826484
ENSG00000075624	-0.182658620038182
ENSG00000075618	-0.43835664318464
ENSG00000011275	-0.120566454386604
ENSG00000122512	0.136184296786459
ENSG00000106305	-0.0175973968921444
ENSG00000136238	0.0163483734811595
ENSG00000187953	-0.022561028570398
ENSG00000272732	0.0504852560641914
ENSG00000272894	-0.238053232190117
ENSG00000164654	0.087415852946785
ENSG00000233264	-0.0338493672038163
ENSG00000230435	-0.225342104465899
ENSG00000171243	-0.0331870539973585
ENSG00000106524	0.209672384702829
ENSG00000136261	0.0223465922927284
ENSG00000071189	0.122189300474479
ENSG00000279048	-0.0223075658072243
ENSG00000105849	0.284009882621342
ENSG00000105855	0.535621875086535
ENSG00000136237	-0.226288860362025
ENSG00000136244	0.15607485538365
ENSG00000122591	0.238169196012032
ENSG00000122550	0.274798946179555
ENSG00000226816	-0.0757525847625188
ENSG00000156928	-0.0117736580706329
ENSG00000232818	-0.162376546211527
ENSG00000164548	0.113085529357956
ENSG00000188732	0.0329276922773088
ENSG00000105926	0.140501661044735
ENSG00000270933	0.344213505679314
ENSG00000086300	0.444632891682279
ENSG00000280255	0.419320921731908
ENSG00000146592	-0.0685096377713475
ENSG00000272568	0.0545459303838603
ENSG00000106086	0.0113153106894248
ENSG00000286847	-0.00148260883749141
ENSG00000180354	0.120727912042215
ENSG00000235859	0.154163323092386
ENSG00000106100	0.0165018612751725
ENSG00000196295	0.121410705145467
ENSG00000244480	0.2117355928119
ENSG00000106105	0.050422869700301
ENSG00000105778	0.146536006200199
ENSG00000281332	-0.137146443784635
ENSG00000272905	-0.272661132421371
ENSG00000122643	0.207326148821977
ENSG00000236494	-0.323606487417632
ENSG00000122557	0.0623446841478015
ENSG00000227544	-0.30982896576705
ENSG00000122545	0.0144409390124603
ENSG00000011426	-0.313074747952834
ENSG00000272984	-0.517301453583798
ENSG00000086289	0.115736455370779
ENSG00000227191	-0.0228753683561395
ENSG00000249978	-0.114551588639693
ENSG00000078053	-0.0121970908302169
ENSG00000164556	0.0824209924963216
ENSG00000006715	-0.0201925841004305
ENSG00000241127	0.0689498864201458
ENSG00000006451	0.0944311138943149
ENSG00000188185	-0.0329451195792387
ENSG00000259826	-0.253545048653416
ENSG00000289269	-0.256869143552846
ENSG00000224116	0.0853130204848846
ENSG00000106591	0.135516014519223
ENSG00000062582	0.00187483484165566
ENSG00000272655	-0.154277068181638
ENSG00000235314	0.0527674174678459
ENSG00000136279	-0.176334714262766
ENSG00000122678	-0.184858307597622
ENSG00000106631	0.102725477879194
ENSG00000106633	0.094789649034112
ENSG00000106636	0.0156515235313502
ENSG00000136271	-0.0332512014608763
ENSG00000158604	0.109401174300667
ENSG00000272768	-0.0321520884355539
ENSG00000136286	-0.166419309141906
ENSG00000232956	0.0718360969470212
ENSG00000136274	-0.480850061476315
ENSG00000136270	-0.200612173511566
ENSG00000122679	-0.295234466121341
ENSG00000214765	-0.0665048888086172
ENSG00000272556	-0.0141070960684331
ENSG00000146678	0.0187136359350278
ENSG00000146674	-0.331139154263135
ENSG00000136273	-0.0121225371708294
ENSG00000279104	0.197629288885595
ENSG00000188730	0.0173195957457579
ENSG00000106078	-0.165345416156927
ENSG00000170419	0.0446250142582876
ENSG00000224223	0.0453682713012304
ENSG00000146648	0.178506102632557
ENSG00000239789	0.00224676493525974
ENSG00000146731	0.176464144372767
ENSG00000129103	-0.0982627310035016
ENSG00000234444	0.137038204586204
ENSG00000287985	-0.0190197574909084
ENSG00000232727	-0.195917174608774
ENSG00000287580	0.00926341073017491
ENSG00000152926	0.122120754120562
ENSG00000228409	-0.00600982643437137
ENSG00000126522	-0.082521982810999
ENSG00000241258	0.0601230614353844
ENSG00000169902	0.104773889838934
ENSG00000229180	-0.11514270177156
ENSG00000243335	0.0398760160761707
ENSG00000289015	0.00856860292948177
ENSG00000154710	-0.0101038955930738
ENSG00000272831	-0.325979086768827
ENSG00000273142	-0.384075778014602
ENSG00000106609	0.0495781519633381
ENSG00000106610	0.0330124365429191
ENSG00000183166	-0.0759391575711787
ENSG00000225648	0.260085686871857
ENSG00000285886	0.0136532051830183
ENSG00000233369	-0.121939407845293
ENSG00000130305	-0.20214327116707
ENSG00000188763	-0.0213615993567534
ENSG00000106635	-0.0879207013143018
ENSG00000106638	-0.106909676309763
ENSG00000176410	0.0181094763627555
ENSG00000071462	-0.0122500330286011
ENSG00000225969	0.0191966760381642
ENSG00000261467	-0.120825003562255
ENSG00000106682	-0.056461162647339
ENSG00000049541	0.0293666665100861
ENSG00000106665	-0.270709137944959
ENSG00000006704	0.0148388457191704
ENSG00000174428	-0.109034304432126
ENSG00000223705	-0.193505546222515
ENSG00000127946	-0.143351360770061
ENSG00000127948	-0.0476317641534621
ENSG00000127952	-0.0648658119089824
ENSG00000146701	-0.0612015987394251
ENSG00000106211	0.118308488095615
ENSG00000170027	0.394098187756478
ENSG00000127947	0.0626539324681994
ENSG00000135211	0.0157338820767618
ENSG00000006576	0.0545703662287803
ENSG00000234456	0.10549175313165
ENSG00000135185	-0.0676001728695077
ENSG00000006634	0.148366094053188
ENSG00000157214	0.235352366825953
ENSG00000105793	0.0589353401247255
ENSG00000157224	0.188542715504755
ENSG00000058091	0.0382532131366854
ENSG00000157240	0.157115021954022
ENSG00000001630	0.209794260230944
ENSG00000243107	-0.321018151159806
ENSG00000127993	0.0138228144061049
ENSG00000105810	-0.00959201963295685
ENSG00000205413	0.0670810767710396
ENSG00000004766	0.0289174828585095
ENSG00000105825	0.120282709567996
ENSG00000164692	-0.360915630018849
ENSG00000004799	0.0209888031611297
ENSG00000158560	0.00236538169160428
ENSG00000237818	-0.198377084702279
ENSG00000183444	-0.680194162562583
ENSG00000205356	-0.277237924360685
ENSG00000272950	0.330660373986825
ENSG00000166448	0.279388473141194
ENSG00000198742	-0.114545517580455
ENSG00000241685	-0.11492144091009
ENSG00000130429	-0.303539273253143
ENSG00000106244	-0.123160455663173
ENSG00000198556	0.143458436049625
ENSG00000160908	-0.0498042470717438
ENSG00000221909	0.325689704749902
ENSG00000244219	-0.0469016813433141
ENSG00000197037	-0.0504666826752895
ENSG00000273407	-0.196487975233991
ENSG00000176402	-0.0877844837903505
ENSG00000160862	-0.290392106652677
ENSG00000166508	-0.171434235005029
ENSG00000106290	-0.102387050963924
ENSG00000166997	-0.0547889483817868
ENSG00000197093	-0.112443236669918
ENSG00000078319	0.0136810263135538
ENSG00000185955	-0.416127119887853
ENSG00000166924	-0.078129024767958
ENSG00000106351	0.0382191254072218
ENSG00000205307	-0.591528606524685
ENSG00000106333	-0.483702114259264
ENSG00000106327	-0.0706999792345023
ENSG00000172354	-0.0280177533136969
ENSG00000146830	-0.239716803612741
ENSG00000196411	-0.246100579330653
ENSG00000146828	-0.445559295889958
ENSG00000087077	0.167302246693587
ENSG00000087087	-0.252846510439862
ENSG00000227053	0.0609561510259546
ENSG00000106366	-0.253561143433946
ENSG00000106367	-0.138051203654069
ENSG00000128564	0.00138922065024849
ENSG00000106397	-0.490481083609908
ENSG00000106404	-0.431692758257499
ENSG00000228049	-0.0649889010621135
ENSG00000161048	-0.0460130463495402
ENSG00000105821	0.0573582110306319
ENSG00000289613	0.355446391312066
ENSG00000161057	0.0349706451452817
ENSG00000189056	-0.0349794348498588
ENSG00000164815	0.0096679817920773
ENSG00000228393	-0.0131765807224099
ENSG00000239569	-0.0724483886038573
ENSG00000135250	0.0952998284283991
ENSG00000135249	0.0519711435702143
ENSG00000105835	0.418734302969249
ENSG00000253276	0.186726525968507
ENSG00000005249	0.263495810845613
ENSG00000105856	0.0721787773148476
ENSG00000172209	0.319164892812545
ENSG00000250474	-0.0701215506462446
ENSG00000241764	-0.0773586117766181
ENSG00000173114	0.339605765968298
ENSG00000146802	0.0936601455159314
ENSG00000164603	0.11969742542514
ENSG00000279288	-0.149268220450869
ENSG00000164604	0.142397962321907
ENSG00000214194	0.351976566968885
ENSG00000135269	0.107161744467866
ENSG00000198898	0.147921045459447
ENSG00000227199	0.10318072066802
ENSG00000077063	-0.0747451544820804
ENSG00000196937	0.365382743283014
ENSG00000008311	0.00188565945716651
ENSG00000106299	0.00772063795762686
ENSG00000234224	-0.273025720217047
ENSG00000279419	-0.510807376119826
ENSG00000128513	0.0381776822911927
ENSG00000048405	0.0394299492671821
ENSG00000197157	-0.0348994933296574
ENSG00000128594	0.0281999902604306
ENSG00000106344	-0.126077945607451
ENSG00000135245	0.699195132369232
ENSG00000273270	-0.136253043372916
ENSG00000243302	-0.16730898472486
ENSG00000230715	-0.199776275148802
ENSG00000229413	-0.273523535803688
ENSG00000243679	-0.355163006945478
ENSG00000281490	-0.0661879677603331
ENSG00000271553	-0.15161343448869
ENSG00000205085	-0.100233404674948
ENSG00000128595	0.00684878965136201
ENSG00000128591	-0.0522552991265311
ENSG00000272899	0.18746973306787
ENSG00000275106	0.459102283712524
ENSG00000064419	-0.0223685803781311
ENSG00000244556	0.147685306527444
ENSG00000128602	0.194086742767531
ENSG00000286722	-0.0355781202243449
ENSG00000128578	-0.152248099713529
ENSG00000240204	0.0398326440266637
ENSG00000091732	-0.0497106352250484
ENSG00000229196	0.266397028472559
ENSG00000146842	0.131981090780944
ENSG00000158516	-0.0847966022582123
ENSG00000158623	-0.00457384412619555
ENSG00000236753	0.0170030410736649
ENSG00000085662	-0.0794699277421687
ENSG00000172331	0.0247172246629722
ENSG00000122783	-0.031150634762205
ENSG00000223500	0.0838171455452761
ENSG00000272941	-0.66619641555617
ENSG00000105875	-0.174412248171999
ENSG00000155561	-0.0110742673878682
ENSG00000223718	0.0193992788715189
ENSG00000273219	0.136652192534217
ENSG00000105887	0.425474233138383
ENSG00000182158	-0.0762971413796504
ENSG00000122779	0.0331918821291195
ENSG00000146858	0.0642421289078896
ENSG00000229677	0.311346628927142
ENSG00000146963	-0.11314443819455
ENSG00000064393	-0.121580188029672
ENSG00000059378	-0.0861959637244617
ENSG00000260231	0.142122373867064
ENSG00000157800	0.0755250974410601
ENSG00000157764	0.0694766910700505
ENSG00000261115	-0.0375154037862633
ENSG00000244701	-0.123034550435014
ENSG00000257093	-0.0819039808819707
ENSG00000211707	0.323093448985929
ENSG00000211772	-0.403253122584801
ENSG00000106123	0.038365030932727
ENSG00000165125	-0.642942621256398
ENSG00000286569	-0.126580362361187
ENSG00000165131	-0.30276627525939
ENSG00000197993	-0.283462932785694
ENSG00000178826	-0.155317908859698
ENSG00000159784	-0.253209061853283
ENSG00000232533	0.247186430078772
ENSG00000159840	-0.115540461009875
ENSG00000223459	-0.0102021614607576
ENSG00000170379	0.168666222263165
ENSG00000198420	0.222648851631616
ENSG00000055130	-0.00431259197898903
ENSG00000201098	-0.00600933634049236
ENSG00000197362	0.00784928195742094
ENSG00000204947	-0.0104313160716339
ENSG00000170260	-0.0276861893017233
ENSG00000204946	-0.0723611790615045
ENSG00000244560	-0.081588025477987
ENSG00000181444	-0.288876371267254
ENSG00000273419	-0.136468012993324
ENSG00000188707	0.039685587149133
ENSG00000106538	0.312620855530211
ENSG00000214022	-0.0814988933076505
ENSG00000196456	-0.283493574661337
ENSG00000171115	-0.108007648147946
ENSG00000179144	0.0500319606148188
ENSG00000133574	-0.0144317310243699
ENSG00000133561	-0.146271655220782
ENSG00000106560	0.00432249290338534
ENSG00000213203	-0.214291883354817
ENSG00000164867	-0.166810398646626
ENSG00000244151	-0.547416547256548
ENSG00000285480	-0.187938794094317
ENSG00000033050	-0.0194141071843175
ENSG00000082014	0.0933084397905312
ENSG00000106615	0.256359155959249
ENSG00000106617	0.0769950873228174
ENSG00000178234	0.180219251861652
ENSG00000229591	0.12159105528534
ENSG00000261455	0.33589053341417
ENSG00000133627	-0.0905648072502446
ENSG00000273183	0.259480023056202
ENSG00000186480	0.35012631263582
ENSG00000164690	-0.0123542635820824
ENSG00000224903	0.0994505106209045
ENSG00000105983	0.0632072947205169
ENSG00000146909	-0.047123746491161
ENSG00000009335	0.0107441689770715
ENSG00000105993	0.136596337383485
ENSG00000155093	-0.0578659844708649
ENSG00000146918	-0.0517613759977827
ENSG00000172748	0.0643915211466039
ENSG00000272240	0.0657233103780788
ENSG00000282692	-0.227109744748443
ENSG00000182372	-0.293954236125274
ENSG00000253764	0.36098378898768
ENSG00000176595	0.280443968512855
ENSG00000246089	-0.0584095015387835
ENSG00000091879	0.148670069786167
ENSG00000164821	0.0650676230847338
ENSG00000239839	-0.0496517965040909
ENSG00000173295	0.143092152562117
ENSG00000147324	0.0433174910025189
ENSG00000272267	0.0508066461841533
ENSG00000261451	-0.253859782244872
ENSG00000253641	0.123270223936303
ENSG00000171056	0.0218207796233498
ENSG00000269918	-0.0267894854281564
ENSG00000104643	0.233379529201988
ENSG00000154328	-0.0229964322916354
ENSG00000079459	0.0210755431571819
ENSG00000164733	0.208562520549957
ENSG00000254948	-0.478691556174911
ENSG00000270074	0.335851127371325
ENSG00000254917	-0.0277206811639207
ENSG00000154359	0.304885898052669
ENSG00000164743	0.186355938600386
ENSG00000104723	0.0910334042806661
ENSG00000078579	0.0272195544530831
ENSG00000289225	-0.0670625580025617
ENSG00000198791	0.251102276868299
ENSG00000155975	0.0858047841486818
ENSG00000253671	0.0651338374078224
ENSG00000245281	-0.00186463286761554
ENSG00000156011	0.0418795541436551
ENSG00000244018	0.135013010619651
ENSG00000279858	0.333185878381029
ENSG00000104613	0.0221276599776395
ENSG00000130227	-0.0619970711211709
ENSG00000158863	-0.0865261813890765
ENSG00000275074	-0.65283033685344
ENSG00000168453	-0.63641368374019
ENSG00000168476	-0.38729168544787
ENSG00000168481	-0.688035601769558
ENSG00000168484	-0.470076992741008
ENSG00000168487	-0.266548813213558
ENSG00000104635	0.31230280764981
ENSG00000158941	-0.0477554204926281
ENSG00000253200	-0.0962549045348923
ENSG00000261026	0.0841045273735826
ENSG00000173530	0.050657082222684
ENSG00000147457	-0.0527863314510287
ENSG00000289584	0.164998904887544
ENSG00000104679	-0.285676399540272
ENSG00000197217	0.00712208815673836
ENSG00000147454	-0.0260303534774056
ENSG00000104722	0.632376134656687
ENSG00000277586	0.567001341874032
ENSG00000287185	-0.176283863348892
ENSG00000147459	-0.370603519975501
ENSG00000221914	-0.0424400223261531
ENSG00000228451	-0.103496467181753
ENSG00000240694	0.689265554609699
ENSG00000104228	-0.0479915780206712
ENSG00000120885	0.412748243532459
ENSG00000168081	-0.0184463095519097
ENSG00000186918	0.00907317811634243
ENSG00000246339	-0.30723087439969
ENSG00000147421	0.0186496156385214
ENSG00000197892	-0.22299099842521
ENSG00000271869	0.273015564619596
ENSG00000253708	-0.563216400184248
ENSG00000285669	-0.0759930251221382
ENSG00000272375	0.096155208807586
ENSG00000197265	0.00137229475820295
ENSG00000104687	0.0957940501744286
ENSG00000172733	0.140622599346885
ENSG00000129696	-0.0126144815145558
ENSG00000198042	0.0227549093036904
ENSG00000133874	0.0769609118805471
ENSG00000183154	0.0667923682004747
ENSG00000147471	0.172457545836927
ENSG00000104221	-0.117111191465162
ENSG00000187840	-0.0302636204750161
ENSG00000260949	0.171889652022175
ENSG00000129691	-0.0213239911907515
ENSG00000147465	-0.131900290780032
ENSG00000147535	0.189500006903074
ENSG00000239218	0.168683906773294
ENSG00000147526	0.0396403986687923
ENSG00000253829	0.299275009238016
ENSG00000169490	0.271198207702963
ENSG00000176907	0.278949408415058
ENSG00000147533	-0.063870286726622
ENSG00000158669	-0.103727679400475
ENSG00000271938	0.497387101322705
ENSG00000070718	0.0966169602931734
ENSG00000131931	0.216490217002125
ENSG00000120925	0.000836589299225822
ENSG00000168172	0.0344576839194911
ENSG00000165102	-0.147115388186605
ENSG00000253330	-0.0276654683262877
ENSG00000221869	0.225219297806251
ENSG00000104738	0.0683465419003317
ENSG00000271148	0.27894360639503
ENSG00000272076	0.335625381054399
ENSG00000168300	0.158938858004258
ENSG00000228801	-0.0270356331921815
ENSG00000147488	-0.0873215839574558
ENSG00000047249	0.0775739349588245
ENSG00000120992	0.295654069242815
ENSG00000170791	0.137457728206371
ENSG00000272343	0.824830017651309
ENSG00000215114	0.0706909457620472
ENSG00000035681	0.0647239100024729
ENSG00000171316	-0.0729073407213573
ENSG00000198363	0.305443328054718
ENSG00000137563	0.306155301245587
ENSG00000270673	-0.079726383786157
ENSG00000254102	-0.0462282429069717
ENSG00000254081	-0.384473999943039
ENSG00000179041	0.0343758079553485
ENSG00000169085	-0.275794154153998
ENSG00000288596	0.0985634343856295
ENSG00000254341	-0.512947686894599
ENSG00000287214	0.333572647573944
ENSG00000288966	0.0959653979066902
ENSG00000147601	0.182485179261748
ENSG00000121039	0.233351043558237
ENSG00000040341	0.0930561998749045
ENSG00000104343	0.14723249712335
ENSG00000175606	0.433091996711356
ENSG00000104381	0.186227435474797
ENSG00000137558	-0.0298203576148454
ENSG00000270866	0.223089230448909
ENSG00000091656	0.0794942894942869
ENSG00000171033	0.367553452738435
ENSG00000104427	0.297417187864202
ENSG00000104435	0.314655385377706
ENSG00000272518	0.387946359553353
ENSG00000205189	0.320749686334247
ENSG00000260317	0.404766092287869
ENSG00000188856	0.177851103854449
ENSG00000272425	0.4417956307496
ENSG00000254027	0.331762657018733
ENSG00000164687	0.380837081766154
ENSG00000133731	0.355367233626237
ENSG00000280193	0.119450631481025
ENSG00000104231	0.153988198523823
ENSG00000104497	0.136031001950501
ENSG00000133740	0.043052563280831
ENSG00000176731	0.0886312808655175
ENSG00000085719	0.280190777798777
ENSG00000104312	0.210816364635601
ENSG00000205133	0.0998835713808753
ENSG00000188343	0.218706751764612
ENSG00000183808	0.261273839387364
ENSG00000279331	0.573108713143168
ENSG00000164951	0.392112790258707
ENSG00000164941	0.0925078135518685
ENSG00000164938	0.00980861500274483
ENSG00000180543	0.295050884792108
ENSG00000288752	0.317284714443315
ENSG00000104356	-0.001377828016799
ENSG00000156486	0.154037216368927
ENSG00000034677	0.33330259695876
ENSG00000186106	0.182427257964765
ENSG00000260368	0.209381983042928
ENSG00000164924	0.219566078425025
ENSG00000048392	0.119750740660095
ENSG00000155097	0.241944797726099
ENSG00000236939	0.211008024824051
ENSG00000247081	0.0816035567140867
ENSG00000164932	-0.0333223670289976
ENSG00000164933	0.232454967190481
ENSG00000288945	-0.149792132073695
ENSG00000147650	0.095255238697628
ENSG00000289094	-0.0033960934179382
ENSG00000120526	0.0508505724282924
ENSG00000120533	0.0229977353419192
ENSG00000147642	0.292025458601189
ENSG00000147679	0.0531609693399838
ENSG00000177570	-0.0168578082121986
ENSG00000147676	0.166833645020184
ENSG00000136999	0.0257885913323405
ENSG00000136960	-0.261595068835622
ENSG00000254343	-0.242702771242249
ENSG00000178764	0.0246757559324427
ENSG00000136986	0.221473743312857
ENSG00000156787	0.0393688747616845
ENSG00000165156	0.269099862127494
ENSG00000156802	0.173596251836169
ENSG00000156795	-0.0215685360791102
ENSG00000156804	-0.137333537412791
ENSG00000170873	0.000949854429745368
ENSG00000136997	0.261836744964547
ENSG00000153310	0.0343448339014887
ENSG00000280543	-0.0530584078372817
ENSG00000286535	0.114244415345819
ENSG00000132294	0.288498412476145
ENSG00000184156	0.0420925882046001
ENSG00000155926	0.131865244984959
ENSG00000104419	-0.122656819876326
ENSG00000289050	-0.371156985033351
ENSG00000272456	0.150590064082287
ENSG00000279518	0.0565225099205994
ENSG00000259891	-0.124449755109795
ENSG00000104472	-0.175544346843331
ENSG00000169398	-0.122389723252786
ENSG00000105339	-0.0550142879124418
ENSG00000022567	-0.0729461552674985
ENSG00000184489	-0.113716367382087
ENSG00000271959	-0.295604502164966
ENSG00000261710	-0.650461399283889
ENSG00000261693	-0.214683375818545
ENSG00000198576	-0.193522862824664
ENSG00000261044	-0.370978159321423
ENSG00000234616	-0.0683407646985789
ENSG00000253741	0.0765567239242167
ENSG00000247317	-0.0929511466362342
ENSG00000277494	-0.618380520875275
ENSG00000253716	-0.0968338126261404
ENSG00000287576	-0.121699269129361
ENSG00000289161	-0.195781002463207
ENSG00000204839	-0.264090940599931
ENSG00000279605	-0.35789024765363
ENSG00000179950	-0.16466636063429
ENSG00000287222	-0.207924913918467
ENSG00000185189	-0.288722559050334
ENSG00000178814	-0.0857887977795901
ENSG00000179632	-0.119962434324234
ENSG00000227473	-0.240629256999443
ENSG00000160949	-0.0619246451654245
ENSG00000187954	-0.157132075452882
ENSG00000167700	-0.238875281345542
ENSG00000263612	-0.00801496643362016
ENSG00000196378	-0.00127994495867603
ENSG00000147789	0.0140784814308164
ENSG00000286681	-0.0464228583938002
ENSG00000196150	0.0832502918634125
ENSG00000196922	-0.0744529719775862
ENSG00000255559	-0.0698612553417723
ENSG00000170122	0.251606027390166
ENSG00000172785	-0.00452597861645986
ENSG00000107104	0.0301604083979729
ENSG00000286684	-0.292371676627215
ENSG00000173253	-0.326920881104725
ENSG00000147852	-0.260939866625975
ENSG00000286670	-0.164561819909501
ENSG00000106688	0.038430885874384
ENSG00000106993	0.138886019363901
ENSG00000120158	0.0541959078391054
ENSG00000096968	0.176853249812382
ENSG00000120217	0.350693080669554
ENSG00000107036	0.0152803859690937
ENSG00000147854	-0.0881434245296356
ENSG00000230581	-0.218748674272557
ENSG00000225706	-0.393052376503424
ENSG00000147862	0.08317836595895
ENSG00000225472	0.149682863864321
ENSG00000164975	0.282090246167397
ENSG00000107295	0.193015490909061
ENSG00000147872	-0.044670509993589
ENSG00000232176	-0.182201612214469
ENSG00000188352	-0.0403897498429968
ENSG00000227071	-0.00598525944393862
ENSG00000188921	0.0637598095358178
ENSG00000120235	-0.249915858515854
ENSG00000188379	-0.335454160677602
ENSG00000261696	-0.12503219940816
ENSG00000265194	0.0360831851533863
ENSG00000107105	0.160069333142789
ENSG00000198680	0.0369059702683894
ENSG00000120159	0.143956538294501
ENSG00000137055	0.112498680892749
ENSG00000120162	-0.151352930803606
ENSG00000287355	0.125793863220106
ENSG00000107201	0.0764037170301396
ENSG00000231193	0.00514192607852535
ENSG00000137074	-0.0327465337074515
ENSG00000086061	0.382156288578813
ENSG00000122692	0.0141019855614997
ENSG00000086102	-0.0170591603145949
ENSG00000165271	-0.0145139926565773
ENSG00000237984	0.212829443245272
ENSG00000107341	-0.0878906307130275
ENSG00000198876	0.110663806234986
ENSG00000233668	-0.259948578009992
ENSG00000230074	0.00263268990954734
ENSG00000172724	-0.881154944244735
ENSG00000122733	-0.0382502544307129
ENSG00000137094	0.307478419902633
ENSG00000273597	0.309326911890155
ENSG00000279489	0.0461096982571419
ENSG00000165280	0.0648138470958476
ENSG00000165283	-0.0272076976211574
ENSG00000005238	-0.0754436858422074
ENSG00000198722	-0.0287737851678512
ENSG00000198467	-0.652965200739902
ENSG00000070610	-0.107723524514646
ENSG00000227388	-0.0701417991057448
ENSG00000159899	-0.00401249609735066
ENSG00000196196	-0.537722676530695
ENSG00000235387	-0.00663496801303163
ENSG00000122694	-0.257839596557427
ENSG00000215283	-0.0200723329835218
ENSG00000137075	0.110938281922707
ENSG00000168795	0.00460389561270906
ENSG00000137054	0.147941088736877
ENSG00000234160	0.242555000803825
ENSG00000122741	0.0126486606898152
ENSG00000107338	-0.0707677461716907
ENSG00000273036	-1.07148274126164
ENSG00000280077	-0.0594215410186335
ENSG00000215126	0.060532143723557
ENSG00000238113	-0.0799146315872051
ENSG00000287168	-0.163530594295192
ENSG00000187866	-0.0311346225639667
ENSG00000107282	-0.0903970167357374
ENSG00000188647	0.140601367047892
ENSG00000198887	0.156683694162736
ENSG00000119138	0.108587169495468
ENSG00000135048	0.202178703803185
ENSG00000107362	-0.181880244402331
ENSG00000236060	-0.0551933800134776
ENSG00000107372	0.549654622178178
ENSG00000135045	0.120331154666349
ENSG00000156017	0.0869892712101425
ENSG00000135002	0.191083712283808
ENSG00000156052	0.101473706132359
ENSG00000135018	0.0723753330885393
ENSG00000165113	0.0364112151335376
ENSG00000235298	-0.235974101855778
ENSG00000135049	-0.129605785937116
ENSG00000165121	-0.0292521465425686
ENSG00000289214	0.0332548214385554
ENSG00000180447	-0.028038707679452
ENSG00000204446	-0.050216266437556
ENSG00000196730	0.172776442664608
ENSG00000156345	0.168502540793288
ENSG00000287769	0.0997860261960038
ENSG00000106723	0.205751115971884
ENSG00000275017	0.19113877629701
ENSG00000224945	0.00832069572186323
ENSG00000123975	0.368990931516902
ENSG00000187742	-0.0793902789598675
ENSG00000187764	-0.468961928943258
ENSG00000225460	-0.658262344161007
ENSG00000130222	0.605896044505693
ENSG00000289123	0.237701239485848
ENSG00000273381	-0.0547533585117845
ENSG00000148090	0.0255377417163849
ENSG00000165030	0.48771047295239
ENSG00000233081	0.121471299377819
ENSG00000196305	0.0041780583372772
ENSG00000106809	-0.0313959639986452
ENSG00000127080	0.01107405228758
ENSG00000165233	-0.096584929268507
ENSG00000165238	-0.0729322284943224
ENSG00000204352	0.0824629665609417
ENSG00000289031	-0.114752360756073
ENSG00000197724	-0.143649762683835
ENSG00000158079	-0.153932918882659
ENSG00000148110	0.0298598953172859
ENSG00000148120	-0.0663928911290203
ENSG00000224764	0.213981638345063
ENSG00000185920	0.0570797808365816
ENSG00000271659	-0.0632683030025693
ENSG00000130958	-0.25545589938596
ENSG00000165244	0.071396656628275
ENSG00000158122	0.089921090224846
ENSG00000233820	0.0662810528374665
ENSG00000081386	0.154466182515085
ENSG00000203279	0.306438460833177
ENSG00000136932	-0.000605909945983847
ENSG00000095380	0.0564072098158814
ENSG00000095383	-0.371986702017216
ENSG00000136928	0.128742787585889
ENSG00000119508	0.447047927950084
ENSG00000066697	-0.00678429784487874
ENSG00000170681	-0.197209036441867
ENSG00000148123	0.0237074146918146
ENSG00000136897	0.241180419055805
ENSG00000136870	-0.466022866436177
ENSG00000165028	0.295687414632638
ENSG00000070214	-0.166267322872913
ENSG00000289227	-0.30443871726782
ENSG00000106692	0.00791446331792656
ENSG00000148143	0.0055280089075282
ENSG00000136826	-0.664436705538964
ENSG00000119326	0.192696468128489
ENSG00000106771	0.115017270215809
ENSG00000260230	0.134277798879473
ENSG00000095203	0.0603191621712001
ENSG00000165124	-0.0413258534401114
ENSG00000198121	-0.0758941178111878
ENSG00000171133	-0.241836853368144
ENSG00000106853	-0.0493738554925257
ENSG00000059769	0.199488863233288
ENSG00000148154	0.297725337214439
ENSG00000119314	0.144559326366237
ENSG00000165185	-0.00810608663592765
ENSG00000226609	-0.14112987537407
ENSG00000148158	-0.101708373297686
ENSG00000271631	-0.033767323983627
ENSG00000225684	0.377508642879295
ENSG00000231528	0.0326519487434479
ENSG00000119321	-0.0967062369501601
ENSG00000136868	0.0745690323248405
ENSG00000136875	0.124874765065236
ENSG00000138835	-0.0774587459586591
ENSG00000196739	-0.0806849826978396
ENSG00000229314	-0.576321024835553
ENSG00000095397	-0.349403316880959
ENSG00000119401	-0.114869185827923
ENSG00000136861	-0.130027933816633
ENSG00000119402	0.0680380008186469
ENSG00000214654	0.0355572903106397
ENSG00000270917	0.209697048067091
ENSG00000095261	0.0168222830589466
ENSG00000148180	-0.383562975544075
ENSG00000175764	-0.260812053175455
ENSG00000119421	-0.121821061624167
ENSG00000119446	0.138417015990829
ENSG00000148187	-0.123089567620181
ENSG00000011454	-0.00249988131220467
ENSG00000136930	-0.137766352169688
ENSG00000136950	-0.0272481007162919
ENSG00000136935	-0.0646277694389767
ENSG00000119414	0.0399695396575884
ENSG00000232630	0.189505570889919
ENSG00000044574	0.350213355586464
ENSG00000165219	0.0338780221315209
ENSG00000119487	-0.0309079363161206
ENSG00000228392	-0.218806695732401
ENSG00000196814	-0.521993653824069
ENSG00000279137	-0.0952228180267592
ENSG00000136828	-0.0263886978944247
ENSG00000136859	-0.294964458330994
ENSG00000271833	0.0236330475758538
ENSG00000136856	-0.16033681555638
ENSG00000136854	0.216714068595356
ENSG00000095370	-0.067078295488614
ENSG00000136877	-0.0310771056697804
ENSG00000106991	-0.444844809679721
ENSG00000225032	-0.0331759683692693
ENSG00000227218	-0.488811085324687
ENSG00000171169	-0.0954443322803306
ENSG00000148339	0.13581736469104
ENSG00000148346	0.213669884619741
ENSG00000148337	-0.170340118334936
ENSG00000167112	-0.153813514130481
ENSG00000272696	0.166174098761296
ENSG00000167114	-0.208466958953743
ENSG00000223551	0.0820265373167076
ENSG00000167118	-0.152092355853686
ENSG00000207955	-0.997350190594361
ENSG00000167123	-0.980171808050253
ENSG00000273186	-0.6015247485884
ENSG00000228510	-0.503281470990386
ENSG00000119392	0.0308724837015171
ENSG00000197694	0.0837772203780809
ENSG00000160447	-0.300305303262546
ENSG00000223478	-0.0631103038636459
ENSG00000198917	-0.0921616918044271
ENSG00000171097	-0.0122882673294283
ENSG00000175283	-0.161276149560922
ENSG00000095319	-0.0409209388353042
ENSG00000188483	-0.210980255842084
ENSG00000204054	-0.0330993891509123
ENSG00000227619	-0.0216901513693481
ENSG00000148335	-0.0643176974784399
ENSG00000148344	-0.0161891111218747
ENSG00000136816	0.188756301720285
ENSG00000136827	0.115604147389695
ENSG00000187239	-0.26271054547583
ENSG00000288924	-0.0917770362479531
ENSG00000148358	-0.00087004767028034
ENSG00000107164	0.0606546036802873
ENSG00000130713	0.0360212480741046
ENSG00000097007	-0.163012073023202
ENSG00000126883	-0.191915409332578
ENSG00000126882	-0.218935399262225
ENSG00000288701	-0.110614800859756
ENSG00000130717	-0.0281045819021284
ENSG00000288989	-0.0142739282486982
ENSG00000148308	-0.240591072986282
ENSG00000170835	-0.368634578038915
ENSG00000160271	-0.23285012768661
ENSG00000148288	-0.175324471398018
ENSG00000175164	-0.275115689517657
ENSG00000148297	-0.0353712069628481
ENSG00000148303	-0.0277760305797865
ENSG00000148248	0.00280135452370031
ENSG00000198870	-0.0990867016620366
ENSG00000148300	-0.11518945657494
ENSG00000160325	-0.10958925128812
ENSG00000196990	0.749738289628622
ENSG00000235106	0.0738970536550211
ENSG00000273473	-0.0956154453223197
ENSG00000107147	0.0533913095992842
ENSG00000238058	-0.00191733160812247
ENSG00000165684	-0.0582097461544469
ENSG00000165689	-0.126551710778493
ENSG00000165688	0.189300753164444
ENSG00000148384	-0.0694749543138404
ENSG00000148396	-0.0135638369006102
ENSG00000148400	-0.239600603188571
ENSG00000237886	-0.106560351647647
ENSG00000187922	0.102535073648411
ENSG00000267206	0.180742422812609
ENSG00000228544	-0.0196451265898336
ENSG00000288873	0.0519352447540745
ENSG00000177943	-0.339808210155721
ENSG00000107223	-0.0709057945727074
ENSG00000148362	-0.0840843875510256
ENSG00000107331	-0.586260181538193
ENSG00000180539	-0.076278641407052
ENSG00000180549	-0.375117135222915
ENSG00000197355	-0.355183959731333
ENSG00000268996	-0.304220375780235
ENSG00000176248	-0.326776411126949
ENSG00000176101	-0.211730197502218
ENSG00000176058	-0.516124088291999
ENSG00000187713	-0.0218590408156483
ENSG00000198435	0.290088225723752
ENSG00000148408	0.0720182680732099
ENSG00000151240	-0.0207267763069818
ENSG00000225140	-0.256420352020771
ENSG00000180525	-0.0451710980172863
ENSG00000107929	-0.0197584348864155
ENSG00000107937	0.0297484149670892
ENSG00000067064	0.588087741030558
ENSG00000047056	0.120438985131803
ENSG00000282390	-0.11182241700234
ENSG00000205696	0.0061747292499662
ENSG00000067057	0.310959629902962
ENSG00000107959	-0.0595736048272372
ENSG00000237399	-0.038308303666964
ENSG00000067082	0.215620599558275
ENSG00000287566	0.0249642893872818
ENSG00000272764	-0.08545066650603
ENSG00000134461	-0.019131664039336
ENSG00000232807	-0.127987157804013
ENSG00000134470	0.0815284329477771
ENSG00000065675	-0.0466974471772941
ENSG00000288915	-0.0385809652686769
ENSG00000237943	-0.27728861504696
ENSG00000123243	-0.190853305473778
ENSG00000151655	-0.0769864757026936
ENSG00000048740	0.150126178754202
ENSG00000271046	0.00297386979553776
ENSG00000151465	-0.0155497890012388
ENSG00000183049	-0.161893858376466
ENSG00000123240	0.0218104966113971
ENSG00000234175	-0.110001300695508
ENSG00000165630	0.0202954761293095
ENSG00000273474	-0.347675234270162
ENSG00000185267	0.055657597582858
ENSG00000284024	0.11112570200155
ENSG00000187522	0.227150751536492
ENSG00000272853	0.175821643130004
ENSG00000152465	0.109001505745097
ENSG00000148484	-0.016361028308604
ENSG00000107614	0.0347072623096318
ENSG00000260589	-0.0464749720071682
ENSG00000165997	0.363250604396156
ENSG00000231920	0.40805633676614
ENSG00000204682	0.166960515964675
ENSG00000180592	0.139706953372386
ENSG00000286881	0.22627044313965
ENSG00000285254	-0.330477377874511
ENSG00000150867	-0.195007860178314
ENSG00000107863	-0.142074811990216
ENSG00000185875	0.0737622126355489
ENSG00000136754	0.273901953736363
ENSG00000136758	0.0894090611772625
ENSG00000120539	0.0552764245983404
ENSG00000254635	0.00605513444768165
ENSG00000095739	-0.0550429335118706
ENSG00000224597	-0.00920686393298195
ENSG00000107951	0.0751127984393604
ENSG00000148516	0.175353567128707
ENSG00000223834	-0.00418317891203276
ENSG00000289412	0.222689837259239
ENSG00000108094	0.0126514657999007
ENSG00000269952	0.373757170044441
ENSG00000108100	-0.0409859761181527
ENSG00000271335	-0.0149546640634935
ENSG00000177291	-0.00512070318349681
ENSG00000229644	0.226557292607877
ENSG00000198105	0.121569996838565
ENSG00000175395	0.289571189531838
ENSG00000189180	-0.150635107047824
ENSG00000099251	0.168990921200948
ENSG00000276805	-0.0386099037315174
ENSG00000196693	-0.0204226924111441
ENSG00000285884	0.0302506091433685
ENSG00000165733	-0.00589418571932317
ENSG00000165731	0.178800840960488
ENSG00000169826	-0.137916698353344
ENSG00000198915	-0.0613173184400586
ENSG00000150201	-0.116092641212348
ENSG00000196793	-0.00683923973138648
ENSG00000169740	-0.0901819863130364
ENSG00000107551	-0.191777422956785
ENSG00000165507	-0.279253635236039
ENSG00000165512	0.205560324935018
ENSG00000012779	-0.093109436982344
ENSG00000172671	0.00854461683179381
ENSG00000172661	-0.101199144084719
ENSG00000265354	0.0288107599283295
ENSG00000289092	-0.00482710283391567
ENSG00000266524	0.153596929205949
ENSG00000107643	0.112511430138924
ENSG00000279822	-0.288027680515599
ENSG00000128805	-0.206062906616644
ENSG00000204161	-0.281546073123876
ENSG00000204152	0.0293669253839048
ENSG00000279863	-0.135420729488446
ENSG00000226200	-0.0301183027366127
ENSG00000204147	0.074373433735882
ENSG00000122873	0.192178952565925
ENSG00000237949	-0.0993604615208802
ENSG00000165449	0.369655351875952
ENSG00000108091	0.0579708824495907
ENSG00000122877	0.211765697575424
ENSG00000148572	0.156597808635919
ENSG00000171988	0.0991834496015654
ENSG00000108176	0.25371765506084
ENSG00000108187	6.0840282320028e-05
ENSG00000096746	0.209681837371666
ENSG00000204130	-0.0725584849134009
ENSG00000138346	-0.0182280424617189
ENSG00000122912	0.0286901949402672
ENSG00000260400	-0.0456098390761695
ENSG00000107625	-0.00141585055701718
ENSG00000165732	0.1212125122494
ENSG00000198954	0.0597154485805422
ENSG00000122862	0.329650579032521
ENSG00000156515	0.0817961602617946
ENSG00000075073	-0.0321830173098082
ENSG00000099282	-0.48759367243506
ENSG00000171224	0.151218920453617
ENSG00000099284	-0.0218080765797426
ENSG00000079332	0.233405150540771
ENSG00000172731	-0.0658895388432139
ENSG00000280401	0.310375567597954
ENSG00000138316	-0.313932923957053
ENSG00000166224	-0.122868102827876
ENSG00000166228	0.177724500234362
ENSG00000198246	-0.0662732341109578
ENSG00000107738	0.0671093900410181
ENSG00000197746	0.0906572885817902
ENSG00000289592	0.296625309431176
ENSG00000122863	0.0892239522261621
ENSG00000166295	0.046486238818301
ENSG00000168209	-0.258038254550868
ENSG00000107745	-0.0283652904270672
ENSG00000272627	0.136085802008268
ENSG00000213700	-0.230853246697992
ENSG00000166321	-0.0531045429800859
ENSG00000122882	-0.0092385729714727
ENSG00000213551	-0.00369729590977342
ENSG00000138279	0.246392886915135
ENSG00000166343	-0.0689511464607361
ENSG00000107758	-0.053152409371673
ENSG00000166348	-0.26143003677587
ENSG00000272140	-0.0714375581377491
ENSG00000242338	-0.0519179777193264
ENSG00000250959	-0.115177576349611
ENSG00000235316	-0.408863116223564
ENSG00000279088	0.127097855672297
ENSG00000288823	0.0615269653843514
ENSG00000166507	0.0189149405974176
ENSG00000122861	-0.148714108700605
ENSG00000156650	0.0292802465755953
ENSG00000156671	0.113000604677898
ENSG00000165655	0.309072369710516
ENSG00000272692	0.0703676223006635
ENSG00000156113	0.0860203996601067
ENSG00000233871	-0.00974998705926207
ENSG00000148606	0.00232469558300627
ENSG00000165424	-0.267710341578978
ENSG00000273372	0.219011133338516
ENSG00000133678	0.0887571109288099
ENSG00000122359	0.277069002626815
ENSG00000288918	0.363680428608322
ENSG00000165678	0.373446260179094
ENSG00000148600	-0.159812019552498
ENSG00000204033	-0.157880315177463
ENSG00000107771	0.0217261167853915
ENSG00000062650	0.112851743931459
ENSG00000227896	-0.0873469923744341
ENSG00000122367	-0.506197194422518
ENSG00000272631	0.06098677722119
ENSG00000107779	0.0732030349364405
ENSG00000272734	-0.12396722285604
ENSG00000122376	-0.00221108336960891
ENSG00000285257	-0.214651772762919
ENSG00000286445	0.236065710523593
ENSG00000198682	0.124059279568402
ENSG00000138138	0.244401671238618
ENSG00000232110	0.247913225656459
ENSG00000119922	0.0905254892252763
ENSG00000119917	0.477282026124937
ENSG00000185745	0.782809995366369
ENSG00000152782	0.033649080173021
ENSG00000232229	0.0136365373686391
ENSG00000174721	0.163872560542577
ENSG00000095564	0.131543742989902
ENSG00000119912	0.04799036459028
ENSG00000152804	0.359324612209231
ENSG00000176273	0.00838906294657655
ENSG00000273450	-0.164091919669548
ENSG00000108239	-0.137651199885562
ENSG00000107438	-0.313762524561388
ENSG00000138185	-0.0104460355439026
ENSG00000107443	0.0169635929066453
ENSG00000177853	0.112715728034783
ENSG00000197430	-0.304777055372878
ENSG00000213390	-0.0215696862567743
ENSG00000181274	0.0603542925745616
ENSG00000052749	0.0541427934867287
ENSG00000171314	0.136119180431503
ENSG00000171307	0.00351368016975188
ENSG00000155229	-0.157531254287753
ENSG00000155254	-0.216802311811341
ENSG00000095713	0.0087191456913603
ENSG00000119943	-0.228430824208916
ENSG00000287261	-0.0138822410900174
ENSG00000119946	-0.0117804220771658
ENSG00000120053	0.07126798415292
ENSG00000224934	-0.0136357307040506
ENSG00000155287	-0.0495640600782651
ENSG00000198018	0.0207796009474608
ENSG00000119929	-0.155204397269072
ENSG00000014919	0.0390878305488757
ENSG00000107566	-0.025800256115634
ENSG00000095485	0.00628828447148455
ENSG00000230224	-0.389390050620047
ENSG00000196072	0.339014266524572
ENSG00000099194	0.229178941020324
ENSG00000235823	-0.0667812723191105
ENSG00000166135	-0.131557745029397
ENSG00000119906	-0.0788690989141491
ENSG00000107815	0.0901066120964886
ENSG00000107816	-0.47380651553449
ENSG00000166167	0.0446306767272839
ENSG00000166169	-0.137475141644148
ENSG00000107829	-0.277933077574345
ENSG00000166189	-0.0664636651160074
ENSG00000148840	-0.0604730963493918
ENSG00000166197	0.0819044705319326
ENSG00000107862	-0.0714748318773029
ENSG00000077150	0.135358521154032
ENSG00000269609	0.101453708898395
ENSG00000138175	0.156300252107199
ENSG00000156398	0.00678421459230914
ENSG00000235266	-0.213608170255092
ENSG00000148842	-0.00143686079530761
ENSG00000148798	0.67565602990898
ENSG00000156374	0.0923005999488118
ENSG00000148843	-0.0399949705041772
ENSG00000156384	0.0352419031099129
ENSG00000148841	0.0360472323219292
ENSG00000213260	0.215619214777164
ENSG00000108039	0.0444282520781424
ENSG00000138166	-0.354068227054586
ENSG00000108061	0.251548449744875
ENSG00000119927	0.308648415649927
ENSG00000197142	0.0472678664227297
ENSG00000023041	-0.015747137709181
ENSG00000260917	-0.323752297696052
ENSG00000165806	-0.0107224001599745
ENSG00000196865	0.0628818113302796
ENSG00000275024	-0.726388164348401
ENSG00000169129	-0.047896622099768
ENSG00000165832	0.240813239056967
ENSG00000287655	-0.380744185629122
ENSG00000277879	-0.0403456055795953
ENSG00000107560	0.207045147962572
ENSG00000165669	0.139277224388358
ENSG00000151893	0.00664887031595708
ENSG00000277687	0.254559130063751
ENSG00000119979	-0.0189951085534586
ENSG00000165672	0.339733710628562
ENSG00000151929	0.555345375441517
ENSG00000197771	0.113351874207753
ENSG00000107651	0.0788819828538057
ENSG00000177234	-0.0334045942955912
ENSG00000120008	0.101101539292064
ENSG00000066468	-0.455554564706118
ENSG00000223432	-0.46769232871452
ENSG00000226864	-0.0784878716386419
ENSG00000276742	-0.956554873463927
ENSG00000138162	-0.0561010421470536
ENSG00000138152	-0.02167988083596
ENSG00000119965	0.029774755652095
ENSG00000196177	0.130821086389107
ENSG00000154478	-0.0604059719922637
ENSG00000182022	-0.056915661035808
ENSG00000065154	0.353191014580525
ENSG00000107902	-0.319488717513796
ENSG00000189319	-0.344866270504671
ENSG00000278831	-0.934771492747639
ENSG00000233334	-0.139625014392022
ENSG00000165660	0.0952704271582718
ENSG00000175029	0.108978284835705
ENSG00000273599	0.21577167042734
ENSG00000089876	-0.00648322059239018
ENSG00000287609	-0.486232751289051
ENSG00000235180	-0.0631299310630867
ENSG00000150760	-0.0284729188519278
ENSG00000188916	0.192180851791125
ENSG00000132334	0.0223262473818654
ENSG00000227076	-0.132427873829613
ENSG00000277218	-0.494985995842714
ENSG00000233122	-0.0262072230881467
ENSG00000108010	-0.00628124043030488
ENSG00000165752	0.0846588513455477
ENSG00000229081	-0.264847079909013
ENSG00000148826	-0.664430633543503
ENSG00000197177	-0.0720500736783839
ENSG00000130640	-0.243664686159024
ENSG00000198546	-0.184323603839306
ENSG00000278518	0.619765384514175
ENSG00000177951	-0.0645665266790773
ENSG00000185627	0.110688948878717
ENSG00000185201	-0.0927905808925868
ENSG00000185885	-0.0661505580018497
ENSG00000142089	-0.0401714495332247
ENSG00000270972	0.483995431625538
ENSG00000255237	-0.178818610501564
ENSG00000023191	-0.451938736190295
ENSG00000247095	-0.00133260569162957
ENSG00000177042	-0.178549804082539
ENSG00000177156	-0.161690411450394
ENSG00000177666	-0.249295927647413
ENSG00000177685	-0.283072187547938
ENSG00000255153	-0.145655094125425
ENSG00000182208	-0.217166536758868
ENSG00000235027	0.128694687661834
ENSG00000130592	-0.000186741239459852
ENSG00000110651	0.176240268135615
ENSG00000184281	-0.224999974385373
ENSG00000269821	-0.121389713061588
ENSG00000237941	-0.241547668108465
ENSG00000129757	-0.329252970263659
ENSG00000110628	0.0535062825716838
ENSG00000110619	-0.146287748647255
ENSG00000236710	-0.0632738134574276
ENSG00000021762	-0.122911618181556
ENSG00000005801	-0.0432172683498286
ENSG00000110713	-0.0217512313809362
ENSG00000148985	-0.237047873231306
ENSG00000177105	-0.559096708175339
ENSG00000167323	-0.0264153786495737
ENSG00000132109	0.216363815798748
ENSG00000167333	-0.0510854997620456
ENSG00000244734	0.861744395028854
ENSG00000223609	0.0597667456654229
ENSG00000213934	0.136776024320852
ENSG00000132274	0.39100514884109
ENSG00000181074	-0.184640855216157
ENSG00000267940	0.219066052913508
ENSG00000051009	0.0299716580285383
ENSG00000170955	-0.776841951394308
ENSG00000166311	-0.302287782428361
ENSG00000166313	-0.319000804172125
ENSG00000132254	-0.0419249431088716
ENSG00000254595	-0.155418964091671
ENSG00000166337	-0.124002471725633
ENSG00000166340	0.0758969744323726
ENSG00000158042	-0.0466001948771073
ENSG00000166387	-0.239734060316388
ENSG00000166394	-0.511119550713963
ENSG00000166402	0.217916489074459
ENSG00000166452	-0.00778185625130782
ENSG00000175348	0.179489791937904
ENSG00000184014	-0.20742799827847
ENSG00000166471	0.294151558852678
ENSG00000268403	0.211270308170018
ENSG00000166478	0.0223741400025123
ENSG00000148926	0.146450587610021
ENSG00000133805	-0.0793514946591156
ENSG00000198730	0.1204090670084
ENSG00000236287	0.0821550046130056
ENSG00000255260	0.297716728461755
ENSG00000254598	-0.115205862593953
ENSG00000050165	0.393685923712914
ENSG00000133816	-0.120798110869465
ENSG00000254847	-0.00916220441783915
ENSG00000133794	0.0602486386321444
ENSG00000148925	0.0756159197282936
ENSG00000262655	0.331899234353257
ENSG00000133818	0.105414610833045
ENSG00000129084	0.0316008824556366
ENSG00000188211	0.0408284308579259
ENSG00000187486	-0.0535773139050401
ENSG00000006611	-0.233065017840902
ENSG00000129159	0.128592984575349
ENSG00000110768	0.00106996846451649
ENSG00000279837	-0.0387182930947713
ENSG00000134343	-0.0375773569374353
ENSG00000176971	0.664361159723071
ENSG00000109881	0.0208961800114998
ENSG00000224411	0.0661349472109752
ENSG00000152219	0.193024929346169
ENSG00000149100	0.188191909323294
ENSG00000270903	0.286416786867091
ENSG00000121690	-0.161110395654646
ENSG00000280798	-0.117284582986752
ENSG00000110427	0.00535802339112496
ENSG00000205177	0.193529576795912
ENSG00000085063	0.256976485227695
ENSG00000135363	-0.00152544901285617
ENSG00000135372	0.0401582689251064
ENSG00000166016	-0.0492180107506327
ENSG00000110435	0.175453000174281
ENSG00000179241	-0.0390255667381017
ENSG00000135362	-0.0904477533274955
ENSG00000175104	0.0385697176101397
ENSG00000283341	0.0455567868611683
ENSG00000166199	-0.109431094152519
ENSG00000213693	0.0962677745425912
ENSG00000187479	0.00575142812865666
ENSG00000244953	0.0389347230654043
ENSG00000019485	-0.00719309173652453
ENSG00000019505	0.512813472066686
ENSG00000121671	0.253812667690212
ENSG00000135365	-0.0393276499086669
ENSG00000157613	-0.0045414449847929
ENSG00000110492	0.290519749871789
ENSG00000180423	-0.103836098578556
ENSG00000175220	-0.3741540987731
ENSG00000175213	-0.0778877317737322
ENSG00000175216	-0.010613214035514
ENSG00000149182	0.00448186107985079
ENSG00000270060	-0.148408264885255
ENSG00000165912	-0.400798520167709
ENSG00000025434	-0.120944238829277
ENSG00000066336	0.0625092686398351
ENSG00000255197	0.0238268212532258
ENSG00000165915	-0.116872577122775
ENSG00000196666	0.289750709820247
ENSG00000109919	0.136530699666304
ENSG00000109920	-0.0192731534325211
ENSG00000030066	0.0505359242567667
ENSG00000254567	-0.111070468642496
ENSG00000086205	-0.359421699940448
ENSG00000183908	0.411676572575739
ENSG00000186652	-0.0110469598646826
ENSG00000149131	-0.206546627392178
ENSG00000172409	0.0795905932257439
ENSG00000156603	0.0686162465754934
ENSG00000110031	-0.0313391187787436
ENSG00000110042	-0.560635379016835
ENSG00000110048	-0.0321710029071101
ENSG00000254477	0.125178557631176
ENSG00000110077	-0.295472805017277
ENSG00000166928	-0.043530909490282
ENSG00000110104	-0.117051453550736
ENSG00000183134	-0.501452145005058
ENSG00000110107	0.155792672121186
ENSG00000110108	-0.106271977771652
ENSG00000256196	0.304133409597742
ENSG00000167992	0.0683287603512525
ENSG00000167986	0.0937203254623172
ENSG00000187049	0.0541791418630672
ENSG00000149532	-0.0433553094397326
ENSG00000124920	-0.857684515789303
ENSG00000168496	-0.180363958383809
ENSG00000149485	0.423151572836652
ENSG00000221968	0.140460313196874
ENSG00000167995	-0.241490817817378
ENSG00000149503	-0.0148021718983456
ENSG00000124935	0.236654678002998
ENSG00000149016	-0.117146406785663
ENSG00000149480	0.0121519638922932
ENSG00000149499	-0.28726787107324
ENSG00000149489	-0.107768120330918
ENSG00000162194	-0.197709277270933
ENSG00000162188	-0.261037827162571
ENSG00000214753	0.0817988876317421
ENSG00000162222	-0.076881622902864
ENSG00000185475	-0.309516383632608
ENSG00000162231	0.0530699335055054
ENSG00000162236	0.00757408256454985
ENSG00000133316	-0.141501443090754
ENSG00000255717	0.0445068850292004
ENSG00000176485	-0.144452875267097
ENSG00000184743	0.0717901644808674
ENSG00000133318	0.140721271002372
ENSG00000110583	-0.113735298854845
ENSG00000256481	-0.189145853837849
ENSG00000288852	-0.203435067802772
ENSG00000289486	-0.21991176618454
ENSG00000168439	0.240696408782633
ENSG00000149781	0.0447294956148826
ENSG00000173511	0.11949038674467
ENSG00000173457	0.0123439389384823
ENSG00000181908	0.0144220188771412
ENSG00000289058	-0.269231814127972
ENSG00000068831	-0.31838542340447
ENSG00000168066	-0.205576962157744
ENSG00000168067	-0.129999060338245
ENSG00000168062	0.128027412417922
ENSG00000168060	-0.0975024311676061
ENSG00000146670	-0.050861574805152
ENSG00000162298	-0.193332132115925
ENSG00000149792	0.0480888364068507
ENSG00000255200	0.0933180133608352
ENSG00000254614	0.276069180095301
ENSG00000014138	-0.148282803682111
ENSG00000287917	-0.17423728994092
ENSG00000149798	-0.416768706760169
ENSG00000133884	-0.186702861607115
ENSG00000173825	0.132734016259651
ENSG00000162241	-0.46026100946514
ENSG00000126391	-0.0773739886749904
ENSG00000260233	-0.168133070552392
ENSG00000176973	-0.347122897849075
ENSG00000173338	-0.127133216269634
ENSG00000173327	-0.538025561007077
ENSG00000173039	0.0255479674048052
ENSG00000285533	-0.17643881397819
ENSG00000172922	-0.0890013889041345
ENSG00000172757	-0.253800193513769
ENSG00000175592	0.241477273231227
ENSG00000175467	-0.316162728499067
ENSG00000175334	-0.0531294147827936
ENSG00000175229	-0.370283848172035
ENSG00000254461	-0.0834112345128586
ENSG00000179292	-0.559578290495363
ENSG00000174744	-0.33365100889714
ENSG00000174684	0.0994144094291917
ENSG00000174576	0.963146206070064
ENSG00000174483	0.0867542640326443
ENSG00000174165	-0.204114542309157
ENSG00000239306	0.0611971196453292
ENSG00000173933	-0.00273170067464646
ENSG00000173914	-0.0837238984683026
ENSG00000173715	0.0482290354483213
ENSG00000175505	0.0907243395457923
ENSG00000275484	-0.520076199821551
ENSG00000172508	-1.03472135389748
ENSG00000175634	-0.325632784988801
ENSG00000172725	-0.354919172378942
ENSG00000175544	-0.0672840031245804
ENSG00000110711	-0.214823301532214
ENSG00000167797	-0.0697640001765034
ENSG00000167792	-0.118699894156656
ENSG00000110719	-0.385668943470266
ENSG00000110721	-0.199362094943307
ENSG00000110066	0.0757801702971835
ENSG00000171067	-0.269525074294929
ENSG00000162337	-0.114336010203263
ENSG00000110090	-0.0677899032650582
ENSG00000132740	-0.142325085797375
ENSG00000172935	-0.243640630376454
ENSG00000162341	-0.0628863743810262
ENSG00000255980	-0.110063305247726
ENSG00000110092	-0.316099767767227
ENSG00000168040	-0.152328987090542
ENSG00000085733	-0.197258738538423
ENSG00000162105	-0.013185058208612
ENSG00000172893	-0.0889156223730157
ENSG00000137496	-0.0733890482332164
ENSG00000137497	-0.246405802943767
ENSG00000162129	-0.0625720058409058
ENSG00000245148	-0.0281765355611391
ENSG00000214530	-0.0677254821881097
ENSG00000168010	-0.210018539103448
ENSG00000137478	0.0426009499684896
ENSG00000171631	0.0525768633176358
ENSG00000257038	-0.266002990490924
ENSG00000110237	0.0562922259534055
ENSG00000054967	-0.0143551697886915
ENSG00000175582	0.142153107992677
ENSG00000175564	-0.0227872675111458
ENSG00000175538	-0.14517275509082
ENSG00000175536	-0.0987199683003348
ENSG00000254837	0.0688682963682089
ENSG00000077514	-0.00728537621615993
ENSG00000286943	-0.0147476018357289
ENSG00000162139	0.0173363202281384
ENSG00000255136	0.0912759816344094
ENSG00000261594	-0.179205000990165
ENSG00000149257	-0.0291145065422546
ENSG00000171533	-0.0139449256685801
ENSG00000062282	-0.0516084442772176
ENSG00000198382	-0.0204737910544708
ENSG00000137492	0.0881689397013206
ENSG00000254810	0.0129593739979637
ENSG00000137507	-0.362080102636113
ENSG00000261578	-0.104976497723111
ENSG00000078124	0.074319752347498
ENSG00000149269	-0.0775378586959402
ENSG00000254985	-0.0100723427998488
ENSG00000241782	-0.621125183305004
ENSG00000188997	0.0589060634375156
ENSG00000033327	-0.0916637320404178
ENSG00000165494	0.178468057447165
ENSG00000150672	-0.0961534232639179
ENSG00000073921	-0.00882573739767008
ENSG00000288809	-0.182817888212476
ENSG00000074266	0.103137759978993
ENSG00000150687	-0.0285913910243338
ENSG00000109861	-0.0469207867477188
ENSG00000110172	0.423900748135456
ENSG00000180773	0.196722543219113
ENSG00000255445	-0.208429760129029
ENSG00000279696	0.167827580523013
ENSG00000214376	0.146422515685333
ENSG00000020922	-0.0612415555610221
ENSG00000255893	0.239035651018662
ENSG00000196371	0.108860871035983
ENSG00000277984	-0.295456178571092
ENSG00000149212	0.299291181021686
ENSG00000149231	0.109632762085449
ENSG00000288833	0.0334572213249744
ENSG00000255337	0.0912366685564981
ENSG00000235505	-0.145247356287749
ENSG00000196954	-0.118604189164047
ENSG00000137752	-0.155592101675179
ENSG00000204397	-0.150233948522524
ENSG00000152578	0.142882417489072
ENSG00000110675	0.202532861723332
ENSG00000271390	0.0994149121091727
ENSG00000214290	0.0888370264880186
ENSG00000086848	-0.0329551234584831
ENSG00000255561	0.111650789870956
ENSG00000109846	-0.27246634195355
ENSG00000149300	0.00401013644444129
ENSG00000150776	0.145249330785458
ENSG00000197580	0.0703122863893314
ENSG00000247416	0.197238769561933
ENSG00000149294	-0.164834671530397
ENSG00000256091	0.0572731902143658
ENSG00000086827	0.0164137350731941
ENSG00000109906	-0.0146509314693326
ENSG00000246100	0.112089534637658
ENSG00000109917	-0.193511609562591
ENSG00000118137	-0.738670771617293
ENSG00000160584	-0.267235359070732
ENSG00000149591	-0.818953998834356
ENSG00000280143	-0.283430564701465
ENSG00000186318	-0.307110335329477
ENSG00000278768	-0.122505264905596
ENSG00000276505	-0.415352560128804
ENSG00000110274	-0.17071070857474
ENSG00000177103	-0.083365048704288
ENSG00000110324	0.0410298458285468
ENSG00000177098	-0.235207762639708
ENSG00000149575	0.189774691814355
ENSG00000149573	-0.214634830888936
ENSG00000118058	0.121331145713363
ENSG00000019144	-0.425492679245164
ENSG00000255176	-0.233822173481806
ENSG00000278376	0.048544054589794
ENSG00000186166	-0.060601806301376
ENSG00000240970	-0.153085504851524
ENSG00000254428	-0.203034060366879
ENSG00000254909	-0.138785002114059
ENSG00000196655	-0.0246007910625138
ENSG00000149428	0.164229084350334
ENSG00000172273	-0.0528907974662882
ENSG00000076706	-0.52822780702721
ENSG00000289553	-0.167996772945353
ENSG00000255216	-0.0775270150487873
ENSG00000137699	0.0548322731033931
ENSG00000109929	0.471633277083344
ENSG00000137642	0.262263012493351
ENSG00000255248	0.0459226303181565
ENSG00000109971	0.207457854242139
ENSG00000200879	-1.408780231815
ENSG00000166250	-0.0709360058096064
ENSG00000023171	0.0422953426237231
ENSG00000254467	-0.092161852916263
ENSG00000166261	-0.000151384965629637
ENSG00000110002	0.523206091547203
ENSG00000019102	-0.197332524892321
ENSG00000279342	-0.00964470342397949
ENSG00000149557	-0.247068280099941
ENSG00000255537	-0.00860701920817412
ENSG00000198331	0.0745812992037325
ENSG00000110060	-0.0498772496929614
ENSG00000109832	0.172412772143383
ENSG00000182934	-0.0114999411264799
ENSG00000280832	0.106033781506666
ENSG00000151702	-0.0565804066161571
ENSG00000254703	-0.113808290300341
ENSG00000174370	-0.0073015316901087
ENSG00000134909	0.0523536027245241
ENSG00000170322	-0.197464943961057
ENSG00000170325	0.0272322971857432
ENSG00000233220	0.199053378288766
ENSG00000084234	0.328696771739406
ENSG00000224795	-0.239255275574203
ENSG00000279090	0.782453300992133
ENSG00000183715	0.00585986464874264
ENSG00000080854	-0.0236344790805128
ENSG00000204241	-0.0347743621735038
ENSG00000151502	-0.0188095929241169
ENSG00000111181	-0.41186596294356
ENSG00000171840	-0.434099729556536
ENSG00000002016	-0.0613416597080754
ENSG00000250132	-0.0223131183085182
ENSG00000171823	-0.061537746055133
ENSG00000006831	-0.215853831765309
ENSG00000243663	-0.201279465507847
ENSG00000256271	-0.0607668588918368
ENSG00000274659	0.0258989819440867
ENSG00000004478	0.2807258803989
ENSG00000111203	-0.172143209869169
ENSG00000250899	-0.00368079945840062
ENSG00000234589	-0.0176669517948262
ENSG00000078237	-0.0540450294809048
ENSG00000047621	0.0651687325349897
ENSG00000139180	0.0147756486597221
ENSG00000130035	0.102278928071331
ENSG00000110799	-0.191629750360198
ENSG00000067182	0.213539398256465
ENSG00000111321	-0.148444520471221
ENSG00000139190	0.0995938461291006
ENSG00000111640	0.177839616170449
ENSG00000111641	-0.111341314862886
ENSG00000111644	-0.0701508592226975
ENSG00000111653	-0.0562209168515233
ENSG00000111652	0.0225685134809115
ENSG00000159335	-0.0505619014266114
ENSG00000111667	-0.222944986537659
ENSG00000111674	0.144988989672512
ENSG00000111676	-0.0879127245345349
ENSG00000215021	-0.0127077287509152
ENSG00000238795	-0.0648541278435259
ENSG00000182326	-0.07795145712646
ENSG00000159403	-0.20545421037241
ENSG00000139178	-0.0738847662644295
ENSG00000139197	-0.114785740990361
ENSG00000255836	0.361379875217737
ENSG00000177575	-0.225833649297009
ENSG00000059804	0.401557406069723
ENSG00000089818	0.281091613562429
ENSG00000279865	0.142432329433109
ENSG00000111729	0.0422511319627055
ENSG00000235602	-0.270782911448184
ENSG00000275367	-0.0943125281008744
ENSG00000166523	0.102328986016655
ENSG00000166532	0.219105604104689
ENSG00000249790	0.463749979351025
ENSG00000166535	0.0825490022267596
ENSG00000003056	0.0523627315259614
ENSG00000245105	-0.0443191674790783
ENSG00000175899	-0.31036989025151
ENSG00000237248	0.0513207876188912
ENSG00000256427	-0.123563112319645
ENSG00000069493	-0.0391717140089654
ENSG00000110852	0.0911855582491724
ENSG00000150048	-0.070215310681054
ENSG00000139112	0.222167050861336
ENSG00000183542	0.0119966368534924
ENSG00000205810	-0.0147551460996489
ENSG00000060138	0.105724108504361
ENSG00000121318	-0.147390309638985
ENSG00000212125	0.024822176683221
ENSG00000255837	-0.122649641278674
ENSG00000256436	0.129339537196741
ENSG00000070018	-0.0169552790974079
ENSG00000111266	-0.11256612377611
ENSG00000111269	0.0989456851346835
ENSG00000183150	0.158083034461407
ENSG00000111276	0.0552677596353533
ENSG00000178878	0.155403661552894
ENSG00000084444	-0.0270517858622792
ENSG00000111305	0.0342448024906507
ENSG00000134531	0.554651917590724
ENSG00000273079	-0.0489020558561105
ENSG00000246705	-0.217932691164423
ENSG00000084463	-0.0742255999653921
ENSG00000111348	-0.272340355415803
ENSG00000023734	0.131225127657842
ENSG00000048540	0.284970178137623
ENSG00000084453	-0.23801547958156
ENSG00000121350	0.0647135955873946
ENSG00000111711	0.342641604384621
ENSG00000121361	-0.0221669898343574
ENSG00000069431	0.0679592946496832
ENSG00000060982	0.180266262011254
ENSG00000133703	0.241917461106444
ENSG00000275197	0.246522649257061
ENSG00000246695	0.146472887918622
ENSG00000123095	0.368522862036408
ENSG00000123096	0.207303416929072
ENSG00000064102	-0.298016547959294
ENSG00000064115	-0.08432132581048
ENSG00000214700	-0.257602983190991
ENSG00000029153	-0.0132937520354765
ENSG00000174236	-0.342722628951553
ENSG00000061794	0.064606148293674
ENSG00000064763	0.00466588441798125
ENSG00000275278	0.327087173772184
ENSG00000275476	0.180427859595387
ENSG00000257176	-0.0479817783104902
ENSG00000274315	-0.0552797749286278
ENSG00000133687	0.0318300046107395
ENSG00000133704	0.0876682526432781
ENSG00000170456	0.11381098498406
ENSG00000174718	0.105192666652842
ENSG00000277342	0.618180524229853
ENSG00000274964	-0.124863438142211
ENSG00000139132	0.0752215070412948
ENSG00000087470	0.118792666205201
ENSG00000257511	-0.269449913564752
ENSG00000139131	-0.0521418417421989
ENSG00000057294	-0.0368485138049778
ENSG00000274976	0.301147764779948
ENSG00000175548	0.190444820736356
ENSG00000139117	0.0208237827411356
ENSG00000257718	-0.195104678045725
ENSG00000139116	0.180034216123248
ENSG00000286576	0.0753524764208376
ENSG00000018236	0.465964887563888
ENSG00000151233	0.0793127458548634
ENSG00000015153	0.179069837859284
ENSG00000134283	0.0710893571667314
ENSG00000273015	0.3121476846903
ENSG00000111371	0.530163541323198
ENSG00000275481	0.103078747506775
ENSG00000274723	0.091690003898013
ENSG00000276390	0.512412387083243
ENSG00000257433	-0.154894589137618
ENSG00000111405	0.220361295907341
ENSG00000280054	0.347501418246474
ENSG00000079337	-0.202318181966503
ENSG00000211584	-0.40478098722215
ENSG00000061273	-0.105836929069872
ENSG00000268069	-0.669401805081726
ENSG00000134291	0.00654412922376788
ENSG00000079387	0.00977686747000984
ENSG00000240399	-0.360443944709617
ENSG00000152556	0.177271450611481
ENSG00000177981	-0.0411290165653212
ENSG00000273765	-0.184300182018649
ENSG00000139620	-0.0814479922556928
ENSG00000167535	-0.190459780723383
ENSG00000172602	0.697226351801869
ENSG00000134287	0.0472676014885577
ENSG00000181929	0.0657111800597563
ENSG00000139636	-0.0174039936839105
ENSG00000123416	0.111883911040468
ENSG00000167552	-0.366420639433589
ENSG00000167553	0.115427497399085
ENSG00000178401	-0.138263160987562
ENSG00000123352	0.0105955892662764
ENSG00000110844	-0.056871308499387
ENSG00000139644	0.218754746822672
ENSG00000167566	-0.269334870555582
ENSG00000258057	-0.0184066643152672
ENSG00000161800	-0.0661048520151998
ENSG00000110881	-0.212583677929555
ENSG00000066117	-0.164962631751883
ENSG00000167588	-0.51453600477319
ENSG00000050405	-0.157709329072662
ENSG00000161813	0.164171199924851
ENSG00000123268	0.130352625675146
ENSG00000185432	0.454768559683679
ENSG00000110911	0.0339994578043551
ENSG00000050426	0.0121018833708996
ENSG00000278126	0.058808880368298
ENSG00000139629	-0.415521791293708
ENSG00000050438	-0.272633529640812
ENSG00000139567	-0.185506705765381
ENSG00000123358	-0.472050070129126
ENSG00000259884	-0.940864387425189
ENSG00000257337	-0.183501483430986
ENSG00000167778	-0.102144023852204
ENSG00000258074	-0.0676608365646876
ENSG00000172819	-0.0996101376610046
ENSG00000094914	-0.184368462100802
ENSG00000205352	0.0583219571607643
ENSG00000282977	0.0558591234596026
ENSG00000139625	-0.0539616182247925
ENSG00000139574	-0.124716671432679
ENSG00000170653	-0.0732362452683761
ENSG00000012822	-0.200214666657986
ENSG00000139572	0.0396459144939219
ENSG00000161638	-0.206527027060941
ENSG00000161634	-0.0102224782533886
ENSG00000135426	0.281777473104164
ENSG00000135404	0.166004035639171
ENSG00000258056	-0.167188648624421
ENSG00000135414	0.0598341062767741
ENSG00000123353	-0.183029896538296
ENSG00000182796	-0.202037266185665
ENSG00000123342	0.0651381893063577
ENSG00000170473	-0.0237638319097192
ENSG00000065357	-0.217828678282085
ENSG00000273973	-0.0557641984883489
ENSG00000123374	0.0575984475784727
ENSG00000111540	-0.00917243420728085
ENSG00000123411	-0.107293787207023
ENSG00000197728	-0.348118747520619
ENSG00000065361	-0.361346929154402
ENSG00000170515	-0.00367011953102151
ENSG00000139641	-0.121312387083884
ENSG00000139613	-0.0090338705176131
ENSG00000181852	0.0808895097753047
ENSG00000135469	0.265163661061523
ENSG00000062485	-0.00267697115828132
ENSG00000257303	-0.126931991261663
ENSG00000135473	-0.360261383122806
ENSG00000111602	-0.169159130380486
ENSG00000135423	0.0746748333372167
ENSG00000076108	-0.0517777015715259
ENSG00000110955	0.126350599281777
ENSG00000139547	-0.297517004221184
ENSG00000166881	0.115832402827114
ENSG00000166888	-0.22868536162484
ENSG00000179912	-0.0760334937929188
ENSG00000123329	-0.209905395271203
ENSG00000166986	-0.0404734302910168
ENSG00000175197	0.283642720195934
ENSG00000166987	-0.266567207051517
ENSG00000175203	-0.144759819328999
ENSG00000155980	0.661770503715714
ENSG00000166908	-0.100396865790576
ENSG00000135506	-0.0354834549266118
ENSG00000111012	-0.0917715407047657
ENSG00000037897	-0.0886379657193379
ENSG00000135407	-0.0502640818160118
ENSG00000175215	-0.105152972791182
ENSG00000166896	0.010425262719448
ENSG00000135655	0.0789185651842825
ENSG00000257354	-0.100737928166787
ENSG00000275180	0.156028485221523
ENSG00000111110	-0.049517328925355
ENSG00000255566	-0.116184744957843
ENSG00000174106	0.137859936368195
ENSG00000276853	0.458295140964718
ENSG00000090376	0.159360234410162
ENSG00000225422	-0.0635325053053413
ENSG00000111530	0.134717925401957
ENSG00000256037	0.0931664865190407
ENSG00000127334	-0.0652063971343921
ENSG00000111581	-0.0629550987484376
ENSG00000135679	0.109682617045569
ENSG00000090382	0.390545790443206
ENSG00000279551	-0.0575427301691038
ENSG00000127328	0.128205587002549
ENSG00000111596	-0.0158298292273621
ENSG00000135643	-0.188216261403152
ENSG00000277223	-0.474292567183565
ENSG00000173451	0.222442661194528
ENSG00000139291	0.0783811415923629
ENSG00000080371	0.207291411061687
ENSG00000166006	0.246635849231792
ENSG00000180481	0.0927869290548703
ENSG00000257497	0.0247814423156757
ENSG00000111615	0.222588717380525
ENSG00000139289	0.602544687918201
ENSG00000257941	0.155270458446193
ENSG00000179941	0.388209726416767
ENSG00000067715	0.292406242229578
ENSG00000058272	0.0911335359389685
ENSG00000230291	-0.424614284879587
ENSG00000111058	0.0678679714733971
ENSG00000257431	-0.00564612450570162
ENSG00000133641	0.387336415984624
ENSG00000139323	0.0039737784097074
ENSG00000270344	-0.11893757833576
ENSG00000271614	0.302676830084104
ENSG00000011465	-0.0408505061878563
ENSG00000277738	0.126969432859995
ENSG00000257210	-0.114835876572235
ENSG00000177889	0.204942068770099
ENSG00000271382	-0.142122728298531
ENSG00000136040	0.111053905109774
ENSG00000258365	-0.114323331647447
ENSG00000057704	-0.0895949796244692
ENSG00000028203	0.098908485744036
ENSG00000111144	0.017532828099364
ENSG00000139350	0.0802813619829043
ENSG00000227825	0.130622118533002
ENSG00000075415	0.0705562266521707
ENSG00000166130	0.0413592142635053
ENSG00000111647	0.023560817668491
ENSG00000120805	0.294977498190471
ENSG00000139352	0.218521999035901
ENSG00000139372	0.224888878717187
ENSG00000120837	-0.080835543006241
ENSG00000198431	0.227440069689229
ENSG00000136010	0.101036267055618
ENSG00000136026	0.104438538419664
ENSG00000111785	0.022322218329589
ENSG00000136045	0.0959399579044584
ENSG00000136003	0.199807214602561
ENSG00000110880	-0.0421886998384092
ENSG00000084112	0.165459628700565
ENSG00000274598	-0.143005156235497
ENSG00000166111	-0.12367031962406
ENSG00000189046	-0.121622458213142
ENSG00000076248	0.29725353672393
ENSG00000076555	-0.0423459538613085
ENSG00000110921	-0.129706935494451
ENSG00000139438	-0.551602228555294
ENSG00000139433	-0.326003958638716
ENSG00000139437	-0.166336206272413
ENSG00000076513	-0.0886297997529053
ENSG00000277595	0.173942293080169
ENSG00000286220	-0.379027828397113
ENSG00000196510	-0.232045541277998
ENSG00000111229	0.0330525692841495
ENSG00000204856	0.128303838577287
ENSG00000196850	0.177085581288666
ENSG00000122986	0.118525059073983
ENSG00000204842	-0.0442765014769493
ENSG00000234608	-0.0484814415231103
ENSG00000111300	0.0676600826298313
ENSG00000173064	-0.108753393225893
ENSG00000089127	0.363400767503247
ENSG00000111331	0.270092017783561
ENSG00000111335	0.265757644735401
ENSG00000277566	0.135046638888817
ENSG00000089060	-0.0709839043666575
ENSG00000122965	-0.0734121433218877
ENSG00000123066	0.131643740972822
ENSG00000275898	0.294760971864695
ENSG00000135108	0.0856727445238889
ENSG00000171435	-0.0712756851923323
ENSG00000111445	-0.0813482743891819
ENSG00000277873	-0.317436489827617
ENSG00000176871	0.0439197537828457
ENSG00000176834	0.0398297565230388
ENSG00000089220	0.121813253513346
ENSG00000255618	-0.313304627004064
ENSG00000139767	0.147224225277039
ENSG00000111725	0.0920698628339425
ENSG00000111737	0.0389233855495061
ENSG00000277283	0.225960483177486
ENSG00000089154	-0.126067580530497
ENSG00000089157	0.028851503559389
ENSG00000255857	-0.090274475744753
ENSG00000089159	0.0822829568089348
ENSG00000089163	-0.0633052745343785
ENSG00000170855	0.188049170645806
ENSG00000088986	-0.0358383280263245
ENSG00000022840	-0.0852295782825241
ENSG00000167272	0.0374447515097221
ENSG00000135114	0.253970679112434
ENSG00000089041	-0.0770771030769533
ENSG00000286248	-0.137214146473028
ENSG00000135124	0.0591100548174189
ENSG00000276045	-0.212139930157382
ENSG00000212694	-0.195461547218685
ENSG00000272849	-0.288082666377424
ENSG00000139718	-0.0641431031152842
ENSG00000175727	0.0167941083266929
ENSG00000139719	-0.0766208128743633
ENSG00000130779	0.17709841190423
ENSG00000255398	-0.225731826341283
ENSG00000139726	0.156612216475129
ENSG00000130787	-0.136274776403872
ENSG00000280138	-0.0941719744692864
ENSG00000184209	-0.320275625233321
ENSG00000274427	-0.205839358955183
ENSG00000247373	-0.0710349603042249
ENSG00000111364	-0.0623497201532474
ENSG00000111361	-0.0588470822324717
ENSG00000111358	0.200468313590428
ENSG00000185344	0.00906109838334028
ENSG00000256827	0.0602742129762381
ENSG00000150991	0.0311562758221955
ENSG00000150990	-0.161517131813336
ENSG00000184992	0.096380420669151
ENSG00000139364	-0.00145729246239392
ENSG00000256310	-0.0959653305880104
ENSG00000256001	0.0387260825712772
ENSG00000139370	0.105301940958948
ENSG00000151948	0.0526136397140622
ENSG00000250208	-0.0555050866467913
ENSG00000060709	0.104111637596359
ENSG00000132341	0.200963620030664
ENSG00000061936	-0.334909930624
ENSG00000256955	-0.235690003174285
ENSG00000279283	0.350437243517812
ENSG00000256576	-0.562241438981271
ENSG00000256312	-0.243622359315052
ENSG00000256542	-0.103223332127113
ENSG00000280287	-0.207123484765911
ENSG00000176915	-0.0160687979791503
ENSG00000072609	-0.0408587418822312
ENSG00000196458	0.0400568605071035
ENSG00000198393	-0.0474444085539963
ENSG00000256223	0.170642112964714
ENSG00000090612	0.136432025275699
ENSG00000121390	0.0356463585869844
ENSG00000233469	-0.293721280438951
ENSG00000132950	0.1228458379606
ENSG00000289235	-0.0631163720828754
ENSG00000121741	0.098160235479466
ENSG00000237672	-0.0921446436845917
ENSG00000277020	-0.0839355592659667
ENSG00000238286	0.0167063069938172
ENSG00000279135	0.0588143131156518
ENSG00000165480	-0.0266545428500272
ENSG00000215571	-0.578999037107458
ENSG00000182957	0.0144871915660706
ENSG00000287887	-0.00339903661506939
ENSG00000165566	-0.117856569300298
ENSG00000180730	-0.335544717033769
ENSG00000127870	0.151146016212385
ENSG00000132975	-0.0583090038319874
ENSG00000122034	-0.0394489922019592
ENSG00000186184	-0.117004671869424
ENSG00000169840	0.161728306211089
ENSG00000261485	0.194990486300833
ENSG00000152520	-0.0197567090120607
ENSG00000139508	0.0336941921033708
ENSG00000233588	0.205581432916454
ENSG00000132952	0.0397528347680062
ENSG00000102802	-0.0689012524513105
ENSG00000120694	0.867888180221811
ENSG00000073910	0.0261645239746469
ENSG00000083642	0.0719179748967096
ENSG00000133116	0.00792285641698937
ENSG00000133121	-0.0418493527204986
ENSG00000276672	0.287063621229227
ENSG00000133083	0.35503223891909
ENSG00000133104	0.147509823397736
ENSG00000180440	-0.257348890678188
ENSG00000133111	0.160073110934922
ENSG00000120697	-0.0341865188264485
ENSG00000120699	-0.0645076215817506
ENSG00000120685	-0.0227729837428284
ENSG00000273507	-0.0159543188108537
ENSG00000133103	0.100421772003454
ENSG00000287837	-0.328686894199965
ENSG00000120696	0.400723836350845
ENSG00000120662	0.0378869340338992
ENSG00000102760	0.0921548754729816
ENSG00000102804	0.305572626410655
ENSG00000278156	-0.0642115707199715
ENSG00000273149	-0.0697561127220437
ENSG00000174032	0.267353223599132
ENSG00000136152	-0.00545543420193734
ENSG00000136167	0.00772390789035794
ENSG00000173988	-0.0692749411195783
ENSG00000102445	0.00113204828047553
ENSG00000136143	0.0919692798611088
ENSG00000227848	-0.141027024038343
ENSG00000136146	0.172098736120432
ENSG00000136161	0.0101148875367084
ENSG00000225131	-0.249725481751719
ENSG00000102547	0.0381445063556735
ENSG00000136147	-0.000116068661942342
ENSG00000152213	0.097698550093305
ENSG00000102753	0.177262237005253
ENSG00000198553	0.0995052006513612
ENSG00000150510	-0.38831330154547
ENSG00000224892	0.142093325162105
ENSG00000139668	0.000881117764178491
ENSG00000281106	-0.0530641923648504
ENSG00000273523	0.124618860691927
ENSG00000136098	-0.525005384715684
ENSG00000243406	-0.0637148977444773
ENSG00000136108	0.214470898048798
ENSG00000136099	0.631715230284945
ENSG00000204899	0.194529025212006
ENSG00000136111	-0.0291514040040975
ENSG00000228444	0.253501014868593
ENSG00000102805	0.0896003101360722
ENSG00000005810	0.0429287988121255
ENSG00000139737	-0.104174824625612
ENSG00000152193	0.141650281431144
ENSG00000214182	-0.166421579730149
ENSG00000178235	0.0845501938587567
ENSG00000272515	-0.0316317832897516
ENSG00000165300	0.0341143674041082
ENSG00000134874	0.31079703025064
ENSG00000247400	0.17415559123732
ENSG00000276809	0.0403478676973515
ENSG00000102595	0.0211738847047638
ENSG00000185352	-0.0990017039004627
ENSG00000102572	-0.0269415078603091
ENSG00000260992	-0.633208073811738
ENSG00000134882	0.0142520270434947
ENSG00000169508	0.0698783236314054
ENSG00000280734	-0.176212418775162
ENSG00000043355	0.516805035579638
ENSG00000125247	-0.228520863271811
ENSG00000237082	-0.709729087547815
ENSG00000272143	0.00868645582912564
ENSG00000276957	0.0314399251753853
ENSG00000134900	0.0507870783833327
ENSG00000134901	-0.00180237085729727
ENSG00000125266	0.196889630877891
ENSG00000274204	-0.320262716231482
ENSG00000102524	0.0385665336501631
ENSG00000185950	0.148475786574
ENSG00000274331	0.317015079108537
ENSG00000276269	-0.223960626715922
ENSG00000187498	-0.0203684750554152
ENSG00000134871	-0.0444214478961871
ENSG00000139832	-0.0338038996839348
ENSG00000153487	0.25889559176971
ENSG00000277767	0.310943658704426
ENSG00000126216	-0.0398220180461522
ENSG00000277159	0.0448979526408644
ENSG00000057593	0.0673395492803931
ENSG00000185896	-0.242509513416944
ENSG00000153531	0.015352194815897
ENSG00000184497	-0.06435039521229
ENSG00000185989	0.0289047005561691
ENSG00000226158	0.162673201918817
ENSG00000260615	0.100996093514095
ENSG00000258768	0.0808766672615446
ENSG00000287735	-0.0941566803622396
ENSG00000129484	-0.0521675574008766
ENSG00000092094	-0.0910489280941088
ENSG00000100823	-0.0483971591460332
ENSG00000198805	0.220948340079815
ENSG00000169413	0.0917711108673329
ENSG00000129538	-0.403281091894278
ENSG00000169397	0.085723172888896
ENSG00000136315	-0.213461018640207
ENSG00000169385	0.301048745579759
ENSG00000100888	-0.0523693031549321
ENSG00000165819	-0.225290773887399
ENSG00000100439	0.218464914027908
ENSG00000155463	0.023878174797692
ENSG00000155465	-0.0228827813360634
ENSG00000100461	-0.069968066133688
ENSG00000129474	-0.199218067801729
ENSG00000100802	-0.112298077663944
ENSG00000280129	-0.133351809208799
ENSG00000139880	0.115327303255791
ENSG00000100813	-0.179582624951387
ENSG00000283654	-0.128388261452002
ENSG00000235194	0.0860434455622534
ENSG00000100836	-0.122195939744123
ENSG00000100842	-0.26309979240658
ENSG00000166091	-0.30724349577815
ENSG00000197616	0.1333324459788
ENSG00000092054	0.365182935892159
ENSG00000136367	0.0861077006849378
ENSG00000273618	-0.28952129328124
ENSG00000258727	-0.243935798143364
ENSG00000100867	0.088415379539414
ENSG00000215256	0.0100087832892959
ENSG00000100889	0.0317729098117342
ENSG00000139914	-0.150641269685503
ENSG00000100911	0.095915288513849
ENSG00000092098	0.0330768570872299
ENSG00000213928	0.249048866145993
ENSG00000100918	-0.114439246332639
ENSG00000196497	-0.159376476911169
ENSG00000276698	-0.075740124361249
ENSG00000092330	0.05615372091346
ENSG00000100949	-0.217046910340125
ENSG00000157379	-0.150216706983404
ENSG00000213906	-0.0581638390824283
ENSG00000213903	-0.18209835366728
ENSG00000129467	-0.246956998230568
ENSG00000205978	-0.093380459889653
ENSG00000100448	-0.0385425093206292
ENSG00000288100	0.0922390644548058
ENSG00000100478	-0.0109409487805659
ENSG00000258655	0.30034602157984
ENSG00000165389	0.367014140621907
ENSG00000100883	0.0604845904260153
ENSG00000151327	-0.0636927394951737
ENSG00000100902	0.121116545887212
ENSG00000100906	-0.135666589467886
ENSG00000259017	-0.054360168329286
ENSG00000168348	0.198065901590231
ENSG00000258938	-0.0993369974793454
ENSG00000257272	0.191143269585978
ENSG00000257307	0.224118948178809
ENSG00000258844	-0.576217190635963
ENSG00000136327	-0.174244329561126
ENSG00000258696	-0.313487852241052
ENSG00000258948	0.0614299338477991
ENSG00000100934	0.226429517658403
ENSG00000270503	-0.105538967190091
ENSG00000150527	0.0186131067814299
ENSG00000289436	0.220349102918272
ENSG00000129534	0.0970368394253085
ENSG00000168282	0.195203382964744
ENSG00000087299	0.0844925406782129
ENSG00000012983	0.077926679889363
ENSG00000198513	-0.0461645997691921
ENSG00000269906	0.140604538893426
ENSG00000100503	0.129903339613675
ENSG00000100504	-0.0535143511740754
ENSG00000258711	-0.117283161881021
ENSG00000087301	0.0821780296767955
ENSG00000100519	0.0996147585730626
ENSG00000288045	0.33706122421902
ENSG00000100523	0.0172598029007983
ENSG00000020577	-0.0195159907436747
ENSG00000131979	0.314078503908967
ENSG00000289523	-0.263615657590336
ENSG00000178974	0.0958792422715909
ENSG00000126775	-0.102287009834787
ENSG00000139946	0.0984987900543518
ENSG00000053770	0.232619573761261
ENSG00000139977	0.199649058762399
ENSG00000259969	0.503912676835643
ENSG00000100567	0.0982462240329829
ENSG00000165617	0.393823000972457
ENSG00000100592	0.211999630331805
ENSG00000139974	0.0333295519980608
ENSG00000100644	0.589029863911332
ENSG00000258943	0.19927593359206
ENSG00000100714	-0.0646971749500587
ENSG00000126803	-0.28762801011783
ENSG00000126822	-0.590027004963539
ENSG00000139998	-0.152103349640081
ENSG00000257365	-0.219623072176944
ENSG00000125952	-0.0582085522276559
ENSG00000259078	-0.291207133220641
ENSG00000100554	0.108122189168781
ENSG00000134001	0.138307142221699
ENSG00000054690	-0.707333037253856
ENSG00000259648	0.194493126265533
ENSG00000081181	0.0383552896687933
ENSG00000286861	-0.0850637889725212
ENSG00000072121	-0.0633256099288783
ENSG00000072110	0.0133428096999558
ENSG00000258967	0.554078094571559
ENSG00000139990	-0.0239501813374966
ENSG00000081177	-0.0423096334854316
ENSG00000280073	-0.0324944780482077
ENSG00000029364	0.0237013479227651
ENSG00000267909	-0.0817696650096694
ENSG00000100647	0.0035340209445145
ENSG00000198732	-0.0273473027405054
ENSG00000100678	-0.000511406489587721
ENSG00000274330	-0.347029912980824
ENSG00000133997	0.0513779612833032
ENSG00000006432	0.0771817419842212
ENSG00000259153	0.195226490928415
ENSG00000119707	0.0785408650557876
ENSG00000080815	-0.257124108501835
ENSG00000100767	0.19591094755607
ENSG00000258376	-0.0524992492404754
ENSG00000258944	-0.126368496040015
ENSG00000133961	-0.0199166389412945
ENSG00000176903	0.272570955083167
ENSG00000156030	0.0330555618341969
ENSG00000156050	0.039280718856784
ENSG00000119723	-0.107537504677295
ENSG00000119688	-0.0650014945005574
ENSG00000279594	-0.54769468720551
ENSG00000119640	0.0909607309210622
ENSG00000170348	0.164065159774319
ENSG00000289340	0.148314407213271
ENSG00000170345	-0.428358100745617
ENSG00000259319	0.128880761878355
ENSG00000140044	0.0174579578274403
ENSG00000119650	-0.0193613870485847
ENSG00000119699	-0.0801493855590015
ENSG00000071246	-0.13331228323774
ENSG00000013523	-0.235714016447088
ENSG00000165553	0.12351001947099
ENSG00000100577	-0.135220435214943
ENSG00000100591	-0.0674444992805518
ENSG00000100596	-0.201860590833638
ENSG00000165417	0.272925841059912
ENSG00000185070	0.103403157209685
ENSG00000100433	0.0617226026805884
ENSG00000042317	0.1406074235109
ENSG00000278576	-0.16241920073649
ENSG00000042088	0.0505780942378587
ENSG00000100764	0.0404909609906764
ENSG00000119720	-0.0893197201108416
ENSG00000198668	0.0560171358260391
ENSG00000258424	-0.27595425245872
ENSG00000133943	0.0195807770474072
ENSG00000100599	0.0111385899784499
ENSG00000100600	0.0679519289866012
ENSG00000066455	-0.0426826494593356
ENSG00000100604	0.487500847000909
ENSG00000165943	0.266396022768087
ENSG00000012963	0.259039141388603
ENSG00000011114	0.0514849116212928
ENSG00000175785	-0.308253343138569
ENSG00000089723	-0.0336309616282476
ENSG00000089737	-0.0773120882366889
ENSG00000165948	0.160566935796667
ENSG00000119698	0.00849954524509582
ENSG00000197249	-0.409518771136583
ENSG00000196136	0.651816174813409
ENSG00000100697	-0.0248570023840119
ENSG00000176438	-0.0805780788015024
ENSG00000247092	0.128132483344448
ENSG00000168398	0.0620819953794191
ENSG00000090060	0.139766796972292
ENSG00000258702	0.117486196419587
ENSG00000127152	0.0683782285324255
ENSG00000168350	-0.373525266144136
ENSG00000258666	0.532302074393967
ENSG00000140105	0.0278232823076268
ENSG00000288302	-0.0277489918154646
ENSG00000272444	-0.117730785346383
ENSG00000197102	-0.125551947942368
ENSG00000240457	0.0863828329408809
ENSG00000080824	0.334079785001993
ENSG00000022976	-0.195750243967156
ENSG00000156381	0.245257497100404
ENSG00000089902	0.044927641262115
ENSG00000100664	0.174336327128375
ENSG00000260285	-0.208563897748527
ENSG00000246451	0.065238204155405
ENSG00000269958	-0.29972809564814
ENSG00000156414	-0.0408618881337799
ENSG00000203485	-0.707403578051072
ENSG00000185100	-0.0991306371519253
ENSG00000179627	-0.161118995176018
ENSG00000258811	-0.0739940073493669
ENSG00000170779	-0.0187083905719226
ENSG00000179364	-0.474861581203437
ENSG00000226174	0.0692529412783246
ENSG00000251602	-0.154949398447945
ENSG00000184986	-0.522238397856349
ENSG00000211893	-0.34162216133043
ENSG00000211895	-0.809477110409467
ENSG00000211896	-1.10194607468328
ENSG00000211899	-0.4981375624566
ENSG00000276775	-0.373923207068265
ENSG00000211938	-0.353703214904584
ENSG00000211947	-0.258391895110371
ENSG00000211949	-0.577900542694185
ENSG00000211966	-0.714307917463801
ENSG00000180229	-0.253825682518343
ENSG00000277435	0.528078334039595
ENSG00000140157	5.32764696007213e-05
ENSG00000275835	-0.0477639692922401
ENSG00000179455	-0.0121894224570601
ENSG00000128739	-0.0337935370660342
ENSG00000280234	0.5780858365885
ENSG00000114062	0.0755278316656947
ENSG00000166206	0.113898458146879
ENSG00000186297	0.141436238660407
ENSG00000206149	-0.193104627374556
ENSG00000254398	-0.0485612815013334
ENSG00000260844	-0.00406751588362518
ENSG00000289209	0.284073071925062
ENSG00000256802	0.0936926768276377
ENSG00000104067	-0.0242948599449556
ENSG00000259523	0.18056933025098
ENSG00000259647	-0.731149032731975
ENSG00000260174	-0.657834004407428
ENSG00000270016	-0.365620704780842
ENSG00000166923	-0.599602735870348
ENSG00000278472	0.0509829508242233
ENSG00000182405	0.109289568935288
ENSG00000140199	-0.00137160159266114
ENSG00000261559	-0.0945956661134446
ENSG00000215252	0.387534641568515
ENSG00000288808	-0.099840335515591
ENSG00000274444	-0.716318145020084
ENSG00000137801	0.292929064809226
ENSG00000261136	-0.146372177329864
ENSG00000248508	-0.0740877267520112
ENSG00000230778	-0.59785132478603
ENSG00000273855	-0.320633431645863
ENSG00000188549	-0.302704056318477
ENSG00000169105	0.042994219737056
ENSG00000128891	-0.061322148274423
ENSG00000245849	-0.223973236781542
ENSG00000166140	-0.162547268005575
ENSG00000251161	-0.250965542936412
ENSG00000128917	-0.498847751845835
ENSG00000128908	-0.0573592713158321
ENSG00000187446	-0.0380414985245192
ENSG00000062524	-0.180131317705852
ENSG00000103966	0.095423984319628
ENSG00000166887	-0.124764704485705
ENSG00000092529	-0.595245487903698
ENSG00000092531	0.0801787708378088
ENSG00000137814	-0.0175986879422359
ENSG00000260490	-0.623632169928657
ENSG00000159433	-0.226368664354886
ENSG00000159459	0.088707407070098
ENSG00000137842	-0.0475352312908875
ENSG00000137822	-0.0859687027114322
ENSG00000067369	0.053390310196507
ENSG00000166963	-0.239037249246841
ENSG00000168781	0.027691681306786
ENSG00000206991	1.0765599417001
ENSG00000223572	0.0489964351579665
ENSG00000140264	-0.0800033720325557
ENSG00000140259	0.0308465906950187
ENSG00000166734	0.390445324240656
ENSG00000259338	-0.293052981382865
ENSG00000104164	0.357604059868314
ENSG00000137767	0.00913697106609864
ENSG00000273972	0.0202530188941471
ENSG00000128951	0.12035366151038
ENSG00000185634	-0.0110220226375285
ENSG00000138593	0.0587260183342705
ENSG00000104064	0.0516234375044739
ENSG00000138600	0.253996251074777
ENSG00000081014	-0.0367944005623024
ENSG00000186417	-0.220246854293696
ENSG00000259668	-0.328578008596094
ENSG00000140280	0.146792290006174
ENSG00000138594	0.0435805886515279
ENSG00000274528	0.0654423157023875
ENSG00000137875	0.0867558190462043
ENSG00000276533	0.411482401355405
ENSG00000069943	-0.0407837507310715
ENSG00000260916	0.297878749752284
ENSG00000277245	0.392993139528379
ENSG00000137871	-0.068515639613237
ENSG00000274667	-0.0687180563456468
ENSG00000276524	0.628628837572707
ENSG00000140262	0.0288965479658322
ENSG00000247982	-0.302292544778856
ENSG00000137878	0.0404203832936776
ENSG00000259250	0.0912693041730675
ENSG00000137845	0.0716337705237947
ENSG00000245975	-0.0952920912861044
ENSG00000277144	-0.12885976479814
ENSG00000259732	-0.987211612794865
ENSG00000182718	-0.0396493273105209
ENSG00000273958	-0.0975311982953048
ENSG00000259251	-0.0515390527959842
ENSG00000198535	-0.232852221542002
ENSG00000205502	-0.298717748722023
ENSG00000103642	0.16308757417173
ENSG00000074410	0.278480735862237
ENSG00000028528	-0.163281777539858
ENSG00000157734	-0.361708338689417
ENSG00000166794	0.0372245849898167
ENSG00000103707	0.040819540583816
ENSG00000090470	0.0889702165937359
ENSG00000103742	0.276238300077895
ENSG00000074603	0.18880723848298
ENSG00000074696	0.226114070202329
ENSG00000138614	-0.0277884387835113
ENSG00000174485	0.0784652090787863
ENSG00000103769	0.139039788116032
ENSG00000169032	0.119119117402027
ENSG00000174446	0.110982303116002
ENSG00000174442	0.026924696138397
ENSG00000137834	-0.114257808780276
ENSG00000103591	0.0563371391409644
ENSG00000137764	-0.062265849324318
ENSG00000188779	0.0409256641168546
ENSG00000033800	0.056558873844452
ENSG00000129007	0.0111456854198748
ENSG00000137818	-0.119875049631971
ENSG00000137831	-0.132480739443303
ENSG00000166173	-0.407408818943172
ENSG00000259744	-0.410407431595988
ENSG00000137821	0.0254153789201644
ENSG00000129028	0.124114441239838
ENSG00000166192	-0.00178367329738558
ENSG00000067225	0.164155614860601
ENSG00000137817	-0.0880726113520792
ENSG00000140488	-0.124090016360736
ENSG00000213614	-0.0275464461953754
ENSG00000166233	0.061559589517472
ENSG00000159322	-0.00394836903774661
ENSG00000067141	-0.067883672466581
ENSG00000156642	0.472613734668041
ENSG00000281183	0.248372113753522
ENSG00000140464	-0.0623760788524943
ENSG00000167178	0.101031312268469
ENSG00000248540	-0.0399203335803575
ENSG00000138623	-0.259190461594569
ENSG00000140474	-0.0266200339417431
ENSG00000140497	-0.180343126771221
ENSG00000178802	-0.0091610470976972
ENSG00000140365	-0.0880684556460786
ENSG00000140400	-0.1892163316532
ENSG00000169371	-0.14056151713426
ENSG00000177971	-0.107021649774048
ENSG00000274515	0.328949330856105
ENSG00000173548	0.0652772554981486
ENSG00000117906	0.36825379959296
ENSG00000259565	-0.476103676328285
ENSG00000269951	0.328553682920527
ENSG00000173517	-0.0355377559306564
ENSG00000140382	-0.0397550840610896
ENSG00000167202	0.0251334466287303
ENSG00000166411	-0.00996633703031812
ENSG00000140403	0.416350810006078
ENSG00000140395	0.0403636574697418
ENSG00000188266	-0.0233445181380576
ENSG00000041357	0.174197131659042
ENSG00000252061	0.0745923570946577
ENSG00000058335	-0.190543455119102
ENSG00000278600	0.047164332208206
ENSG00000140379	0.0954381925469709
ENSG00000086666	0.268930880097799
ENSG00000259417	-0.501536008058951
ENSG00000136379	0.0641047024333172
ENSG00000277782	0.197243644577116
ENSG00000197978	0.178152135463496
ENSG00000279758	0.0872593965556793
ENSG00000103942	-0.0166352778621315
ENSG00000169612	0.114820012508419
ENSG00000169609	0.0374423730508774
ENSG00000140600	-0.175468932853784
ENSG00000230373	-0.0371240631266798
ENSG00000197696	0.241773975438439
ENSG00000073417	-0.301042080190498
ENSG00000183655	0.155077479158818
ENSG00000181991	-0.149348713981538
ENSG00000181026	-0.110615883394935
ENSG00000172183	-0.0753898520571974
ENSG00000140511	-0.106609489511561
ENSG00000140521	-0.153354204842319
ENSG00000261478	-0.402115669473232
ENSG00000166819	0.46811779592142
ENSG00000166825	-0.207383571627684
ENSG00000185033	0.136149273797125
ENSG00000213471	0.0501228891409828
ENSG00000182768	0.143044181153023
ENSG00000196391	-0.000895217808517705
ENSG00000140577	-0.205726372618364
ENSG00000182511	-0.342514294760998
ENSG00000196547	-0.3877103334424
ENSG00000166965	0.141433362353136
ENSG00000198901	0.0763278644643223
ENSG00000184056	0.12075813519745
ENSG00000285883	-0.0183238331828859
ENSG00000140557	-0.0054574061989679
ENSG00000258647	-0.0396256121967333
ENSG00000260337	-0.160329246826448
ENSG00000272888	0.098597888187064
ENSG00000173575	0.0194492966355606
ENSG00000280304	0.0175052464070375
ENSG00000278022	-0.379142095143173
ENSG00000261616	-0.0895200577665883
ENSG00000168904	0.0137403753162596
ENSG00000241562	-0.0318079339461218
ENSG00000068305	-0.00511389916693756
ENSG00000189419	-0.0691592777487714
ENSG00000183475	0.0432611247578277
ENSG00000259583	-0.168563418658462
ENSG00000154237	-0.0585819515276249
ENSG00000131873	0.178664598369241
ENSG00000131876	-0.0933267761420695
ENSG00000279970	-0.606750487244577
ENSG00000007384	-0.13864497743087
ENSG00000206177	-0.0283892916208302
ENSG00000188536	0.864450909936374
ENSG00000206172	0.408406290820115
ENSG00000167930	-0.287423192575686
ENSG00000103202	0.0781060636672068
ENSG00000228201	-0.31973704481603
ENSG00000140983	-0.165530173669519
ENSG00000103227	-0.234164407738123
ENSG00000260022	-0.0933258196798086
ENSG00000260316	-0.191018568531243
ENSG00000260439	-0.107655127377761
ENSG00000260807	-0.534537811841537
ENSG00000005513	-0.312070318184949
ENSG00000273551	-0.210000565604324
ENSG00000196557	-0.533143664395693
ENSG00000095917	0.407000447852003
ENSG00000260182	0.12951302612506
ENSG00000261505	-0.204427198331353
ENSG00000059145	-0.0778609667309739
ENSG00000174109	-0.0379959634950026
ENSG00000197599	-0.167339642438277
ENSG00000279930	-0.285347923759849
ENSG00000007545	-0.0438975583648857
ENSG00000261399	-0.355176334584389
ENSG00000099769	-0.219515053045033
ENSG00000140988	0.0215446905651508
ENSG00000255198	0.103719436747609
ENSG00000183751	-0.219809182005658
ENSG00000261790	-0.136227643236039
ENSG00000167962	-0.227751906904006
ENSG00000008710	0.0963624989774416
ENSG00000260260	-0.116428201229863
ENSG00000131653	-0.150250434671502
ENSG00000167967	-0.0889989740528396
ENSG00000167968	-0.178699116255061
ENSG00000260778	0.0328182160748854
ENSG00000162066	-0.297097218083241
ENSG00000140992	-0.0531112963336963
ENSG00000269937	-0.185153982463787
ENSG00000215154	-0.00285407974446826
ENSG00000260565	-0.229550447400436
ENSG00000167977	-0.0567589608980879
ENSG00000205913	-0.146638965191809
ENSG00000131650	0.0293527153823923
ENSG00000162073	-0.413903517195945
ENSG00000213937	-0.445325241644778
ENSG00000006327	0.168349463422513
ENSG00000131652	-0.253988856036485
ENSG00000008517	-0.209682583834085
ENSG00000263072	0.0640649415110369
ENSG00000261889	0.277277808928496
ENSG00000168124	-0.0934634258012897
ENSG00000010539	0.107343469399935
ENSG00000006194	0.0545121041956913
ENSG00000279031	0.0524004931309828
ENSG00000140993	0.148193189305693
ENSG00000162086	-0.0407589947634505
ENSG00000213918	-0.071883857885619
ENSG00000263235	-0.156296907623528
ENSG00000126602	0.0108496299832966
ENSG00000005339	-0.0448332078746823
ENSG00000262686	0.0091684115719668
ENSG00000103423	-0.0702409759587817
ENSG00000277170	-0.0386991672870325
ENSG00000277440	0.41827580187407
ENSG00000278434	-0.188792119117122
ENSG00000168101	-0.1233403937197
ENSG00000103199	-0.196510141960556
ENSG00000140623	-0.384471860870772
ENSG00000267795	-0.179716835009297
ENSG00000267077	-0.495185912994257
ENSG00000140632	0.0442653780629303
ENSG00000275056	-0.118916889769725
ENSG00000118900	-0.110592644097372
ENSG00000103184	-0.211050294208014
ENSG00000033011	-0.136084151707134
ENSG00000280000	-4.01380793991883e-06
ENSG00000067365	-0.0218934419952241
ENSG00000140650	-0.0374657650878029
ENSG00000153048	-0.32599489181009
ENSG00000187555	0.0849218352489245
ENSG00000262488	0.0612639687237758
ENSG00000274038	0.291126680487897
ENSG00000153066	0.00532846727472859
ENSG00000262420	0.17155732252928
ENSG00000261560	0.0624375976201707
ENSG00000103381	-0.130199759349081
ENSG00000175595	0.0332461569028195
ENSG00000262097	-0.0323726642170168
ENSG00000186260	0.237359362082495
ENSG00000140694	-0.0637326661025754
ENSG00000179889	-0.0107297392888161
ENSG00000261819	-0.260978739490057
ENSG00000275910	-0.243621070549929
ENSG00000157045	0.0130026693177031
ENSG00000085721	0.231539106112748
ENSG00000250251	-0.0467292524146856
ENSG00000156968	-0.0680895520157622
ENSG00000166783	-0.091872629415396
ENSG00000072864	-0.332860696817091
ENSG00000280206	-0.600075824461759
ENSG00000133393	0.186607359074097
ENSG00000103489	0.0542884748383215
ENSG00000286849	-0.131487800827463
ENSG00000275927	0.124671809952657
ENSG00000170540	0.622973815270628
ENSG00000170537	-0.230740188104095
ENSG00000261357	-0.552853808769635
ENSG00000278389	-0.0618264391060191
ENSG00000103528	-0.0624847843752424
ENSG00000103544	-0.129684997130349
ENSG00000261195	-0.0283329527464917
ENSG00000188215	-0.0542917088942551
ENSG00000140749	0.167365640466477
ENSG00000260306	0.23887154432133
ENSG00000140740	0.159400555523197
ENSG00000286808	-0.124185150237415
ENSG00000103404	-0.0908543546564586
ENSG00000260136	0.0128987052253498
ENSG00000260751	-0.0845943270798866
ENSG00000083093	0.0212976432351709
ENSG00000166847	-0.0218177074979166
ENSG00000158865	-0.75438809059603
ENSG00000205629	-0.0937290449569004
ENSG00000274925	-0.104208432373444
ENSG00000182601	0.0640619186382085
ENSG00000259940	-0.381039373941679
ENSG00000077238	0.0756673359635164
ENSG00000047578	-0.0619488868274115
ENSG00000261329	-0.247202598603826
ENSG00000246465	0.0905658755115495
ENSG00000270424	0.359434520048253
ENSG00000240634	-0.0911256090794394
ENSG00000178952	-0.0590249698250107
ENSG00000178188	-0.158498561561151
ENSG00000260442	-0.277590650143371
ENSG00000177548	-0.265402824586007
ENSG00000259807	-0.0247510392730983
ENSG00000277999	-0.213740601167542
ENSG00000260727	0.233749707969547
ENSG00000185905	-0.194103280062432
ENSG00000079616	-0.102944669530844
ENSG00000238045	-0.0606069440983368
ENSG00000013364	-0.378937093869318
ENSG00000149929	-0.144412274279574
ENSG00000149925	0.111565959289765
ENSG00000149923	-0.125326712817889
ENSG00000149922	-0.0418490295530781
ENSG00000090238	-0.0276127105917782
ENSG00000102886	-0.0898996908163637
ENSG00000275371	-0.336921143138801
ENSG00000102879	-0.0903496088010696
ENSG00000261052	-0.107576037135791
ENSG00000169217	-0.0482148613341581
ENSG00000169221	-0.378124217650857
ENSG00000179965	-0.155709483157974
ENSG00000179918	0.171011291606849
ENSG00000169957	-0.0802969673693978
ENSG00000169955	0.0134329163216264
ENSG00000197162	-0.0441524911879411
ENSG00000156853	-0.0131583880931552
ENSG00000156860	-0.239353696068436
ENSG00000261840	-0.119777422274055
ENSG00000280211	0.0688236233262099
ENSG00000102870	-0.0399015844258968
ENSG00000150281	0.111893403473248
ENSG00000260852	-0.168668399071871
ENSG00000099364	-0.245160551750119
ENSG00000275263	-0.493840843974374
ENSG00000099377	-0.0217908801030969
ENSG00000103496	-0.33629931975082
ENSG00000260911	-0.335369777095692
ENSG00000280160	0.0666278451366984
ENSG00000103507	-0.0768523562475996
ENSG00000089280	-0.0459186465859322
ENSG00000261245	0.127670393518782
ENSG00000260267	-0.041609240623612
ENSG00000140691	-0.0530727606217344
ENSG00000280132	-0.0646826921056052
ENSG00000140688	-0.213187554172315
ENSG00000260625	0.0245518339130818
ENSG00000169877	0.15935975756533
ENSG00000197302	0.100040007588014
ENSG00000069329	0.246483324415386
ENSG00000129636	0.0869847997562739
ENSG00000260012	-0.177965260835205
ENSG00000102910	0.0562908422242574
ENSG00000280067	0.221780154296146
ENSG00000275155	-0.149074339701447
ENSG00000140807	-0.171020025666058
ENSG00000278909	-0.0636440130592432
ENSG00000167208	-0.0795842001646022
ENSG00000103449	-0.249275292481344
ENSG00000280344	-0.19121430923312
ENSG00000279722	-0.0873187006864562
ENSG00000140718	-0.0360129977995313
ENSG00000261997	-0.228318557919299
ENSG00000087258	-0.152438352821346
ENSG00000279764	0.0214290637343985
ENSG00000159461	-0.0190975929955757
ENSG00000087263	0.0328345683163364
ENSG00000125148	0.561294892212729
ENSG00000260549	0.249652690687105
ENSG00000169715	0.459339076194038
ENSG00000205364	0.529069986692722
ENSG00000255986	0.214417553137719
ENSG00000205362	0.209765820483258
ENSG00000125144	0.755646280073308
ENSG00000187193	0.356854976298037
ENSG00000102900	-0.274167328815068
ENSG00000051108	0.00875447323584788
ENSG00000261270	-0.0458987383328849
ENSG00000261114	0.326192364003448
ENSG00000140853	-0.0792315652490959
ENSG00000279803	-0.794500612643562
ENSG00000159579	0.0860343307501903
ENSG00000276663	-0.253706319344777
ENSG00000102934	-0.411973465949809
ENSG00000005194	-0.0962791553947703
ENSG00000125170	0.0228458650818671
ENSG00000135736	-0.217568929205171
ENSG00000276166	-0.202959895411907
ENSG00000260927	-0.0597012528886406
ENSG00000103037	0.0750164920148825
ENSG00000125166	-0.0606870165306258
ENSG00000286653	0.32792588126869
ENSG00000140937	0.0985535706502829
ENSG00000289353	-0.0665711903991029
ENSG00000140931	0.0655178375867142
ENSG00000172840	0.142031781196332
ENSG00000166592	0.451764081606306
ENSG00000289415	-0.231452818965213
ENSG00000067955	0.101456583851506
ENSG00000237172	0.227244276721139
ENSG00000205250	-0.0271093251773759
ENSG00000239194	-0.322065519068917
ENSG00000270049	-0.03771892605279
ENSG00000276075	0.152242829995196
ENSG00000102974	-0.0826776531629146
ENSG00000102981	-0.241749588196257
ENSG00000141098	-0.0344949891127921
ENSG00000038358	-0.0403270429937618
ENSG00000141086	-0.382829141699645
ENSG00000167261	-0.0763022465154039
ENSG00000182810	-0.0723799030150633
ENSG00000274698	0.464354283385563
ENSG00000260577	-0.280451360555297
ENSG00000260459	-0.704638501855834
ENSG00000141076	-0.0761441612855094
ENSG00000168807	0.0886683869969324
ENSG00000132603	0.117610056618097
ENSG00000141101	-0.0737401186402337
ENSG00000157349	-0.020041978559302
ENSG00000168872	-0.0605153104189145
ENSG00000103051	-0.108923226062672
ENSG00000189091	-0.0473693462727154
ENSG00000180917	0.193766282622394
ENSG00000167377	-0.000225471843524223
ENSG00000182149	-0.123515711661478
ENSG00000263232	-0.0800932206002343
ENSG00000102967	-0.159189485449653
ENSG00000257017	-0.632590320194868
ENSG00000140829	-0.0712158653217867
ENSG00000260664	-0.0926577421338692
ENSG00000103035	-0.0862421081270604
ENSG00000168411	-0.0409543371730687
ENSG00000168404	0.0293072296275965
ENSG00000103089	-0.647891469877012
ENSG00000186187	-0.0620358234381369
ENSG00000184517	0.167214672321083
ENSG00000050820	-0.274522470759357
ENSG00000280152	0.205154014911851
ENSG00000153774	-0.040999381563924
ENSG00000274220	0.00665556072948472
ENSG00000166822	0.346546780487958
ENSG00000183196	-0.18496939186613
ENSG00000166848	0.159875524782417
ENSG00000152910	-0.375226353562174
ENSG00000178573	0.346614288988503
ENSG00000166446	0.0587333003535417
ENSG00000278985	-0.0776943413983612
ENSG00000166454	0.225761553287243
ENSG00000261141	-0.00974566265072219
ENSG00000260495	0.218175314591838
ENSG00000261609	0.300015960355301
ENSG00000153815	-0.0875632123641552
ENSG00000260788	-0.297960776739833
ENSG00000259914	-0.0267449492552511
ENSG00000103150	-0.055547623515067
ENSG00000140961	-0.097808080232383
ENSG00000103154	-0.318289799548446
ENSG00000103160	0.105759442153812
ENSG00000103168	-0.0813091656130181
ENSG00000064270	0.0127412002898427
ENSG00000103187	0.142838609507818
ENSG00000135686	0.0724977558103349
ENSG00000103196	0.0237825607315084
ENSG00000135709	0.0975381018910061
ENSG00000275393	-0.419478271219965
ENSG00000131148	-0.0703484208906049
ENSG00000268388	-0.0519101291043428
ENSG00000103241	-0.100815649817864
ENSG00000176678	0.004423640689792
ENSG00000276337	-0.126230725050534
ENSG00000289151	-0.194465730736847
ENSG00000167508	0.0302662201745074
ENSG00000278341	-0.239218349417792
ENSG00000103335	-0.107723777997674
ENSG00000129993	-0.0449151255618645
ENSG00000261226	0.108364298254659
ENSG00000256982	-0.24066953603557
ENSG00000259877	0.0325642293363488
ENSG00000197912	-0.117311435811018
ENSG00000158805	-0.182456122496568
ENSG00000204991	-0.0487971456852332
ENSG00000141002	-0.0473423042330429
ENSG00000140995	0.0143395852842584
ENSG00000177946	-0.113113160262
ENSG00000262061	-0.674493514733514
ENSG00000262708	0.0924780210612324
ENSG00000167699	0.0839468716417131
ENSG00000262228	-0.220619980434876
ENSG00000171861	-0.150464331728819
ENSG00000159842	0.0472938211786884
ENSG00000108953	0.0804006980058858
ENSG00000174238	-0.0245569407024588
ENSG00000167703	0.10827340681101
ENSG00000074660	0.0595050519651353
ENSG00000174231	-0.0917319186447514
ENSG00000185561	-0.00878217516042599
ENSG00000186594	0.157236932903111
ENSG00000287553	0.516575810460405
ENSG00000007168	0.0511390929041505
ENSG00000132359	0.11748964375198
ENSG00000167723	-0.282111481238202
ENSG00000263338	0.152617471970529
ENSG00000083454	-0.0552858724212301
ENSG00000074356	-0.308913548684628
ENSG00000004660	0.00125122285441751
ENSG00000074755	-0.101129433309138
ENSG00000167740	-0.0420772131146086
ENSG00000261868	-0.332820486478764
ENSG00000183018	-0.302738510145015
ENSG00000132382	-0.171435020759997
ENSG00000188176	-0.146363517712511
ENSG00000141480	-0.188027399910717
ENSG00000161920	-0.172948329007921
ENSG00000280254	0.108864212672283
ENSG00000142507	-0.133701164998556
ENSG00000205710	-0.310084558401809
ENSG00000108518	-0.274525181775813
ENSG00000091640	-0.0442774050330267
ENSG00000129250	-0.163563856986517
ENSG00000180787	0.0276612735358114
ENSG00000234327	-0.01179833898235
ENSG00000180626	0.11586327838108
ENSG00000108559	-0.0499424102119791
ENSG00000108561	0.141256414350625
ENSG00000072849	0.100009066937142
ENSG00000286190	0.365477471329291
ENSG00000179314	-0.187727652130726
ENSG00000108590	-0.00494044390259933
ENSG00000279296	0.0371535458937458
ENSG00000262089	-0.144776163665667
ENSG00000174327	-0.0809495152413765
ENSG00000004975	-0.0815362644422703
ENSG00000040633	-0.0595855759865101
ENSG00000170296	0.0676404526548902
ENSG00000181885	-0.178370143979947
ENSG00000132507	-0.0152483122974697
ENSG00000132522	-0.197285493309188
ENSG00000215041	-0.148519270804656
ENSG00000072818	-0.25970613424838
ENSG00000181284	0.37673583740322
ENSG00000181222	-0.103529128124192
ENSG00000239697	0.0328377564746517
ENSG00000161956	-0.0660456824250261
ENSG00000161960	0.128263705993279
ENSG00000209582	-0.267149910633319
ENSG00000238917	-0.241122683307987
ENSG00000141504	-0.0420463402307903
ENSG00000170037	-0.0856693198891211
ENSG00000179593	-0.299371424755749
ENSG00000179111	0.349580226586197
ENSG00000179094	0.0626448720945351
ENSG00000220205	-0.122523746125048
ENSG00000178971	-0.0506365063327474
ENSG00000108961	-0.108672489797044
ENSG00000184619	-0.0324703874701407
ENSG00000166579	0.0327082706949404
ENSG00000133026	0.0394762576908415
ENSG00000109047	0.209534559781838
ENSG00000109063	-0.193601474610087
ENSG00000133028	-0.0138825275522851
ENSG00000264176	-0.083608489913916
ENSG00000263429	0.0850785151188572
ENSG00000233670	0.679224308852683
ENSG00000065559	0.0914221532623368
ENSG00000006740	-0.0227117555220982
ENSG00000006744	-0.0635128543779244
ENSG00000175106	-0.0589773439357256
ENSG00000214941	-0.219337435857823
ENSG00000011295	0.197463404735164
ENSG00000266651	-0.184237820548183
ENSG00000181350	-0.176233992929042
ENSG00000141040	0.0612973592689798
ENSG00000278864	-0.0422323986413558
ENSG00000141030	-0.0389939191573243
ENSG00000215030	0.554595098230729
ENSG00000141026	0.115709181860791
ENSG00000108551	0.468255895502271
ENSG00000226746	0.171122279489974
ENSG00000072310	-0.1958540346747
ENSG00000141034	-0.0774286352229865
ENSG00000177731	-0.327882346161915
ENSG00000177302	-0.0124886388295361
ENSG00000176994	-0.00408520238776609
ENSG00000176974	-0.020864321252149
ENSG00000220161	0.0790052360635414
ENSG00000186831	-0.0930465545429295
ENSG00000262074	0.02623304347805
ENSG00000262202	-0.257892484136746
ENSG00000072134	-0.0573631124427504
ENSG00000166482	-0.0571257963663081
ENSG00000227078	-0.0683979479116575
ENSG00000262681	0.102843480210642
ENSG00000261033	-0.152556817001863
ENSG00000128487	-0.126805232997028
ENSG00000260907	-0.0571225758140288
ENSG00000214819	-0.521058735836398
ENSG00000124422	-0.00613975136298015
ENSG00000274180	-0.0382447038366046
ENSG00000034152	0.149987306821956
ENSG00000184185	-0.00540723742524469
ENSG00000212719	-0.0560064631641615
ENSG00000265043	0.286608993076461
ENSG00000263368	0.0197513439626583
ENSG00000237575	-0.304060963655461
ENSG00000260777	-0.131571176337146
ENSG00000109084	0.0644152251296254
ENSG00000109083	0.032080241187935
ENSG00000109079	0.121874134615348
ENSG00000004142	0.00512694844915014
ENSG00000277450	0.11166266656213
ENSG00000279532	0.126789604101514
ENSG00000076351	0.0266980786934923
ENSG00000087111	-0.121423814302695
ENSG00000076382	0.148493803647137
ENSG00000167524	0.261414894920623
ENSG00000007202	-0.167841417824747
ENSG00000240494	-0.551252178744575
ENSG00000109111	-0.0900116093931679
ENSG00000167525	-0.116414043011119
ENSG00000264577	0.25551255798569
ENSG00000160602	-0.016800892515085
ENSG00000076604	-0.0610151020583713
ENSG00000265474	-0.152518403543946
ENSG00000173065	-0.0772111132619853
ENSG00000109118	-0.101840103335831
ENSG00000063015	0.0935837366241157
ENSG00000264050	-0.400960225610384
ENSG00000265625	-0.256830364886488
ENSG00000264943	-0.348310658450248
ENSG00000266865	-0.0347696712752481
ENSG00000126861	-0.0849782749184443
ENSG00000126860	-0.168439914394753
ENSG00000278546	0.12372021096399
ENSG00000277511	0.472303908151587
ENSG00000126858	0.0219256637318337
ENSG00000108666	0.0431355361743743
ENSG00000278668	0.261814093721835
ENSG00000108671	-0.0204316679791229
ENSG00000176658	-0.144541614620692
ENSG00000266718	-0.0881916605353172
ENSG00000108691	1.19591219437073
ENSG00000108700	0.336980701805117
ENSG00000197322	0.455273813304247
ENSG00000132141	0.0153539924109142
ENSG00000092871	-0.20061280659348
ENSG00000267369	-0.24239813254682
ENSG00000006125	-0.0139202379846405
ENSG00000271392	0.0187696924388295
ENSG00000270240	0.0327897758417846
ENSG00000277632	0.0957593221240199
ENSG00000275302	0.326065513461878
ENSG00000278259	-0.10969866374056
ENSG00000277161	0.343012539773805
ENSG00000278311	0.108624060172049
ENSG00000278535	0.0111005640638813
ENSG00000278540	-0.0487068716846375
ENSG00000278845	-0.0819281741194766
ENSG00000275832	-0.404206870896009
ENSG00000276170	0.115053847793142
ENSG00000277363	-0.475411082219313
ENSG00000273604	0.0459065993331047
ENSG00000277972	-0.236933862024902
ENSG00000277258	-0.135630607576057
ENSG00000277182	0.278663425474773
ENSG00000273559	0.0487397185303476
ENSG00000002834	0.10001426846252
ENSG00000286443	0.0240576460282836
ENSG00000141750	0.219814565071616
ENSG00000167258	-0.00994227766643022
ENSG00000173991	0.247716555890071
ENSG00000141736	0.141198618464758
ENSG00000141741	-0.183219073561303
ENSG00000108344	-0.11674598302147
ENSG00000108342	-0.321319239017398
ENSG00000126351	0.152951065903437
ENSG00000126368	-0.110563193931621
ENSG00000188895	0.0452041897310046
ENSG00000141753	-0.95273067238207
ENSG00000126353	0.0771237373549207
ENSG00000278834	-0.00941457394831547
ENSG00000213424	0.109346622650545
ENSG00000167920	-0.00313309711218605
ENSG00000171345	-0.16181045026353
ENSG00000173801	-0.229267453906339
ENSG00000131473	0.0701275320215339
ENSG00000173786	-0.510894292089625
ENSG00000168259	-0.00630746521531126
ENSG00000168256	-0.0879237615705577
ENSG00000108771	0.0798568317932862
ENSG00000108773	-0.149482470846975
ENSG00000126561	-0.0821737950615073
ENSG00000168610	0.0950209649231563
ENSG00000289579	-0.296835512095732
ENSG00000267632	0.149915453134697
ENSG00000108784	-0.188825427296115
ENSG00000108785	-0.186664155911725
ENSG00000266962	-0.100475292569912
ENSG00000108786	-0.103973166340399
ENSG00000068120	-0.199345422489115
ENSG00000108788	-0.0844737780027137
ENSG00000287710	-0.106163142667515
ENSG00000108797	0.165507094347817
ENSG00000183978	0.0598984942752558
ENSG00000126581	-0.150537995958791
ENSG00000266967	0.0646825358102144
ENSG00000198863	0.169130828092229
ENSG00000068079	0.151726356824577
ENSG00000198496	-0.134133483915695
ENSG00000267002	0.00706589025634134
ENSG00000279602	0.151326135345105
ENSG00000175906	0.549078577064603
ENSG00000108861	0.0378949353929279
ENSG00000161647	-0.0179729758828772
ENSG00000108852	-0.273733411902184
ENSG00000161653	-0.253196747532563
ENSG00000108840	-0.125159300281585
ENSG00000161664	-0.150873562578402
ENSG00000108312	-0.0158116691435101
ENSG00000013306	-0.0105697266092906
ENSG00000030582	-0.238154017469431
ENSG00000161682	-0.224593135885552
ENSG00000186566	-0.0521719225325285
ENSG00000180340	-0.18384151376921
ENSG00000267505	-0.0264271500624212
ENSG00000131097	-0.287664796676882
ENSG00000108883	-0.109677360765273
ENSG00000136448	0.00345912307084645
ENSG00000131094	-0.0272871671790788
ENSG00000181513	0.0435686519644234
ENSG00000186834	-0.0576251895640246
ENSG00000006062	0.114627379195657
ENSG00000267446	0.225043359550776
ENSG00000204650	0.145674514873457
ENSG00000279685	-0.183387626495581
ENSG00000261575	0.238049081496628
ENSG00000073969	0.0173788502530979
ENSG00000108433	-0.0933842712601217
ENSG00000004897	0.143080002653039
ENSG00000259207	0.00212482487250921
ENSG00000276790	-0.44534498809028
ENSG00000141279	0.0512173845886469
ENSG00000108439	0.119160966083481
ENSG00000263412	-0.139735903538602
ENSG00000108468	0.104679563977539
ENSG00000173917	-0.213892924667294
ENSG00000108798	-0.0903648793460338
ENSG00000198740	-0.100561237760763
ENSG00000248714	-0.000168217280717547
ENSG00000064300	0.219480568281494
ENSG00000121067	0.0803397212304823
ENSG00000121073	-0.0280311890118966
ENSG00000136504	-0.0851010586326512
ENSG00000005882	-0.168185277946857
ENSG00000188662	-0.0153748827942646
ENSG00000279792	0.0233566783359477
ENSG00000108826	-0.196700005702302
ENSG00000154920	0.0137082096961223
ENSG00000108829	-0.0604644272496597
ENSG00000136457	-0.133812791269992
ENSG00000250107	0.143738608829684
ENSG00000108848	0.198416430293976
ENSG00000239672	-0.185640805333238
ENSG00000011258	0.0314658109606821
ENSG00000011260	0.0772775617021391
ENSG00000262902	-0.463468282640598
ENSG00000141198	0.0359444993567624
ENSG00000108924	0.123670266592024
ENSG00000166292	0.210739980543007
ENSG00000183691	0.00400368233039343
ENSG00000121060	0.245697054700243
ENSG00000274213	0.187916396927974
ENSG00000181610	-0.014554067591335
ENSG00000180891	-0.384915228335141
ENSG00000136451	-0.13568196712522
ENSG00000279207	-0.25371236735458
ENSG00000265206	-0.257679725211732
ENSG00000108387	-0.136277621506689
ENSG00000108384	-0.0106592957114581
ENSG00000108395	0.223640717306782
ENSG00000068489	0.0211070604866257
ENSG00000153982	0.0952147983089886
ENSG00000175155	-0.193228507604322
ENSG00000273702	-0.113659128214293
ENSG00000141367	0.142866025753391
ENSG00000141378	0.0273629710444558
ENSG00000062716	0.101256330216584
ENSG00000108423	0.0677804185517202
ENSG00000267248	-0.0624148118756154
ENSG00000279133	0.0926828156624104
ENSG00000146872	-0.0221992018589557
ENSG00000159640	-0.171911427723488
ENSG00000108588	0.184972203967145
ENSG00000198231	0.0562813949174662
ENSG00000087191	0.0583185458955334
ENSG00000108604	-0.23886001870129
ENSG00000108622	-0.0890198553160141
ENSG00000178607	0.0566581650668087
ENSG00000261371	-0.031074718827288
ENSG00000271605	-0.0282340988129149
ENSG00000258890	0.0703699162582976
ENSG00000214176	0.00328111242362133
ENSG00000176809	0.01203864305106
ENSG00000108370	-0.0473559498972865
ENSG00000075461	-0.231267261491047
ENSG00000198265	0.0970640007846936
ENSG00000197170	0.221282343227711
ENSG00000279573	-0.120022694316848
ENSG00000182481	-0.0933968043918994
ENSG00000274561	-0.0974655001131155
ENSG00000277476	-0.443898649078826
ENSG00000267731	0.438109290854429
ENSG00000141338	-0.436278817571126
ENSG00000154258	-0.0047368968683563
ENSG00000108984	-0.0459872543461596
ENSG00000267365	-0.283777119456506
ENSG00000289371	-0.413083331355635
ENSG00000166685	-0.145895831672093
ENSG00000141219	0.0855306375951325
ENSG00000141540	-0.359227767574555
ENSG00000196169	-0.210159919823707
ENSG00000204347	-0.177506640012153
ENSG00000170412	0.0831249275883499
ENSG00000167851	0.00882521119770592
ENSG00000167861	-0.334516143669685
ENSG00000109089	-0.61872217712467
ENSG00000180901	-0.115083703466585
ENSG00000239607	-0.693218903518724
ENSG00000125458	-0.224265329086463
ENSG00000125450	-0.153045824278282
ENSG00000125447	-0.153551878155011
ENSG00000125454	-0.128956366801628
ENSG00000177885	0.0133558279928958
ENSG00000177728	-0.0318031274242726
ENSG00000177303	-0.0605925447274816
ENSG00000182173	-0.185247315567264
ENSG00000073350	-0.24870829527601
ENSG00000266714	-0.586397550274015
ENSG00000204323	-0.614824982549761
ENSG00000259120	-0.280707162856367
ENSG00000161526	-0.21861750588437
ENSG00000132470	0.342162463711891
ENSG00000108479	-0.289318608796336
ENSG00000132475	0.213918859844182
ENSG00000132478	-0.170693376076975
ENSG00000132471	0.0207725064974549
ENSG00000161533	0.270709016538651
ENSG00000257949	-0.0568493656868551
ENSG00000250506	-0.316318800413296
ENSG00000167881	-0.00819182286903741
ENSG00000279382	-0.148521030149409
ENSG00000185262	-0.0175304414676576
ENSG00000129646	-0.028322974825929
ENSG00000176170	0.191784354329104
ENSG00000161544	-0.00556405888538246
ENSG00000214140	-0.306969900088876
ENSG00000070495	0.0993574511169027
ENSG00000161547	0.113422679033693
ENSG00000222808	0.308825274225179
ENSG00000267665	0.0332319328635605
ENSG00000141524	-0.651026848514361
ENSG00000108639	-0.593728930042607
ENSG00000183077	-0.600083465445456
ENSG00000204278	-0.984184842912076
ENSG00000184557	0.159768388587041
ENSG00000087157	-0.104495355109928
ENSG00000187775	-0.158471186906028
ENSG00000267432	-0.183142606341605
ENSG00000108669	-0.253586915606392
ENSG00000055483	0.012510225674586
ENSG00000035862	0.0547959637113414
ENSG00000167280	-0.274191760758957
ENSG00000167281	-0.0623604834011806
ENSG00000173894	-0.156647027981008
ENSG00000141570	-0.051206517889082
ENSG00000262188	-0.449721927965037
ENSG00000167291	-0.0901375561809258
ENSG00000141543	0.0887721339210187
ENSG00000262580	-0.153847631000696
ENSG00000181523	0.0278539521051392
ENSG00000276863	0.0550760892379751
ENSG00000173818	-0.023258052379862
ENSG00000176108	-0.140527331199845
ENSG00000280351	-0.123099008459447
ENSG00000226137	0.0841957184539512
ENSG00000181409	-0.875478108699845
ENSG00000263167	-0.103865116248683
ENSG00000167302	-0.294551662372975
ENSG00000287431	-0.0820349696185493
ENSG00000262223	-0.496916378585665
ENSG00000262877	-0.140792268684858
ENSG00000279692	-0.103697813366044
ENSG00000184009	-0.030283378292635
ENSG00000185504	-0.145623279642315
ENSG00000182446	-0.108595478421382
ENSG00000185359	-0.12598173479262
ENSG00000275902	0.138654408044962
ENSG00000262049	-0.0107873410196294
ENSG00000185624	-0.0771080301869171
ENSG00000141522	-0.272037413924629
ENSG00000263731	0.080607410965661
ENSG00000183684	-0.0391058500979726
ENSG00000187531	-0.150483521754937
ENSG00000265688	-0.20263594981962
ENSG00000185269	0.213007197969042
ENSG00000169718	-0.055477732817192
ENSG00000169710	-0.148310736022329
ENSG00000264548	0.0427520164948073
ENSG00000141526	0.018023757883704
ENSG00000141551	-0.0117172781719772
ENSG00000265692	-0.18631491908949
ENSG00000141574	-0.198426567773991
ENSG00000181396	-0.0713720242702752
ENSG00000169660	-0.442058901546637
ENSG00000279066	-0.119585787686011
ENSG00000178927	-0.209481034147661
ENSG00000262147	-0.269055454986625
ENSG00000141580	0.0288079476712438
ENSG00000141542	-0.323205501851999
ENSG00000167363	-0.447063572068943
ENSG00000262410	-0.00146740328143969
ENSG00000141556	-0.133804356211323
ENSG00000274370	0.550714380873789
ENSG00000101557	0.034877911318274
ENSG00000158270	0.033977589353563
ENSG00000176912	-0.217592291326554
ENSG00000132199	-0.361934953356583
ENSG00000101574	-0.0276629752549878
ENSG00000132205	-0.124251452695136
ENSG00000101577	0.0333342096828682
ENSG00000118680	0.0274177152311689
ENSG00000170579	0.028153750715066
ENSG00000262001	0.243060373544585
ENSG00000082397	-0.0816021758217323
ENSG00000264707	0.110386456556011
ENSG00000206418	0.0728353424186031
ENSG00000178127	0.0489104811740461
ENSG00000273284	0.255664577445288
ENSG00000017797	-0.0510552871390494
ENSG00000134265	0.343717540516433
ENSG00000154889	-0.13740954201082
ENSG00000141401	-0.0123689657226449
ENSG00000267480	-0.2651757418889
ENSG00000289550	-0.0528246538899617
ENSG00000176014	0.147439189487899
ENSG00000141385	0.0380939696758331
ENSG00000175354	-0.0329303469704595
ENSG00000085415	0.0741267753371803
ENSG00000168675	-0.146809288451702
ENSG00000266954	-0.862500284429915
ENSG00000101654	0.0918420542567819
ENSG00000279352	-0.10453793490543
ENSG00000270469	0.342599971800862
ENSG00000266145	0.703304726977724
ENSG00000273348	-0.461720212529006
ENSG00000101782	0.120477170194724
ENSG00000141452	-0.121211509014333
ENSG00000141458	-0.130283252931238
ENSG00000265750	-0.28759190612138
ENSG00000134504	-0.112878015971084
ENSG00000170558	0.172458382327945
ENSG00000263698	0.0490134201747921
ENSG00000259985	0.16654181903185
ENSG00000276282	0.363042298955919
ENSG00000101695	-0.141412751109331
ENSG00000278052	0.5505949606476
ENSG00000166974	-0.0246181928771318
ENSG00000186814	-0.0139783458606211
ENSG00000279989	-0.0348620430956233
ENSG00000274184	0.120746926280872
ENSG00000268573	-0.182175444025089
ENSG00000257267	0.020544915123798
ENSG00000172466	0.0687986243167994
ENSG00000153391	-0.0866308182820337
ENSG00000267397	-0.0216908031427158
ENSG00000278986	-0.0735962069251662
ENSG00000288917	-0.252494975629639
ENSG00000101489	0.110006056992124
ENSG00000078142	-0.0141637093401835
ENSG00000132872	1.15824942588667
ENSG00000141469	1.06776713256573
ENSG00000152223	-0.0419494904632227
ENSG00000141622	0.000971602413318702
ENSG00000101638	-0.14076789149031
ENSG00000280212	-0.119818511160505
ENSG00000267800	-0.340299009713216
ENSG00000134049	0.277477343052962
ENSG00000101665	-0.199982886870354
ENSG00000141644	0.0940310893978473
ENSG00000154832	-0.134819213387457
ENSG00000141642	-0.0703217619462537
ENSG00000176624	0.166765938778879
ENSG00000196628	0.105776345261003
ENSG00000091164	0.0450730035594128
ENSG00000091157	-0.0040331103438534
ENSG00000177511	0.278025540302993
ENSG00000066926	-0.0327797740182312
ENSG00000049759	0.0155768743980222
ENSG00000074657	-0.0939703070329466
ENSG00000074695	0.232125543280949
ENSG00000267774	-0.0777503595489798
ENSG00000273664	-0.0139225598062366
ENSG00000141682	-0.242858366472483
ENSG00000101542	0.0154541050091636
ENSG00000081913	-0.137713707217441
ENSG00000267390	-0.175249223606153
ENSG00000119541	0.0778474667372683
ENSG00000166401	0.0340738102223061
ENSG00000071991	-0.0221469798349195
ENSG00000260578	0.350709135282955
ENSG00000171451	-0.0390031979524144
ENSG00000278532	-0.0241826879212439
ENSG00000278971	0.191958700820454
ENSG00000166342	0.125697827266248
ENSG00000287689	-0.0492412933723328
ENSG00000133313	-0.193240214965876
ENSG00000150656	-0.400277337052825
ENSG00000264340	-0.317595117638624
ENSG00000264247	-0.151269352852533
ENSG00000278607	0.125596368852971
ENSG00000180011	0.265412242776702
ENSG00000101493	0.101630067787608
ENSG00000197971	-0.236412715408275
ENSG00000279811	-0.0884063901655228
ENSG00000287680	-0.719556836433625
ENSG00000275178	0.0953089378103691
ENSG00000279397	-0.0964162803452412
ENSG00000274828	0.0239450247360981
ENSG00000060069	-0.140520325255342
ENSG00000287879	0.192766224393653
ENSG00000101544	0.122080736010362
ENSG00000267270	0.0209058528386274
ENSG00000267251	-0.100980989469497
ENSG00000141934	-0.771191549993377
ENSG00000197540	0.0592393885959729
ENSG00000261204	0.0310173576516736
ENSG00000070404	0.100448448731451
ENSG00000272473	-0.219154975977332
ENSG00000011304	-0.0109577444810115
ENSG00000129951	-0.512819604419672
ENSG00000197561	-0.00651615684479938
ENSG00000116014	0.342067614361545
ENSG00000182087	-0.279084211578914
ENSG00000064666	-0.36870563067884
ENSG00000064687	-0.182053103348859
ENSG00000064932	-0.136190623326571
ENSG00000167470	0.120937792224428
ENSG00000099622	-0.0412530765375219
ENSG00000267493	-0.0859367195465037
ENSG00000279488	-0.114863496132206
ENSG00000280486	-0.220145899839225
ENSG00000248015	-0.426682042267695
ENSG00000130005	-0.302576058765878
ENSG00000071626	-0.246089278879
ENSG00000267317	-0.253506540453351
ENSG00000181588	-0.295111889271311
ENSG00000239367	-0.0539566429607493
ENSG00000267244	-0.26311516384997
ENSG00000227500	-0.327811516834678
ENSG00000213638	-0.483277840784182
ENSG00000267283	-0.328846333822223
ENSG00000099875	0.143241277435308
ENSG00000099840	0.0989502943128888
ENSG00000104885	-0.164447555239874
ENSG00000104897	-0.238894000066237
ENSG00000104899	0.0240235993362627
ENSG00000104904	-0.0161639556898968
ENSG00000188305	-0.142184955393837
ENSG00000220008	-0.477877417954584
ENSG00000288156	-0.364709150813039
ENSG00000005206	-0.227089761570794
ENSG00000099800	-0.140602765165611
ENSG00000099860	0.620182233470004
ENSG00000276097	-0.0278497985700434
ENSG00000261342	-0.175967303039919
ENSG00000104969	-0.197631483377585
ENSG00000186300	0.0639284700436697
ENSG00000287766	-0.257981589627215
ENSG00000175691	0.0122009699717732
ENSG00000279452	-0.65131601363995
ENSG00000065717	-0.343649291901853
ENSG00000095932	0.0652280434503417
ENSG00000129932	-0.658368476428657
ENSG00000167657	-0.0591518115720357
ENSG00000167658	-0.0428958020621818
ENSG00000178951	-0.289806174714226
ENSG00000105246	0.094352794566479
ENSG00000280247	0.00344866848603037
ENSG00000105251	-0.0841480477888692
ENSG00000267980	-0.318288935306731
ENSG00000214456	0.194140047493641
ENSG00000171236	-0.30624495894446
ENSG00000205790	-0.011236238295175
ENSG00000287884	-0.358111651142295
ENSG00000176840	-0.365658698445397
ENSG00000276043	0.0111064342399974
ENSG00000212123	-0.480369856062126
ENSG00000141994	-0.170842221997044
ENSG00000125656	-0.174815691296117
ENSG00000125650	-0.0327802805752187
ENSG00000125651	-0.0614230805556992
ENSG00000088247	-0.0241080897882885
ENSG00000104833	-0.840554698653795
ENSG00000125657	0.436783690061109
ENSG00000125730	-0.0457882972274027
ENSG00000276980	-0.342941977290614
ENSG00000125733	-0.189508861647667
ENSG00000104883	-0.0351521243901587
ENSG00000076924	-0.258808445285627
ENSG00000174788	0.0733725177673736
ENSG00000076944	-0.102510829854909
ENSG00000104918	0.14968711897964
ENSG00000183019	0.214372745509629
ENSG00000090659	-0.0501355082549889
ENSG00000142459	-0.516859722142811
ENSG00000076984	-0.181787996537739
ENSG00000167775	-0.443951359324977
ENSG00000233927	-0.0191174320356823
ENSG00000167772	0.15016849454315
ENSG00000269386	-0.140101796476249
ENSG00000185236	-0.281200581703111
ENSG00000099783	-0.0724157518354811
ENSG00000142303	-0.0651548481106128
ENSG00000167785	-0.0236820870729642
ENSG00000269300	-0.0481159689923913
ENSG00000188321	-0.206238547844475
ENSG00000174652	-0.0930545318578767
ENSG00000171469	0.227794384728986
ENSG00000277587	0.632216523447037
ENSG00000267612	0.0140884659132571
ENSG00000127452	0.102234816440983
ENSG00000200237	-0.060507741586473
ENSG00000267289	-0.00637901184547958
ENSG00000130813	0.0747821433675233
ENSG00000130810	-0.0520976003904054
ENSG00000130816	-0.191569901283885
ENSG00000105364	-0.112798077524227
ENSG00000090339	0.142572944841781
ENSG00000220201	0.000560557982057414
ENSG00000105401	-0.0701023818987639
ENSG00000180739	-0.477466252802625
ENSG00000129347	-0.147222898604286
ENSG00000129353	0.124022620553716
ENSG00000129351	-0.0694034646884411
ENSG00000079805	-0.30688352055067
ENSG00000130733	-0.251523778511348
ENSG00000127616	-0.1540723182095
ENSG00000130164	0.270548321112322
ENSG00000183401	-0.205592457137574
ENSG00000187266	-0.11071244692388
ENSG00000130175	-0.287439074266611
ENSG00000161914	-0.249113756190757
ENSG00000130159	-0.124507552196531
ENSG00000197044	0.289817520030414
ENSG00000177599	-0.0518879767707848
ENSG00000171295	0.0701256231213144
ENSG00000198429	-0.00658966908799472
ENSG00000196757	-0.00989096062960001
ENSG00000197647	0.105480516438779
ENSG00000223547	0.276842691176346
ENSG00000132010	0.0687342345795827
ENSG00000242615	0.428063669312911
ENSG00000196646	0.0847307070036649
ENSG00000197857	0.075675951336954
ENSG00000188868	-0.0324776123859406
ENSG00000198342	0.26082546835746
ENSG00000248406	-0.0980445433331518
ENSG00000180855	0.127210657528069
ENSG00000249709	0.07529908553022
ENSG00000213290	-0.0623208280586395
ENSG00000173875	0.196651003351712
ENSG00000104774	-0.307504312036432
ENSG00000198356	0.00725924809314364
ENSG00000095066	-0.0729892658553743
ENSG00000171223	0.137333988937145
ENSG00000167815	0.0344219157811981
ENSG00000179262	-0.239309498699908
ENSG00000267417	-0.237477061115128
ENSG00000104915	-0.0793769320809406
ENSG00000160888	-0.313085700414715
ENSG00000104957	-0.297083167525527
ENSG00000267519	-0.183927322490143
ENSG00000141858	-0.132712311223379
ENSG00000267169	-0.0768673778222798
ENSG00000123146	-0.419015128845826
ENSG00000123136	-0.28453081193931
ENSG00000123143	-0.149915334906583
ENSG00000160951	-0.29667771486468
ENSG00000224543	0.423645015823377
ENSG00000132002	0.158642980995084
ENSG00000160961	-0.0709527572421295
ENSG00000127507	-0.0139013650219624
ENSG00000188269	-0.392842045744543
ENSG00000141867	-0.0865749415964761
ENSG00000105127	-0.218693098790611
ENSG00000167460	-0.0106527919563893
ENSG00000279198	0.0901978515759988
ENSG00000105058	-0.0546463032927318
ENSG00000127528	-1.08546631266227
ENSG00000127527	0.0568730803221601
ENSG00000105072	0.0591399503841073
ENSG00000085872	-0.0433812267938751
ENSG00000269399	0.258559006281103
ENSG00000105085	-0.027385911796128
ENSG00000269044	-0.0600424716193975
ENSG00000072954	0.230241695274315
ENSG00000127533	-0.123558735671434
ENSG00000099331	-0.430519009659368
ENSG00000053501	-0.216425719346872
ENSG00000130303	0.183450306781393
ENSG00000282851	0.0937775872358985
ENSG00000130304	-0.255194810529135
ENSG00000130309	-0.068538378590337
ENSG00000130477	-0.127719616943602
ENSG00000130475	-0.454390890696627
ENSG00000105639	0.000290645089178066
ENSG00000207166	0.313638807612307
ENSG00000105643	-0.633743313062342
ENSG00000279172	-0.431663968672526
ENSG00000216490	0.321567149759702
ENSG00000254858	-0.0540549480663122
ENSG00000130518	-0.174640409629488
ENSG00000130522	0.0823404758460526
ENSG00000175489	0.123242115350544
ENSG00000105655	-0.5285087953071
ENSG00000105656	-0.0116466569105271
ENSG00000105700	-0.174848630128715
ENSG00000268030	-0.293490990325498
ENSG00000181035	0.00811888907932339
ENSG00000288837	-0.0790349412306267
ENSG00000129933	-0.243324329539723
ENSG00000064547	0.105048195782854
ENSG00000089639	0.115912332677189
ENSG00000256771	-0.00439962170978771
ENSG00000280079	-0.0688641692049372
ENSG00000188171	0.152724885442959
ENSG00000240522	-0.133537538038666
ENSG00000196268	0.0868372527820576
ENSG00000197020	0.146944102114984
ENSG00000167232	0.0709712039685341
ENSG00000196172	0.116245353469491
ENSG00000268362	-0.0367348711140675
ENSG00000279425	-0.0729899688672223
ENSG00000267264	0.145532807830332
ENSG00000169021	0.00010424999520243
ENSG00000187135	-0.319970936834066
ENSG00000105171	-0.0549386887069755
ENSG00000166289	-0.320928029175826
ENSG00000131943	0.14703702316306
ENSG00000267692	-0.538727446062519
ENSG00000266910	-0.100611414745425
ENSG00000287859	-0.120395968430149
ENSG00000280061	-0.483998570307084
ENSG00000278875	0.0109274089338647
ENSG00000178904	0.42728175181357
ENSG00000213965	0.0886853403877188
ENSG00000121289	-0.0348696635451026
ENSG00000131944	0.15928862997947
ENSG00000289378	0.0924548933135546
ENSG00000289539	0.0620105138485226
ENSG00000257103	0.0986972932190261
ENSG00000126249	-0.0435031654610542
ENSG00000126261	0.155589467364259
ENSG00000197841	0.136829196472638
ENSG00000153896	-0.0761891216280369
ENSG00000270876	-0.0399322717056853
ENSG00000105707	-0.342643629730074
ENSG00000179066	-0.0700122153177012
ENSG00000279619	0.196417570453026
ENSG00000089327	-0.276155276009198
ENSG00000268947	-0.196460326484285
ENSG00000105698	-0.0486402599784504
ENSG00000105697	-0.069310329365519
ENSG00000105695	-0.620327732831098
ENSG00000012124	-0.999086596082123
ENSG00000126266	-0.708268823590574
ENSG00000233214	-0.292468539924765
ENSG00000232680	-0.238524034507271
ENSG00000236144	-0.0709091766583421
ENSG00000249115	-0.318168348426685
ENSG00000126254	-0.196655476285168
ENSG00000272333	-0.194552171599064
ENSG00000126246	-0.0807313837104782
ENSG00000161265	-0.289517818278591
ENSG00000105290	-0.479946753089151
ENSG00000167604	0.114727414856624
ENSG00000280194	0.0109976724999756
ENSG00000161277	-0.0917187385257674
ENSG00000105258	-0.239970851850179
ENSG00000105254	-0.184726787690828
ENSG00000167635	0.00733299674555566
ENSG00000232677	-0.0524508264707094
ENSG00000142065	0.0509931604209385
ENSG00000186020	-0.00369640916063179
ENSG00000267672	0.0736869698582292
ENSG00000245680	-0.0623001897578552
ENSG00000276846	0.13036715267242
ENSG00000266916	-0.216593764673639
ENSG00000188227	0.104815910111408
ENSG00000180458	0.0862431377141534
ENSG00000196381	0.228213074145979
ENSG00000167642	-0.124739921114459
ENSG00000167641	-0.699703297195575
ENSG00000167645	-0.269338927705279
ENSG00000099341	-0.0497204785759272
ENSG00000171777	0.0383681391660274
ENSG00000269688	-0.000589375698328855
ENSG00000187994	-0.154547393037673
ENSG00000068903	-0.380493900271309
ENSG00000104825	-0.266888729580907
ENSG00000262484	-0.412910279827713
ENSG00000269190	0.171626020122373
ENSG00000161243	-0.10381880384679
ENSG00000183760	-0.257614304952816
ENSG00000006712	-0.190001776296828
ENSG00000063322	0.00571263570819622
ENSG00000288919	0.0287418199247523
ENSG00000128016	-0.151629279781866
ENSG00000090924	-0.179193482091426
ENSG00000105193	-1.04071379890768e-05
ENSG00000196235	-0.131906586817969
ENSG00000269584	-0.0422819920738879
ENSG00000176396	0.21581660297957
ENSG00000276445	-0.15509624902984
ENSG00000275395	-0.403032473664464
ENSG00000013275	-0.164505796203336
ENSG00000128000	0.0989353462054962
ENSG00000197782	0.0276855965131975
ENSG00000105221	-0.123476562583905
ENSG00000197019	0.057512718999824
ENSG00000167565	-0.0875063348337842
ENSG00000086544	0.112598322677555
ENSG00000261857	-0.14109987564118
ENSG00000167578	-0.35921738133504
ENSG00000269858	-0.28798907007502
ENSG00000279108	-0.0540894861180435
ENSG00000105323	-0.106764260200412
ENSG00000123810	-0.116938183467217
ENSG00000277744	0.05780538058577
ENSG00000177191	-0.0330529286394155
ENSG00000105341	-0.0861276758475577
ENSG00000267107	0.0543671406488753
ENSG00000289298	0.102467947600065
ENSG00000270164	0.0482936962743835
ENSG00000105372	-0.0336762564799694
ENSG00000076928	-0.569609774463678
ENSG00000028277	0.101661996228415
ENSG00000167625	-0.0965531133677144
ENSG00000279539	-0.309892339029862
ENSG00000105722	-0.159922955285745
ENSG00000188368	-0.0420180968335609
ENSG00000105429	-0.145696066344043
ENSG00000105427	-0.280744302768239
ENSG00000079435	-0.622670178330781
ENSG00000225877	-0.115731771106855
ENSG00000204936	0.302023069277444
ENSG00000073050	-0.079750386627533
ENSG00000105767	-0.0884524494128624
ENSG00000011422	0.137493670104865
ENSG00000104783	0.151502413087908
ENSG00000178386	0.0834244334962106
ENSG00000186019	0.0480680254668332
ENSG00000167380	0.0486728476158849
ENSG00000131115	0.0337960521300484
ENSG00000270679	-0.37514606849279
ENSG00000267508	-0.0512474030891945
ENSG00000073008	0.140319953839108
ENSG00000069399	-0.262317135215514
ENSG00000187244	-0.506764654452662
ENSG00000130202	-0.0220290491228008
ENSG00000104856	0.0872028067348163
ENSG00000104859	-0.366094571707549
ENSG00000117877	0.149837023611602
ENSG00000012061	-0.0141923328707874
ENSG00000125740	0.637555803065524
ENSG00000125744	-0.428707735542769
ENSG00000213889	0.00495227353368433
ENSG00000125741	-0.12306615441025
ENSG00000177464	-0.0431490538551837
ENSG00000125746	-0.404304577947908
ENSG00000267757	-0.141591158946857
ENSG00000010310	-0.477231925649664
ENSG00000188425	-0.0999227832645596
ENSG00000104983	-0.171880526409639
ENSG00000008438	0.0311865478663892
ENSG00000124440	0.334245452211535
ENSG00000011485	-0.0665715695880855
ENSG00000268810	0.159516529333382
ENSG00000182013	0.395615522182012
ENSG00000160014	-0.258287348764222
ENSG00000160013	0.0041780531663355
ENSG00000167414	-0.20668991612902
ENSG00000279161	0.00127021485103043
ENSG00000105287	0.0332443968162236
ENSG00000105281	-0.00348912184176219
ENSG00000130748	-0.200239982337567
ENSG00000142230	-0.0684563285209729
ENSG00000118162	0.0178410187706828
ENSG00000105402	-0.141504678883325
ENSG00000105499	-0.232972273344954
ENSG00000105483	0.0217487455368437
ENSG00000280353	-0.29787183019767
ENSG00000268583	-0.322252375488319
ENSG00000142227	0.153311691316183
ENSG00000105438	0.0565227710398823
ENSG00000105447	-0.170201030253191
ENSG00000063177	0.110717010201691
ENSG00000105516	0.041851710195152
ENSG00000105538	-0.129293222166817
ENSG00000174951	-0.0177694742286684
ENSG00000105552	-0.0424216762252843
ENSG00000105559	-0.0594871078577527
ENSG00000087074	0.181967705353333
ENSG00000104805	-0.0702478014642639
ENSG00000260366	-0.060106091985377
ENSG00000104808	-0.000888037322019336
ENSG00000267898	0.125437369182068
ENSG00000104852	-0.250197115551048
ENSG00000221916	0.211407809548267
ENSG00000074219	-0.11889097994244
ENSG00000090554	-0.113962802725009
ENSG00000142541	-0.0307420146849881
ENSG00000142534	0.0792198576053169
ENSG00000142552	-0.292960799092534
ENSG00000126458	-0.100794837419985
ENSG00000126453	-0.121173922781186
ENSG00000224420	-0.666055961355278
ENSG00000010361	-0.23553314367575
ENSG00000104960	-0.164543741890105
ENSG00000269352	-0.349417190604219
ENSG00000039650	-0.211254945693526
ENSG00000104946	-0.266985715109628
ENSG00000104951	0.12751586302772
ENSG00000169136	-0.115574553748021
ENSG00000105357	-0.367633219271649
ENSG00000276002	-0.217723130949616
ENSG00000161671	-0.0971919079741136
ENSG00000213023	-0.167228819837573
ENSG00000167747	0.00818843867363881
ENSG00000167755	-0.716380015838073
ENSG00000142544	-0.0781369870604935
ENSG00000129450	0.180193138113899
ENSG00000168995	-0.200720272288005
ENSG00000268849	-0.00624792915385354
ENSG00000142512	0.0576314256792159
ENSG00000105366	0.0791213868361066
ENSG00000269388	-0.0645721547474284
ENSG00000269959	-0.150548105581186
ENSG00000182310	-0.245296930079687
ENSG00000171051	0.0829888514091263
ENSG00000198093	0.0270937285922379
ENSG00000197619	-0.0515338536249836
ENSG00000256087	0.15190033270108
ENSG00000275055	-0.103031935521869
ENSG00000260160	0.0447792244558943
ENSG00000197608	-0.0139702905546737
ENSG00000204611	0.0369571418934114
ENSG00000196267	0.044301232376688
ENSG00000167554	0.0870600459464029
ENSG00000269834	0.0677771228761399
ENSG00000289102	-0.451743534375618
ENSG00000288953	-0.192891377357673
ENSG00000189190	-0.106801364242053
ENSG00000170949	0.146792021457669
ENSG00000197937	0.0776505028336237
ENSG00000269288	0.21784812891733
ENSG00000213799	0.0582542493563584
ENSG00000250731	-0.0171041227807043
ENSG00000130844	0.0475746785430466
ENSG00000170909	-0.0182011261192867
ENSG00000170906	-0.202277455737244
ENSG00000204577	-0.038252209284293
ENSG00000244482	0.0455900870967108
ENSG00000187116	0.0246137970207972
ENSG00000268496	0.25870138463603
ENSG00000226696	-0.0271679904100661
ENSG00000235681	0.151780149094122
ENSG00000167615	-0.316931364676305
ENSG00000275183	-0.335469719997164
ENSG00000167617	-0.177203461869719
ENSG00000225370	-0.11803989583223
ENSG00000080031	-0.325543492998206
ENSG00000179943	-0.25997444647358
ENSG00000171443	-0.165234761214745
ENSG00000171425	0.00552432220593024
ENSG00000279959	-0.058637748322918
ENSG00000018869	-0.0767447054693378
ENSG00000166770	-0.134567095710046
ENSG00000196263	0.159225320679911
ENSG00000267224	0.460221046385571
ENSG00000197016	0.0535325685690514
ENSG00000127903	-0.0476666025561517
ENSG00000204524	0.127540462430353
ENSG00000267871	-0.0436591446684787
ENSG00000178229	0.108291611228709
ENSG00000131845	0.399454825850582
ENSG00000188785	0.144236881572669
ENSG00000186272	-0.0201933195054142
ENSG00000197128	0.224359333166642
ENSG00000152439	0.0208195789120807
ENSG00000251369	0.0581243046328931
ENSG00000204519	0.104248946826841
ENSG00000178935	0.0815248329739667
ENSG00000269343	-0.00046452207833807
ENSG00000196724	-0.0690039174989893
ENSG00000152454	0.0393753286328912
ENSG00000176293	-0.233401746850533
ENSG00000121413	0.16610434837634
ENSG00000181894	-0.0139722569719258
ENSG00000269236	-0.132603367933034
ENSG00000171606	-0.0555506258061447
ENSG00000268866	-0.00178485693259814
ENSG00000198131	-0.0178261534042776
ENSG00000268516	-0.0235494386322715
ENSG00000142396	0.115549795461344
ENSG00000283103	-0.132490096775756
ENSG00000269794	-0.217634116077799
ENSG00000171574	-0.0370109396963417
ENSG00000249471	-0.00243738304161827
ENSG00000083838	-0.107008281846579
ENSG00000130726	-0.121493861296948
ENSG00000275924	0.248871536507363
ENSG00000130724	-0.0843890305897775
ENSG00000099326	-0.300403508636799
ENSG00000247315	0.165408088530051
ENSG00000286158	-0.114335108381894
ENSG00000177732	-0.271408732613484
ENSG00000101266	0.0549859286041445
ENSG00000271303	0.183195907275638
ENSG00000101276	-0.199837963986265
ENSG00000125898	0.0321681765059328
ENSG00000229728	0.36170919481385
ENSG00000196209	-0.00802907910552766
ENSG00000125835	-0.0177331970696223
ENSG00000088876	-0.107965391977696
ENSG00000101361	-0.0648796253851111
ENSG00000101365	-0.0492079701780449
ENSG00000228293	-0.171079007453459
ENSG00000132635	-0.3742029059843
ENSG00000215305	-0.215560513995672
ENSG00000132670	0.0265816958259668
ENSG00000101405	0.131748321657036
ENSG00000215251	0.00256398120016521
ENSG00000198171	-0.336196396987334
ENSG00000289494	-0.07595559736812
ENSG00000149451	-0.630287119975579
ENSG00000125817	-0.29583747823057
ENSG00000088888	-0.164008331100963
ENSG00000125779	-0.184861204071957
ENSG00000275582	0.224902740341788
ENSG00000101265	-0.264821328338608
ENSG00000089057	-0.011917306990975
ENSG00000101290	0.0732178140322477
ENSG00000225022	-0.424895054891444
ENSG00000125772	0.0192457155599316
ENSG00000089199	0.184326164117675
ENSG00000089195	0.252963032473163
ENSG00000088766	0.224816431860847
ENSG00000278192	-0.0519543005574252
ENSG00000101311	0.0460255763082465
ENSG00000125845	0.391085316970527
ENSG00000125827	0.348721577569313
ENSG00000182621	0.0930844835148881
ENSG00000132639	0.558835788965216
ENSG00000125863	-0.0760005815391755
ENSG00000101247	-0.0742184512990223
ENSG00000125851	0.0529202736509477
ENSG00000125868	0.0933744190563921
ENSG00000125844	-0.448233948279849
ENSG00000149474	-0.250218661663046
ENSG00000132664	0.0333235304246345
ENSG00000125821	-0.0793056848856622
ENSG00000273148	-0.0837471663090944
ENSG00000268628	0.0115321850410338
ENSG00000173418	0.309619420853748
ENSG00000101343	0.0826722079463142
ENSG00000225127	0.061329418898253
ENSG00000283405	0.0700657245552963
ENSG00000088970	-0.072007556952439
ENSG00000225280	-0.220877864246444
ENSG00000278041	-0.60534434532158
ENSG00000125820	-0.325264308859197
ENSG00000289590	0.0474075778912149
ENSG00000289431	0.015670031761233
ENSG00000132671	-0.534248514338256
ENSG00000178726	-0.467794637328839
ENSG00000279447	-0.106855658000798
ENSG00000125810	-0.266363167658918
ENSG00000132661	0.0810287645988514
ENSG00000232645	-0.17523933704601
ENSG00000125812	0.269687112028756
ENSG00000125814	0.406226947410308
ENSG00000225056	0.542361149373357
ENSG00000101463	-0.132567631324143
ENSG00000077984	-0.00112547682647053
ENSG00000275358	0.0620486990570391
ENSG00000100987	0.0658241934643862
ENSG00000100994	0.232291542693892
ENSG00000170191	0.210867858491683
ENSG00000130684	-0.0214521837543842
ENSG00000278383	-0.378038782771737
ENSG00000238151	0.754934585284207
ENSG00000283443	0.212273783573451
ENSG00000088320	-0.144655166324277
ENSG00000125968	0.174858655521377
ENSG00000088356	-0.00319381202854234
ENSG00000101331	-0.0812554769623517
ENSG00000101336	0.062491876171038
ENSG00000235217	-0.147888996828364
ENSG00000126003	0.189040643623496
ENSG00000101350	0.0657635623374915
ENSG00000171456	-0.116542325387511
ENSG00000197183	-0.206647991075777
ENSG00000236772	-0.0871005668628857
ENSG00000175730	-0.162909500950925
ENSG00000149600	-0.0958733415539469
ENSG00000260257	-0.0313306382599853
ENSG00000101391	-0.0811015704278877
ENSG00000288649	0.0230852385766259
ENSG00000101412	-0.480676829461901
ENSG00000101417	-0.0909787141254423
ENSG00000285230	-0.0624138116054518
ENSG00000287853	0.053027825469877
ENSG00000078804	-0.345393629498438
ENSG00000131069	-0.311825219369028
ENSG00000100983	-0.107712855183294
ENSG00000078814	-0.242323668666875
ENSG00000100991	-0.181716421188958
ENSG00000125966	-0.00606620552496264
ENSG00000242372	-0.040463862317686
ENSG00000101019	-0.110345691893777
ENSG00000244005	-0.0226719495634844
ENSG00000088367	-0.254060182843127
ENSG00000131043	-0.0724426820510443
ENSG00000101084	-0.0127551379617679
ENSG00000101079	-0.0722362707651729
ENSG00000149636	0.0701944318190668
ENSG00000149639	-0.280536823509521
ENSG00000101347	0.090781198902267
ENSG00000118705	0.0129312501199355
ENSG00000213979	-0.343621910940821
ENSG00000053438	-0.708845269803354
ENSG00000101413	0.0177072232712282
ENSG00000198959	-0.346961403477381
ENSG00000149633	-0.517502272591173
ENSG00000277829	-0.269032331807667
ENSG00000275401	0.0305413039839297
ENSG00000196756	-0.154095647668175
ENSG00000174365	-0.143692265969585
ENSG00000101442	-0.136985674543755
ENSG00000261431	-0.244150751139687
ENSG00000226648	-0.0485443336902173
ENSG00000124181	-0.160969627583047
ENSG00000132793	-0.123111340650925
ENSG00000183798	0.057401530022721
ENSG00000124177	0.0500083073442922
ENSG00000273951	-0.0195949763506204
ENSG00000101049	-0.292297229685994
ENSG00000101052	-0.0064701125218677
ENSG00000132823	0.204526957744624
ENSG00000223891	-0.0387523100493921
ENSG00000124120	0.135806347567817
ENSG00000196839	-0.330073475736405
ENSG00000283440	-0.0671267943569378
ENSG00000166913	0.169327057310594
ENSG00000101109	-0.032343051618448
ENSG00000124134	-0.228179177444798
ENSG00000124107	-0.241860660340109
ENSG00000124145	0.862669925791913
ENSG00000124251	-0.242428297981136
ENSG00000232880	0.0718240543146183
ENSG00000244274	-0.407463240598375
ENSG00000124155	-0.231693949280937
ENSG00000101457	0.000260057248494695
ENSG00000277051	0.0585179784132602
ENSG00000132801	0.0227336124598002
ENSG00000285796	-0.214236263040161
ENSG00000100982	-0.139956125821357
ENSG00000100985	0.140303673331788
ENSG00000124140	0.45123811185504
ENSG00000124160	-0.13543298188094
ENSG00000101017	0.0590179313926516
ENSG00000149654	-0.0132493723436438
ENSG00000273893	-0.35156371257349
ENSG00000101040	0.0692472094773851
ENSG00000276923	-0.127799994627151
ENSG00000124126	-0.303900883776541
ENSG00000286159	0.176623556550788
ENSG00000124198	0.0196708764511688
ENSG00000124228	0.0198779465426437
ENSG00000124201	0.0899107617862725
ENSG00000158470	0.185167976525737
ENSG00000197818	-0.147768894849864
ENSG00000229222	0.113589176605767
ENSG00000124216	-0.111972524908934
ENSG00000244687	0.0526604128736495
ENSG00000240849	-0.0969969246536457
ENSG00000277449	0.154205964990187
ENSG00000172216	0.085836406086507
ENSG00000196396	-0.0393893150913612
ENSG00000042062	-0.259092345095743
ENSG00000000419	0.232056055219496
ENSG00000124217	0.153317423225264
ENSG00000054793	0.0553279234918194
ENSG00000171940	0.152979267157476
ENSG00000064787	-0.140038398414573
ENSG00000124098	0.373303199763205
ENSG00000213714	0.166547255082846
ENSG00000101146	0.0284558772984146
ENSG00000132819	-0.102009619438142
ENSG00000124253	-0.102471810670272
ENSG00000124209	0.0438140808686445
ENSG00000087460	0.245342385362788
ENSG00000286309	0.436667844814621
ENSG00000087495	-0.218947093928911
ENSG00000238194	-0.294802442842495
ENSG00000286232	0.119559085418939
ENSG00000277270	0.160141189822622
ENSG00000283078	0.0917529200174155
ENSG00000149657	-0.0470921144161978
ENSG00000101182	-0.0577424460295099
ENSG00000130706	-0.220677667742419
ENSG00000130702	-0.133610253461311
ENSG00000101187	-0.0833012297216493
ENSG00000277496	-0.0529252626820799
ENSG00000276317	0.0605001600199982
ENSG00000232803	0.0277773921441188
ENSG00000092758	-0.618348766404508
ENSG00000273759	-0.173738477658196
ENSG00000101194	0.000676554947825761
ENSG00000225978	0.0207581414021904
ENSG00000149658	0.249476356285865
ENSG00000101199	-0.158356812833416
ENSG00000101203	-0.231480725894177
ENSG00000125534	-0.209085184895978
ENSG00000101213	0.0639217793613822
ENSG00000125508	-0.0423310132845721
ENSG00000130589	0.318344390694708
ENSG00000232442	-0.0736691581490059
ENSG00000243509	-0.438449782936362
ENSG00000197114	-0.173258295253941
ENSG00000203896	-0.279879708611926
ENSG00000125520	0.0085534254715685
ENSG00000101152	-0.0582642793346469
ENSG00000101161	-0.237339942584191
ENSG00000203883	-0.552784608289738
ENSG00000171695	0.342397178676113
ENSG00000196132	0.0593593942206282
ENSG00000203880	0.0598703795117056
ENSG00000275993	0.168703792441189
ENSG00000185272	0.221248527528396
ENSG00000155313	-0.0258109807603641
ENSG00000280432	0.148721758776459
ENSG00000232560	-0.228422508509096
ENSG00000154639	0.194572217076846
ENSG00000154640	0.475444077852615
ENSG00000154642	0.0132536452885606
ENSG00000224924	-0.0985940055251013
ENSG00000154719	0.148919821364277
ENSG00000287109	-0.0059620431446638
ENSG00000154727	0.21368903840331
ENSG00000166265	-0.074426412673152
ENSG00000154734	-0.281252780980692
ENSG00000156239	-0.0866434589503945
ENSG00000156253	0.00117480959475309
ENSG00000286018	-0.283408586721881
ENSG00000159055	0.075698580478459
ENSG00000166979	-0.247044450339076
ENSG00000159082	0.204944189548451
ENSG00000238197	0.0395818915214415
ENSG00000227757	0.211017078348217
ENSG00000205927	-0.113131082258986
ENSG00000184221	-0.35272239961156
ENSG00000289238	-0.0771527644886946
ENSG00000159128	0.0729166615552297
ENSG00000231355	0.0130473747057091
ENSG00000177692	0.154690275836073
ENSG00000159147	0.0107886298747909
ENSG00000205726	0.0590732517382221
ENSG00000243927	0.145546062368486
ENSG00000198743	0.777713637250847
ENSG00000159200	-0.069236557129958
ENSG00000185917	-0.0773343489074799
ENSG00000159228	-0.0290822645633358
ENSG00000289001	-0.377842762680433
ENSG00000233393	-0.00492672364101422
ENSG00000142197	-0.0276348456222219
ENSG00000228107	-0.304677736422864
ENSG00000159259	0.0295117943631262
ENSG00000231324	-0.0721213750928343
ENSG00000182670	0.0525601320647228
ENSG00000270116	0.405805255317575
ENSG00000157538	-0.00146106725056193
ENSG00000289404	-0.257824436378952
ENSG00000157557	0.164165080258081
ENSG00000183527	0.197782918189619
ENSG00000185658	0.184868961739984
ENSG00000205581	0.307232654058981
ENSG00000226496	-0.387842639214062
ENSG00000182240	0.0175784928953367
ENSG00000183486	0.104466631838426
ENSG00000157601	0.29487477441667
ENSG00000141956	-0.0497270909260024
ENSG00000160190	0.108382707910639
ENSG00000235772	0.134884532365433
ENSG00000160193	-0.0652819578597882
ENSG00000226543	0.0034387044705794
ENSG00000225331	-0.525263836993144
ENSG00000236519	0.0244261696400103
ENSG00000184900	0.0810059541767948
ENSG00000183255	0.296717508711703
ENSG00000289009	0.331881139127876
ENSG00000160256	-0.102225554498308
ENSG00000235374	-0.113325662307091
ENSG00000197381	0.0950307269682412
ENSG00000186866	-0.0533436421165817
ENSG00000223768	0.124299201506706
ENSG00000182871	-0.484881667366982
ENSG00000286594	0.132454581400091
ENSG00000280604	-0.193585722680129
ENSG00000160285	-0.294790604967908
ENSG00000239415	0.180043461101874
ENSG00000160305	-0.0727597193302211
ENSG00000160310	-0.0344678044054332
ENSG00000100181	-0.216025804465702
ENSG00000283633	-0.807151462456404
ENSG00000177663	0.119892966381986
ENSG00000099954	-0.0572913577159904
ENSG00000236754	0.273631314515031
ENSG00000131100	-0.0723433586506019
ENSG00000099968	0.0526326906359528
ENSG00000243156	-0.0813477975055632
ENSG00000215193	-0.0708034121236803
ENSG00000184979	0.0235137532540952
ENSG00000273311	0.419893116537987
ENSG00000100056	-0.165753620546466
ENSG00000185065	0.0343835174655982
ENSG00000070010	-0.0732807527448928
ENSG00000287652	-0.431478677202662
ENSG00000232926	0.0794339427543135
ENSG00000128191	-0.20560771012561
ENSG00000099899	-0.143725297008906
ENSG00000099901	0.0807271699676935
ENSG00000273139	0.151718431492319
ENSG00000185252	-0.0443979333717338
ENSG00000215493	0.0338329002820121
ENSG00000241973	-0.188700990963102
ENSG00000099949	-0.290183229522427
ENSG00000184436	-0.0707196288534099
ENSG00000099960	0.126938217946424
ENSG00000185651	-0.0520576680875706
ENSG00000272954	-0.0964010187896417
ENSG00000100023	-0.0915653496467129
ENSG00000100030	0.180098092258055
ENSG00000100034	0.00592680903647153
ENSG00000211648	-0.264801454971729
ENSG00000211651	-0.470060590119815
ENSG00000211653	-0.299378141047768
ENSG00000275004	0.117003028734383
ENSG00000211675	-0.416316953698668
ENSG00000211677	-0.90427873482519
ENSG00000211679	-0.940988799685712
ENSG00000230701	0.171202107467173
ENSG00000128218	-0.507569188439552
ENSG00000272973	0.278256792303607
ENSG00000133460	0.0784531588715294
ENSG00000244425	0.284680205000414
ENSG00000099998	-0.326471828677528
ENSG00000128262	-0.0724471904758017
ENSG00000100014	-0.0185819268413684
ENSG00000197077	-0.0410368449448948
ENSG00000244752	0.00287251257809774
ENSG00000272977	-0.0816738750519119
ENSG00000100077	0.0160015773712934
ENSG00000128203	-0.0888914748163343
ENSG00000100099	-0.00572521188615388
ENSG00000128294	-0.0377432141095647
ENSG00000180957	0.0410625516096075
ENSG00000159873	0.329543612677322
ENSG00000100249	0.376406149735052
ENSG00000182944	-0.0277948366212799
ENSG00000225465	0.195098700379828
ENSG00000100296	-0.117223686960068
ENSG00000184117	-0.0708066486197971
ENSG00000184076	0.120587630609716
ENSG00000100325	-0.145314233902459
ENSG00000128342	0.0695335851509031
ENSG00000099985	0.125371990998297
ENSG00000099995	-0.143035807694463
ENSG00000100003	0.356743097721824
ENSG00000242114	-0.0415874527926963
ENSG00000128242	-0.641988675724544
ENSG00000100029	-0.193480163761554
ENSG00000185339	-0.0551055438696215
ENSG00000250318	-0.126278419512509
ENSG00000253352	0.0886854150405014
ENSG00000273387	0.0440743950115095
ENSG00000100078	-0.0524946356154997
ENSG00000138942	-0.0438765696548699
ENSG00000182541	0.170240999406032
ENSG00000100100	0.182326355101167
ENSG00000100105	0.00564830741283321
ENSG00000213888	-0.274022801384126
ENSG00000198089	-0.0511924375085581
ENSG00000214093	-0.213216703490905
ENSG00000241878	0.122056952311224
ENSG00000100150	-0.0396194365485318
ENSG00000128245	0.225014611422383
ENSG00000273325	1.2060517662128
ENSG00000100220	-0.108686436043818
ENSG00000100225	-0.203395458553462
ENSG00000133424	-0.081866401991768
ENSG00000234891	0.125578325541738
ENSG00000100297	-0.212442622779476
ENSG00000100302	-0.070883343620404
ENSG00000221963	0.382392178740551
ENSG00000100320	0.0996131676264581
ENSG00000128284	-0.157190544590157
ENSG00000100336	0.139736298693713
ENSG00000128335	0.265411544657836
ENSG00000100342	-0.132209897573154
ENSG00000100353	-0.0133423270862342
ENSG00000100368	0.0341765085127549
ENSG00000128309	-0.269588172955678
ENSG00000133466	-0.101945616488579
ENSG00000128340	0.01463228805082
ENSG00000100055	-0.0394457634180801
ENSG00000128283	-0.564017100902032
ENSG00000100092	-0.163427426621619
ENSG00000273899	-0.0901422156460784
ENSG00000100124	0.00570836309490588
ENSG00000100129	0.02114771550011
ENSG00000100139	-0.392133720175589
ENSG00000278948	-0.540369272193675
ENSG00000272582	-0.379278951154506
ENSG00000100142	-0.343374499686716
ENSG00000100146	-0.450795594460047
ENSG00000273214	-1.00159718678656
ENSG00000100156	-0.181900725343062
ENSG00000185022	0.42193833154669
ENSG00000213923	0.0259124710351375
ENSG00000100211	0.0619954040405525
ENSG00000228274	-0.00251992967776205
ENSG00000100226	0.0278306551615241
ENSG00000229598	0.0332841297916772
ENSG00000100307	-0.112377688398292
ENSG00000279833	-0.295341784224922
ENSG00000209480	-0.253256964481435
ENSG00000227188	-0.208138870183254
ENSG00000128272	0.0569266316176738
ENSG00000226085	0.12389523838731
ENSG00000239900	-0.0661805384314982
ENSG00000100359	-0.135229790579249
ENSG00000128285	0.22920267658712
ENSG00000172404	0.183615677859219
ENSG00000100395	-0.275612870438814
ENSG00000235513	-0.139573445282913
ENSG00000100399	-0.571144462266876
ENSG00000100403	-0.249944479984047
ENSG00000273424	-0.197075791912791
ENSG00000183864	0.00487608393339408
ENSG00000100412	0.188142483823841
ENSG00000100417	0.0908623578570161
ENSG00000196419	0.0320350953955497
ENSG00000100138	-0.0451191976187885
ENSG00000184208	-0.139490637563086
ENSG00000234965	0.237018934620148
ENSG00000159958	-0.0372723507885996
ENSG00000205704	-0.31422997848833
ENSG00000100167	0.0912201748405385
ENSG00000198951	0.0513810947659846
ENSG00000177096	-0.120178028068328
ENSG00000100227	-0.0455525813720713
ENSG00000128274	-0.0419754592392224
ENSG00000242247	0.177885421845636
ENSG00000100271	-0.0180525371556004
ENSG00000100294	-0.0940581074850818
ENSG00000130540	0.231568802318043
ENSG00000279933	-0.0611892331428148
ENSG00000056487	0.0717320514849317
ENSG00000226328	0.0442804956849543
ENSG00000093000	0.164100869933753
ENSG00000100364	-0.125365424504883
ENSG00000130638	0.0370139190456055
ENSG00000273145	0.089869728921161
ENSG00000231711	0.0426408116273845
ENSG00000182257	0.0824811267931973
ENSG00000231010	-0.116302481896006
ENSG00000235159	-0.0248712862369703
ENSG00000075234	-0.063900775681503
ENSG00000277232	-0.355921585262565
ENSG00000234869	-0.0541119774369726
ENSG00000100422	0.174451475630608
ENSG00000278881	-0.288221871566549
ENSG00000235111	-0.205977618915117
ENSG00000236867	0.135913473177787
ENSG00000273137	-0.433871678414668
ENSG00000100239	-0.0758394649322195
ENSG00000100258	-0.150711902486979
ENSG00000025770	-0.0849996976139975
ENSG00000205560	-0.266598149117196
ENSG00000100288	-0.09597273208321
ENSG00000100299	-0.277731281162871
ENSG00000167393	-0.224004413694078
ENSG00000185291	-0.0569679325377118
ENSG00000236017	-0.290991779658922
ENSG00000169093	0.0140473914098433
ENSG00000197976	-0.197555767581214
ENSG00000157399	-0.0924726486910403
ENSG00000228459	0.205158678254083
ENSG00000146950	-0.0450209849224529
ENSG00000047644	-0.104102167313138
ENSG00000004961	0.0796143999933753
ENSG00000005302	0.0722725541469722
ENSG00000288817	0.126883846786105
ENSG00000197582	-0.122682600368296
ENSG00000176896	0.0283468692844108
ENSG00000046651	-0.0711214177515631
ENSG00000046647	0.0333268758238809
ENSG00000165195	0.19347638899991
ENSG00000186312	-0.103313537919349
ENSG00000169249	-0.0912516415980682
ENSG00000289237	-0.432677051134416
ENSG00000047634	0.10318586622664
ENSG00000131831	0.0282459610246869
ENSG00000008086	-0.00143710134444687
ENSG00000044446	-0.04212131773712
ENSG00000131828	0.0574014719157202
ENSG00000147010	-0.0549758669840582
ENSG00000173681	0.0784008223566884
ENSG00000184368	0.192935012079066
ENSG00000149970	0.0991437273411851
ENSG00000185915	-0.343356818628311
ENSG00000230797	-0.0887407383370609
ENSG00000174028	-0.0474432372391576
ENSG00000165186	0.358583204341419
ENSG00000123130	0.0960273533636884
ENSG00000130066	0.441714817294324
ENSG00000184831	0.0368633504128628
ENSG00000067992	0.038364079208697
ENSG00000227393	-0.219240235071375
ENSG00000169297	0.082652049390079
ENSG00000198814	0.0988974907100408
ENSG00000147027	0.632703810123218
ENSG00000235510	0.469590757277111
ENSG00000223723	-0.0329512267448586
ENSG00000047597	0.126401511307683
ENSG00000165168	0.127637088040927
ENSG00000165169	0.448010405950154
ENSG00000185753	0.0387111847738173
ENSG00000180182	-0.0711402612270664
ENSG00000124486	0.0475617544789256
ENSG00000147044	0.0483707481552104
ENSG00000069509	0.117303482102384
ENSG00000230844	0.208285267770878
ENSG00000224975	-0.247489883364276
ENSG00000147124	-0.0390846653438386
ENSG00000102265	-0.0878748423589475
ENSG00000126759	0.0960002432393907
ENSG00000287757	-0.0362272809043451
ENSG00000068438	-0.0801941260959431
ENSG00000102317	0.305693735557628
ENSG00000101945	-0.0436767920855865
ENSG00000102103	-0.104397531201194
ENSG00000068308	-0.0912408166198262
ENSG00000288908	-0.493039845612919
ENSG00000102057	0.129221534225195
ENSG00000147144	0.0699229337680751
ENSG00000012211	-0.0777030114929683
ENSG00000102003	0.183186972545732
ENSG00000270012	-0.211789218044861
ENSG00000234390	-0.0244178054125976
ENSG00000273820	0.326750963927018
ENSG00000158352	-0.200166940971226
ENSG00000187690	-0.130271719711738
ENSG00000196368	0.463575799885853
ENSG00000224109	0.247247481997148
ENSG00000179222	0.0867404185435057
ENSG00000184205	0.328812803887316
ENSG00000072506	-0.0309840375834769
ENSG00000172943	-0.0954387003447585
ENSG00000102302	-0.0717924248435613
ENSG00000102316	0.104515842244896
ENSG00000158578	-0.00103158569276453
ENSG00000182518	-0.0497165735414461
ENSG00000247746	0.061813740217071
ENSG00000083750	0.102100102155684
ENSG00000102349	-0.0406671477546126
ENSG00000204272	-0.0155940133073794
ENSG00000186787	-0.0198409547989977
ENSG00000286977	-0.289505660067683
ENSG00000198205	0.123013780000726
ENSG00000131089	-0.0144939148527085
ENSG00000126970	-0.0421334679876044
ENSG00000102053	-0.0228220796736597
ENSG00000155659	-0.181090774234796
ENSG00000181704	0.113567250002853
ENSG00000181191	0.277320219256806
ENSG00000089289	-0.114900112571784
ENSG00000203588	-0.291966145817727
ENSG00000147127	0.210005913427594
ENSG00000082458	-0.116812532929487
ENSG00000165349	0.112630360107531
ENSG00000184481	-0.168367283823418
ENSG00000147168	-0.116291952569934
ENSG00000196338	-0.285182226439305
ENSG00000169562	-0.685249048871824
ENSG00000147140	0.103052709703016
ENSG00000147166	-0.282849191984427
ENSG00000147133	0.0792805446134144
ENSG00000213018	-0.535002650704712
ENSG00000147174	-0.0365323776370696
ENSG00000125931	0.0319017265320714
ENSG00000234969	-0.605036355669464
ENSG00000147100	0.0476237133255228
ENSG00000131263	0.322159472114328
ENSG00000131269	-0.00146662228310454
ENSG00000215105	0.145014956640423
ENSG00000186675	0.211149541730612
ENSG00000102390	0.0938791528541793
ENSG00000198934	0.308732238365999
ENSG00000085224	0.143118967096598
ENSG00000102144	0.260467133991506
ENSG00000196767	-0.419244934887644
ENSG00000155008	-0.0221293180798683
ENSG00000188419	0.094526777919893
ENSG00000174740	0.184940170944555
ENSG00000186310	0.786820015467645
ENSG00000102362	0.247751519561508
ENSG00000101811	0.0747933740437979
ENSG00000126953	0.0343108580584489
ENSG00000102393	-0.0384618176642997
ENSG00000196440	-0.020495981853267
ENSG00000261101	0.441651134214902
ENSG00000207291	0.430881779852272
ENSG00000286000	0.0863803915623941
ENSG00000166432	0.0280061429811462
ENSG00000184515	0.2742979521862
ENSG00000125962	0.20030428347617
ENSG00000271147	0.0383833479098246
ENSG00000198932	0.305187384865566
ENSG00000133169	0.251554147932123
ENSG00000133134	0.255315331489412
ENSG00000182916	0.189900584741599
ENSG00000185222	0.39371397431223
ENSG00000166681	0.0679361002283895
ENSG00000279894	-0.150664949715968
ENSG00000172465	0.29378241523826
ENSG00000231154	0.0193147774458095
ENSG00000123560	-0.197270902769506
ENSG00000123570	0.301412711641909
ENSG00000269743	0.0678915879655948
ENSG00000123575	0.44304888818838
ENSG00000089682	-0.0909917428147972
ENSG00000147224	0.0574314636785376
ENSG00000157514	-0.10267356249434
ENSG00000188153	-0.246732549318341
ENSG00000237863	0.291993332562772
ENSG00000077264	0.102955542821842
ENSG00000130224	0.117375182812597
ENSG00000213526	0.17201426852295
ENSG00000279587	0.218239289071833
ENSG00000131724	0.127818103590002
ENSG00000174460	0.338287600361785
ENSG00000224281	0.080172161982277
ENSG00000125355	0.237813441044518
ENSG00000158290	0.0817261169865969
ENSG00000232412	-0.182167148743339
ENSG00000102038	0.238353771164252
ENSG00000122126	0.122319388586556
ENSG00000275070	-0.692640861823007
ENSG00000188706	-0.395377443563638
ENSG00000156697	-0.0904019925440957
ENSG00000102034	0.0223276542495593
ENSG00000156709	-0.0842019854387772
ENSG00000134594	-0.265073819400605
ENSG00000203952	0.0528523336173854
ENSG00000156531	0.185963388955214
ENSG00000165704	0.310670913756543
ENSG00000223749	-0.28082640485732
ENSG00000286964	-0.0437405894996961
ENSG00000203950	-0.20408823407208
ENSG00000173275	0.0835792911086947
ENSG00000022267	0.432141745320315
ENSG00000102239	0.0391638168500828
ENSG00000225400	0.288830183300472
ENSG00000156925	-0.00850690513699866
ENSG00000129682	-0.0667880496257655
ENSG00000134595	0.114072113380015
ENSG00000271660	-0.419542268040301
ENSG00000236337	-0.0141695946191202
ENSG00000197620	-0.0836640452039083
ENSG00000197021	-0.258587075885602
ENSG00000183171	-0.0788468486239599
ENSG00000102181	-0.111587816282558
ENSG00000029993	0.406894357030261
ENSG00000160131	0.368364094734198
ENSG00000102287	-0.112662485096952
ENSG00000011677	-0.00523296238506899
ENSG00000147383	-0.0213844937965306
ENSG00000286939	-0.27037480796328
ENSG00000063587	0.0567068775195616
ENSG00000189420	-0.0151885220797572
ENSG00000182492	-0.669029152145046
ENSG00000262919	-0.0774079365391176
ENSG00000130821	0.0598155000700815
ENSG00000185825	-0.120833198347286
ENSG00000101986	-0.222886750452774
ENSG00000198753	-0.484600753245867
ENSG00000184343	-0.339179031174893
ENSG00000235802	0.147230994634356
ENSG00000102119	0.0823004320631247
ENSG00000207165	-0.122670704796495
ENSG00000013563	0.00492139400175019
ENSG00000102125	-0.305556281241596
ENSG00000071553	-0.123881059943486
ENSG00000071859	-0.257866210374287
ENSG00000130827	-0.142251582729451
ENSG00000071889	-0.265766863099167
ENSG00000269335	-0.132648793980603
ENSG00000130826	0.0104835932960029
ENSG00000130830	0.0410792480477963
ENSG00000288722	0.185435785370157
ENSG00000182712	0.0555825288467379
ENSG00000185515	-0.0110429705612584
ENSG00000155962	0.0124846402848877
ENSG00000286009	0.279288709579626
ENSG00000154620	-0.125296380456389
ENSG00000209082	0.295264267792517
ENSG00000210107	-1.13241316067801
ENSG00000210112	-0.283001941246745
ENSG00000210156	0.168939777983187
ENSG00000198840	0.0812958918062897
ENSG00000210191	-0.243861006196762
