Gene	Value
ENSG00000269981	1.92253456539728
ENSG00000237973	0.130799327272528
ENSG00000225880	0.211276843370245
ENSG00000223764	0.0598786125218559
ENSG00000188976	-0.0563867305112785
ENSG00000187961	0.477224678920791
ENSG00000187608	-0.639694646921801
ENSG00000188157	-0.0798609069024985
ENSG00000217801	0.101593919798198
ENSG00000131591	-0.3009931682236
ENSG00000186891	0.335040961796492
ENSG00000078808	-0.473461462286361
ENSG00000176022	-0.240684777660126
ENSG00000184163	-0.149705698272792
ENSG00000230415	-0.101528961652701
ENSG00000162572	0.0578401226427494
ENSG00000131584	0.56975685008946
ENSG00000169972	-0.605649727302651
ENSG00000162576	-0.879104460831015
ENSG00000224870	0.207187409457825
ENSG00000242485	-0.154832526016074
ENSG00000272455	-0.121611512080523
ENSG00000225905	-0.196332052877305
ENSG00000225285	-0.578130735080979
ENSG00000197785	-0.243297658814209
ENSG00000228594	0.487582805917739
ENSG00000286989	0.640577428743855
ENSG00000272106	0.11524556841738
ENSG00000248333	0.0415817288670528
ENSG00000008130	0.171106939645042
ENSG00000067606	0.207628816948443
ENSG00000287356	-0.419835093553391
ENSG00000269896	-0.0407133923613731
ENSG00000157916	-0.4214451911596
ENSG00000157911	-0.614428209799651
ENSG00000149527	0.292842512903366
ENSG00000157881	0.239358173031185
ENSG00000197921	-0.55817424014368
ENSG00000238164	-0.432426899376784
ENSG00000177133	-0.890639080154695
ENSG00000162591	-0.328463628398434
ENSG00000238260	0.410441392206043
ENSG00000116213	0.0468549338597621
ENSG00000227372	0.233867143373442
ENSG00000235169	0.107674618090807
ENSG00000130764	-0.232549208670654
ENSG00000272153	0.23772326849126
ENSG00000169598	0.00419659158569252
ENSG00000198912	0.479471677012998
ENSG00000196581	0.269549726786472
ENSG00000116254	0.335503553197764
ENSG00000226944	0.305231821619364
ENSG00000158286	0.385745999875364
ENSG00000158292	-0.203663261578257
ENSG00000097021	-0.319258247307147
ENSG00000271746	-0.302181880250525
ENSG00000162408	-0.233862067667931
ENSG00000162413	-0.756663463824437
ENSG00000116273	-0.146447687690902
ENSG00000007923	-0.00309044413689254
ENSG00000270171	-0.00308663361732515
ENSG00000269978	-0.201586037919394
ENSG00000049246	-0.150371359245876
ENSG00000142599	-0.0423591297929334
ENSG00000074800	-0.409322131591696
ENSG00000228526	0.108809272731604
ENSG00000171621	-0.312564515212089
ENSG00000171612	-0.275695865630217
ENSG00000188807	-0.301581015043576
ENSG00000171608	0.381860769791091
ENSG00000178585	-0.0125127503433398
ENSG00000173614	-0.079370078466
ENSG00000284735	-0.253132562586508
ENSG00000284642	0.567691764709448
ENSG00000142657	-0.502908946527172
ENSG00000120948	0.255326413162112
ENSG00000009724	-0.0751373384543059
ENSG00000116649	-0.393704099793474
ENSG00000230337	-0.0646187726419231
ENSG00000284708	0.489965768361804
ENSG00000116663	-0.469152333223879
ENSG00000116670	-0.549435066148304
ENSG00000177674	-0.768516890517037
ENSG00000011021	0.257382925653431
ENSG00000175206	-1.32701267082057
ENSG00000116691	-0.229808748381854
ENSG00000028137	0.215516874750683
ENSG00000048707	-0.0118886911166376
ENSG00000162496	-0.63840417886841
ENSG00000288927	0.0959860903344512
ENSG00000162493	-0.225749177734765
ENSG00000142634	0.643065238188565
ENSG00000132906	-0.187185785380288
ENSG00000116771	-0.0583747881637178
ENSG00000197312	0.181488221790891
ENSG00000065526	0.0766681831714703
ENSG00000116809	0.156701053167881
ENSG00000183888	-0.848153591126682
ENSG00000142632	-0.324565917241018
ENSG00000157191	-0.533095003191989
ENSG00000226029	0.000227945614545816
ENSG00000080947	0.116563464289986
ENSG00000179051	0.536221102798709
ENSG00000117154	0.181846058858208
ENSG00000179023	-0.676405928157448
ENSG00000159423	-1.15919585801026
ENSG00000127463	-0.0713924081677021
ENSG00000053372	-0.113697407206528
ENSG00000211454	-0.315776060871054
ENSG00000270728	0.835501827898815
ENSG00000053371	-0.278247861310499
ENSG00000040487	-0.296308271944955
ENSG00000077549	-0.131502261447536
ENSG00000158747	-0.830203658516896
ENSG00000188257	-0.485228453229227
ENSG00000227066	0.196305192459027
ENSG00000162543	-0.128863017768861
ENSG00000236963	0.254124485786205
ENSG00000162545	0.756695136830619
ENSG00000090432	-0.580354421677852
ENSG00000183114	0.49836148944667
ENSG00000158825	-0.175081987254844
ENSG00000117242	0.038880903083417
ENSG00000244038	-0.787985323914005
ENSG00000075151	0.280780428140797
ENSG00000117298	-0.84237850466876
ENSG00000076864	0.268284402557884
ENSG00000090686	0.333488026789182
ENSG00000142798	-0.405998927039887
ENSG00000070831	-0.0205441175414554
ENSG00000184677	0.108472607368641
ENSG00000070886	0.0335177168108853
ENSG00000173372	1.77473912168256
ENSG00000159189	2.05945938937634
ENSG00000173369	1.95964609169488
ENSG00000261326	0.619232401509307
ENSG00000249087	0.161168276217143
ENSG00000088280	-0.426009202701009
ENSG00000117318	-0.601455774805434
ENSG00000057757	0.0465238742035683
ENSG00000117308	-0.685736607656221
ENSG00000117305	-0.76245692156479
ENSG00000189266	0.293650079636486
ENSG00000185436	0.262243152298942
ENSG00000001461	0.682228163516746
ENSG00000288982	0.678305846375198
ENSG00000117602	0.340684199352037
ENSG00000133226	0.152105680640418
ENSG00000233419	-0.395132794510545
ENSG00000284602	0.374213002080143
ENSG00000117616	0.487302129179214
ENSG00000224183	0.797082508374103
ENSG00000204178	0.0235038194753015
ENSG00000117643	-0.00706280529418804
ENSG00000162430	-0.766164343452718
ENSG00000117640	-0.167983489787071
ENSG00000117632	0.709004458894141
ENSG00000229786	0.46972672854409
ENSG00000158008	0.51218709170403
ENSG00000197245	-0.498483017726179
ENSG00000130695	0.477328387483565
ENSG00000142669	0.195562570392371
ENSG00000169442	-0.125325272582832
ENSG00000117682	-0.255306056828861
ENSG00000198830	-0.0741484319310471
ENSG00000117676	0.850432732407544
ENSG00000260063	-0.654959933177231
ENSG00000060642	-0.217171659445216
ENSG00000204160	-0.323513694213882
ENSG00000175793	-1.17956617628952
ENSG00000142751	0.117374683473647
ENSG00000289554	-0.0219989433437068
ENSG00000090273	-0.293554276815192
ENSG00000253368	0.392751459879708
ENSG00000158246	-0.379679066306636
ENSG00000090020	-0.0521883150034104
ENSG00000142784	0.000256919924702472
ENSG00000243659	-0.199283219949103
ENSG00000186501	-0.449707393603815
ENSG00000142733	-0.459052287731443
ENSG00000142748	-0.641493519479751
ENSG00000158195	-0.599484442884549
ENSG00000126709	-1.10027128367971
ENSG00000270031	0.297780468220504
ENSG00000117751	0.120821940170761
ENSG00000130775	0.734441518046974
ENSG00000117748	-0.232102538133788
ENSG00000158156	-0.355904876397631
ENSG00000169403	0.665830003352002
ENSG00000130770	-0.0619955976441225
ENSG00000130766	-0.824492664181493
ENSG00000130772	0.407187980216303
ENSG00000180198	0.238870507639738
ENSG00000242125	0.294942755473039
ENSG00000200087	-0.121287568381227
ENSG00000197989	0.454884741510491
ENSG00000278274	0.828076695065906
ENSG00000120656	0.189394594147785
ENSG00000188060	0.97162568002776
ENSG00000229388	-0.258048085563646
ENSG00000198492	-0.13046380927558
ENSG00000116350	0.277963666279438
ENSG00000116353	-0.305230285620087
ENSG00000162511	1.51451018397479
ENSG00000121766	-0.433898843464539
ENSG00000168528	-0.417645692370242
ENSG00000162517	-0.290071388583193
ENSG00000134668	-0.759794741408249
ENSG00000184007	0.541466694975195
ENSG00000160051	-0.707171703959538
ENSG00000160055	-0.691721673008209
ENSG00000084623	-0.476587613432052
ENSG00000183615	-0.494013399302649
ENSG00000162526	-0.117634250655457
ENSG00000160058	0.0137345421164612
ENSG00000273274	0.170076289926409
ENSG00000162521	0.114974346050312
ENSG00000162520	0.412746309318734
ENSG00000134684	-0.106552235188446
ENSG00000116497	0.157167389990912
ENSG00000160097	-0.33177730832489
ENSG00000116514	0.124191891308592
ENSG00000142920	0.425763858320362
ENSG00000278997	0.343095453509379
ENSG00000116525	0.2366290805783
ENSG00000160094	0.0305122920572064
ENSG00000225313	0.0598142822954693
ENSG00000134686	-0.0448908417143593
ENSG00000121903	0.22621727043996
ENSG00000163866	-0.163566741775418
ENSG00000116544	-0.0609258241266873
ENSG00000241014	-0.464200479049484
ENSG00000163867	-0.155630086902242
ENSG00000284640	-0.0994550108661938
ENSG00000142687	-0.212160277290455
ENSG00000116819	0.16790160991053
ENSG00000126067	0.00911317273620326
ENSG00000142686	0.569873045257274
ENSG00000134698	0.101685286567939
ENSG00000092847	0.328111991660632
ENSG00000116863	0.0232153675831431
ENSG00000171812	0.427863862998981
ENSG00000054116	0.0892062928679774
ENSG00000116871	0.120075503427739
ENSG00000214193	0.117781591400463
ENSG00000196182	-0.524675073831788
ENSG00000116885	-0.640614536790681
ENSG00000119535	1.56510904652268
ENSG00000163877	-0.162478758942966
ENSG00000237749	0.76236399853925
ENSG00000183317	0.0230580966052809
ENSG00000196449	-0.194322287116208
ENSG00000183431	-0.217382867424263
ENSG00000183386	-0.407349389737992
ENSG00000183520	-0.141632590479802
ENSG00000116954	-0.230259402733775
ENSG00000214114	-0.599542622171207
ENSG00000158315	0.185801819393446
ENSG00000183682	-0.38666426018936
ENSG00000243970	0.145071139685782
ENSG00000116981	0.5522151131553
ENSG00000116983	0.347246748251994
ENSG00000131236	0.00365918120915144
ENSG00000117000	0.00364462183728429
ENSG00000259943	0.243908784916168
ENSG00000084073	0.135858228471127
ENSG00000084070	0.473575133262465
ENSG00000260920	0.27514509255513
ENSG00000279667	0.162652396236587
ENSG00000164002	0.252582688370433
ENSG00000117010	0.15865583485472
ENSG00000117016	0.221876644554507
ENSG00000066136	-0.106476376345302
ENSG00000171793	-0.00268045693416764
ENSG00000010803	-0.133377647166814
ENSG00000230638	-0.00935642675043689
ENSG00000198815	-0.0556736034177217
ENSG00000066185	-0.413422300657144
ENSG00000171960	-0.046186082276868
ENSG00000117385	-0.124080655406437
ENSG00000164010	0.251263009530112
ENSG00000164011	0.345453015124326
ENSG00000117395	-0.186754134230223
ENSG00000117400	-0.0385101131373721
ENSG00000234694	-0.175399417017955
ENSG00000288772	0.270198064579613
ENSG00000159479	-0.128570025867704
ENSG00000126091	-0.175253408452435
ENSG00000132768	-0.22111544230553
ENSG00000117410	-0.134880718957697
ENSG00000117411	-0.294530585495226
ENSG00000159214	-0.334631613009434
ENSG00000117419	-0.382891161122283
ENSG00000187147	0.188637503756663
ENSG00000198520	-0.233878299266639
ENSG00000142937	-0.0444247428577085
ENSG00000173846	-0.6143572082228
ENSG00000222009	-0.272329816312502
ENSG00000117425	-0.257588908002546
ENSG00000070785	-0.175584671229541
ENSG00000126107	0.274791397624705
ENSG00000126088	-0.521824518249426
ENSG00000281912	-0.281669613947253
ENSG00000186603	0.0599163880517981
ENSG00000132781	-0.0649494220523882
ENSG00000132773	-0.416226629200426
ENSG00000132763	0.019731206023387
ENSG00000117448	-0.0696183554475852
ENSG00000132780	0.24274363743233
ENSG00000159588	0.0379011870259179
ENSG00000159592	0.128358422924696
ENSG00000159596	0.107549598739711
ENSG00000197429	0.0350219755534546
ENSG00000230896	-0.133926429379443
ENSG00000086015	-0.179447735561376
ENSG00000117472	-0.317595277184928
ENSG00000085998	-0.000279884614794876
ENSG00000085999	0.0712457624644132
ENSG00000132128	-0.431596490667185
ENSG00000173660	0.145132758368673
ENSG00000117481	0.0868757419133126
ENSG00000117480	0.323298594000228
ENSG00000162456	-0.0660599065469339
ENSG00000123472	-0.116519675229525
ENSG00000159658	0.340527533141356
ENSG00000186377	0.174074238222893
ENSG00000224805	-0.391759305642949
ENSG00000162366	-0.371532963721559
ENSG00000162367	0.901079201703603
ENSG00000226252	0.935330175387118
ENSG00000162368	0.796968917818175
ENSG00000237424	-0.0165789507726901
ENSG00000272491	0.617791976832976
ENSG00000132122	-0.00772482924794768
ENSG00000123080	0.302941958132923
ENSG00000078618	0.188499061327562
ENSG00000169213	-0.0794758422080966
ENSG00000117862	-0.168329196570234
ENSG00000198841	-0.593635987932327
ENSG00000228407	-0.0159871683935729
ENSG00000134748	0.0304115777427839
ENSG00000134744	-0.0488556888254234
ENSG00000116157	-0.207819081647797
ENSG00000162377	0.335326334786197
ENSG00000121310	-0.736868169576319
ENSG00000230953	-0.963763857665816
ENSG00000162383	-0.331660818925722
ENSG00000157184	-0.40573343211543
ENSG00000162384	0.0188183210637865
ENSG00000162385	-0.222424117825004
ENSG00000058799	-0.0974646832057287
ENSG00000081870	-0.0991816719456837
ENSG00000116212	-0.313700520084474
ENSG00000116205	0.267529900118777
ENSG00000116221	-0.312153486089419
ENSG00000184313	-0.442074574599448
ENSG00000243725	-0.385538319224164
ENSG00000116133	0.334595280595132
ENSG00000162402	0.0803955296695557
ENSG00000162407	-0.738206045793059
ENSG00000162600	-0.0258849392486379
ENSG00000177606	-0.259258121796023
ENSG00000270457	-0.255958204809477
ENSG00000134716	-0.112881106287897
ENSG00000162599	-0.00960460583879352
ENSG00000162607	0.230138802607195
ENSG00000116641	-0.199864638143125
ENSG00000125703	0.544746169856991
ENSG00000088035	-0.0794253837640862
ENSG00000079739	-0.320374065711115
ENSG00000158966	-0.133265280491171
ENSG00000162434	-0.0577489468899626
ENSG00000272506	-0.229382450276445
ENSG00000162433	-0.148877082271487
ENSG00000213625	-0.570113374761491
ENSG00000116678	-0.224127649478623
ENSG00000184588	-0.0521589061740262
ENSG00000198160	0.235369498547299
ENSG00000116704	-0.27823267280052
ENSG00000142864	0.431264278914944
ENSG00000116717	-0.576223648745191
ENSG00000116729	-0.959377555713816
ENSG00000234383	-0.19083199498228
ENSG00000116745	-0.593819694660237
ENSG00000287283	-0.321119827132241
ENSG00000116754	0.245879167069414
ENSG00000118454	0.117930624636266
ENSG00000116761	-0.21271211697669
ENSG00000271992	0.401701049237965
ENSG00000132485	0.430442584372421
ENSG00000233894	0.134382138274785
ENSG00000162623	0.355295183292703
ENSG00000272855	0.395886693643938
ENSG00000226084	0.392434482591985
ENSG00000154027	0.410587342911787
ENSG00000036549	0.0556652031559254
ENSG00000137959	-0.571673846976625
ENSG00000137965	-0.577527257460555
ENSG00000242598	0.25101038720479
ENSG00000137941	0.902190719868908
ENSG00000271576	0.440332036620774
ENSG00000142875	0.762499274891898
ENSG00000174021	-0.554689336563562
ENSG00000117151	-0.0300911322738097
ENSG00000284882	-0.136361431967129
ENSG00000153904	-0.265849756295546
ENSG00000117174	0.191636357279134
ENSG00000016602	0.526423650367102
ENSG00000097033	-0.03193770632397
ENSG00000153936	-0.0566351295202608
ENSG00000143013	0.545417172332529
ENSG00000065243	-0.0412372385555817
ENSG00000137947	-0.0277073081512336
ENSG00000137944	-0.256505899007201
ENSG00000117228	-0.94179702063955
ENSG00000234518	-0.139223313978112
ENSG00000162645	-1.12568178634173
ENSG00000162654	-0.304633679277594
ENSG00000154451	0.279132919356428
ENSG00000225492	-0.0541769009545626
ENSG00000231999	0.112012722332712
ENSG00000272672	0.451910069803939
ENSG00000228175	-0.487066836732216
ENSG00000122482	0.242274262733571
ENSG00000097046	0.116367525227218
ENSG00000273487	0.695106271850657
ENSG00000207523	0.514176869779247
ENSG00000289544	-0.36613072017921
ENSG00000143033	0.00608109514575354
ENSG00000223745	0.0548050937570398
ENSG00000229635	-0.250853336023292
ENSG00000137942	0.0175990250099613
ENSG00000137936	-0.243657422859989
ENSG00000023909	-0.410933201964037
ENSG00000117528	-0.148213498935975
ENSG00000143036	-0.569791493137977
ENSG00000117519	-0.558302742708843
ENSG00000235501	-0.104728956720453
ENSG00000152078	0.193264686172825
ENSG00000122481	0.0513120931825385
ENSG00000259946	0.0673076103674253
ENSG00000280040	0.489576713555742
ENSG00000162627	0.223728923473074
ENSG00000117600	0.17205058106118
ENSG00000162688	-0.218920267994707
ENSG00000288826	1.11923478559078
ENSG00000122435	0.278879325111406
ENSG00000122477	0.018563388429057
ENSG00000137992	-0.0694226601959002
ENSG00000224616	0.140575257697039
ENSG00000162692	-0.960275750003636
ENSG00000162695	-0.238820020634235
ENSG00000117543	-0.0893297674804963
ENSG00000233184	-0.0585683651850491
ENSG00000225938	-1.05219999278998
ENSG00000170989	-0.998840620676047
ENSG00000183298	-0.0587611590472387
ENSG00000185946	0.277212355102182
ENSG00000198890	0.358982608264065
ENSG00000162636	0.315621159305817
ENSG00000162639	0.0513878918443045
ENSG00000121957	0.0959874421011631
ENSG00000121940	-0.126862508799518
ENSG00000197780	0.348352505842915
ENSG00000273382	-0.602596025236032
ENSG00000031698	-0.1967536024066
ENSG00000143126	0.96714909052092
ENSG00000134222	0.465543677679208
ENSG00000221986	0.107670901620343
ENSG00000134243	0.593262930955129
ENSG00000143106	-0.287350461503146
ENSG00000143028	-0.198466357740051
ENSG00000162650	0.249991988143205
ENSG00000174151	0.241226788002623
ENSG00000168710	-0.494481338932181
ENSG00000143093	0.224494261724605
ENSG00000197106	0.00716641356735953
ENSG00000224965	0.0169462848564694
ENSG00000162775	-0.258280789042251
ENSG00000273373	0.451113838734784
ENSG00000259834	0.727607556089841
ENSG00000288803	0.0559022421598729
ENSG00000143119	1.28521491440357
ENSG00000232811	0.0358597919516959
ENSG00000121931	-0.151480749369578
ENSG00000273010	-0.631992710594631
ENSG00000156171	-0.0589086129591842
ENSG00000162777	0.334085054998915
ENSG00000064886	-0.53646174140808
ENSG00000085465	-0.267421662489842
ENSG00000233337	0.424071112374376
ENSG00000116455	-0.264558992189641
ENSG00000116459	-0.306401526850737
ENSG00000171385	-0.0775297512010403
ENSG00000273483	0.787942100189261
ENSG00000155363	-0.60820181052526
ENSG00000155366	-1.04193853926631
ENSG00000155367	-0.290132587760806
ENSG00000155380	0.0629716737525452
ENSG00000198799	-0.0536112175935829
ENSG00000081019	0.116841802804179
ENSG00000188761	0.0730051275345399
ENSG00000118655	-0.263548068183767
ENSG00000163349	0.321936041046441
ENSG00000116774	0.41253354799651
ENSG00000197323	0.136226861100239
ENSG00000213281	-0.0414218651218567
ENSG00000009307	0.552403277529569
ENSG00000271143	-0.101589564964611
ENSG00000163399	0.325849198053463
ENSG00000134253	-0.251495540846504
ENSG00000198162	0.284458455662782
ENSG00000183508	0.0257855339246483
ENSG00000196505	0.0911956143627336
ENSG00000065183	-0.0047712328194643
ENSG00000260941	0.821999615489371
ENSG00000134250	-0.474013322941379
ENSG00000270392	-0.831524292972351
ENSG00000275131	-0.0530076655659898
ENSG00000281741	-0.370720150142992
ENSG00000198019	1.42103982571882
ENSG00000265531	0.978276650778418
ENSG00000265491	0.0218813358127714
ENSG00000186141	0.0609234138056658
ENSG00000186364	-0.0227570123166668
ENSG00000131779	0.298093246655897
ENSG00000211451	0.292452755851549
ENSG00000265241	0.378668505167982
ENSG00000271601	-0.32170779495339
ENSG00000272031	0.401687599529087
ENSG00000121851	0.261698274438335
ENSG00000265972	0.134847155353158
ENSG00000287978	0.812829244482934
ENSG00000180867	0.015102214385454
ENSG00000131781	0.223930116468197
ENSG00000162836	-0.0738709254406527
ENSG00000207340	-0.0579362116520752
ENSG00000231551	-0.217235950539924
ENSG00000225871	-0.700616692703938
ENSG00000178104	0.232912774650731
ENSG00000289614	0.319103575648763
ENSG00000150337	1.73080084703754
ENSG00000233030	0.555533277434601
ENSG00000159164	0.794647054780778
ENSG00000285184	-0.247486290478226
ENSG00000136631	-0.0534494015902578
ENSG00000023902	0.491372487420479
ENSG00000143401	0.070126756356382
ENSG00000118298	-0.607770065128232
ENSG00000117362	-0.787666001918861
ENSG00000118292	-0.968273927815014
ENSG00000289041	-1.02687497690054
ENSG00000159208	-0.961412109022729
ENSG00000163125	0.111197452831597
ENSG00000143382	-0.715178379135197
ENSG00000143384	-0.441017622875786
ENSG00000143420	0.460759384470816
ENSG00000163131	0.695729102134497
ENSG00000143387	0.254826511060009
ENSG00000143363	-0.169354156652927
ENSG00000143443	0.111274054732986
ENSG00000213190	0.531710731705465
ENSG00000143458	-0.0133176050183458
ENSG00000163154	1.42907778351909
ENSG00000163156	0.185517458030918
ENSG00000163159	0.153450574549767
ENSG00000143373	-0.278639722428038
ENSG00000143390	0.683652685905187
ENSG00000159377	-0.158005102169018
ENSG00000143442	0.158422265384041
ENSG00000143375	0.468696317634438
ENSG00000143367	-0.0554176863846887
ENSG00000143376	0.386425731553042
ENSG00000159409	0.399073255719996
ENSG00000143436	0.0240480992128708
ENSG00000249602	-0.0820121453436683
ENSG00000203288	0.0504261435805202
ENSG00000269489	0.674399061486586
ENSG00000225556	-0.281892119158444
ENSG00000201134	-1.20694547944468
ENSG00000196407	0.0961443289675969
ENSG00000159445	-0.0293620735285338
ENSG00000197747	-0.205558803715244
ENSG00000163191	0.00440446700135222
ENSG00000186207	-0.131900016847026
ENSG00000163209	0.217197153446805
ENSG00000169469	0.126214090602847
ENSG00000241794	0.0968271579003437
ENSG00000203782	0.53018032387068
ENSG00000163220	0.815787393010841
ENSG00000163221	0.49453366246225
ENSG00000143546	0.503811432253826
ENSG00000197956	-0.325927336019167
ENSG00000196154	0.203704258518285
ENSG00000188015	-0.767075060695173
ENSG00000196754	-0.484161203769435
ENSG00000285867	-0.505986481375241
ENSG00000188643	-1.29850253941224
ENSG00000189171	-0.28328930143727
ENSG00000160679	0.0880189823437933
ENSG00000143553	-0.165787606710695
ENSG00000143621	-0.130646713549564
ENSG00000143554	-0.431098829167358
ENSG00000143614	0.000863753999530991
ENSG00000284738	0.00257814117940757
ENSG00000198837	0.571408014104668
ENSG00000143570	-0.609072641647761
ENSG00000273026	-0.743089545196513
ENSG00000143578	-0.735588855656585
ENSG00000143545	-0.486335541949467
ENSG00000143549	0.331751844832259
ENSG00000143575	-0.388227795600535
ENSG00000143515	-0.132719684512406
ENSG00000228013	-0.513686303104157
ENSG00000160712	-0.328896346471235
ENSG00000160714	0.238576983741318
ENSG00000160716	0.0936300381425214
ENSG00000160710	-0.0178930706750143
ENSG00000143603	-0.438972785574865
ENSG00000163344	-0.655469140016065
ENSG00000163346	-1.3457437305879
ENSG00000163348	0.195098699244414
ENSG00000160691	-1.09552621522754
ENSG00000173207	0.30025224736702
ENSG00000160688	-0.0484153793180133
ENSG00000163354	-0.0283160406331736
ENSG00000232093	-0.19517862809355
ENSG00000243364	-0.338034487626854
ENSG00000169242	-0.242211312776211
ENSG00000169241	-0.0834299458425782
ENSG00000163462	0.46033676721319
ENSG00000185499	-0.914422639583261
ENSG00000231064	-0.620000049445981
ENSG00000173171	-0.516233471430087
ENSG00000160766	0.445433402906718
ENSG00000236675	0.179924268509475
ENSG00000177628	-0.487295955086155
ENSG00000160767	0.190481029324816
ENSG00000116521	-0.350819524330412
ENSG00000143630	0.0527315634464192
ENSG00000160752	-0.4116812668996
ENSG00000160753	0.267807323209912
ENSG00000116539	0.268391926022237
ENSG00000235919	-0.647104703779516
ENSG00000125459	-0.184972694529843
ENSG00000163374	0.113168540171087
ENSG00000203761	-0.0152828167637209
ENSG00000116580	-0.162919944093773
ENSG00000273002	0.190326796077137
ENSG00000163479	-0.275586968805433
ENSG00000160803	0.192574082273967
ENSG00000254726	-0.248162776814774
ENSG00000160789	-0.781788464898162
ENSG00000160785	0.145174685066478
ENSG00000160783	-0.280297250774352
ENSG00000242252	-0.853176007869963
ENSG00000163472	-0.125938935597317
ENSG00000163468	-0.253390880602422
ENSG00000125462	-0.364386141041171
ENSG00000163382	-0.386810731909426
ENSG00000160818	0.101729830045889
ENSG00000272068	-0.955030516397161
ENSG00000143319	-0.113854905777684
ENSG00000143303	-0.221000803656995
ENSG00000143294	-0.0155017105500776
ENSG00000027869	-0.043434133357551
ENSG00000132694	0.251065251937046
ENSG00000158473	0.32617752924293
ENSG00000163563	0.645921759619892
ENSG00000163565	0.034656888016584
ENSG00000213088	0.0976610964874466
ENSG00000132693	0.331133469466997
ENSG00000288775	-0.490274379881354
ENSG00000158716	-0.571153654911449
ENSG00000158714	0.621758461656445
ENSG00000272668	-0.186854968415116
ENSG00000158710	-0.957716815751938
ENSG00000177807	0.2061906458959
ENSG00000162728	0.26438692220741
ENSG00000162729	0.00421536666721915
ENSG00000018625	-0.947262003908085
ENSG00000227741	-0.207535950622678
ENSG00000132716	0.242410373532708
ENSG00000228606	0.0138813992093046
ENSG00000224261	0.219184286281636
ENSG00000162735	-0.200665387910776
ENSG00000122218	0.153606836722006
ENSG00000162738	-0.499739531006176
ENSG00000066294	0.768556327932747
ENSG00000158769	-0.839061193644226
ENSG00000158773	-0.0130522025087194
ENSG00000289121	-0.0304241014281093
ENSG00000186517	0.665211384237063
ENSG00000143256	0.186781876463716
ENSG00000158796	0.0468418533208127
ENSG00000143258	0.266736264762553
ENSG00000143224	-0.22395127442288
ENSG00000158850	-0.116348840212226
ENSG00000158864	0.212435640774906
ENSG00000158869	1.51497681005904
ENSG00000158874	0.561457107190236
ENSG00000158882	-0.130234596877833
ENSG00000158887	0.334378981293458
ENSG00000289106	0.168191915750889
ENSG00000288670	0.555796320954761
ENSG00000215840	-0.459004016751479
ENSG00000143226	1.26922343888643
ENSG00000173110	-0.496446598862847
ENSG00000203747	2.08141947017067
ENSG00000244682	0.156005101580855
ENSG00000225217	-0.499577560834514
ENSG00000162747	0.85591925872742
ENSG00000072694	0.36392050841591
ENSG00000132185	-0.181379592100825
ENSG00000118217	-0.122152662491391
ENSG00000162745	0.157737192573896
ENSG00000239887	0.176464316677981
ENSG00000117143	-0.143967910782619
ENSG00000162733	-0.159471373276298
ENSG00000132196	-0.0604161139388246
ENSG00000117152	0.249718843275705
ENSG00000143248	0.343910445969299
ENSG00000143149	-0.246422161090013
ENSG00000143183	-0.46920679225513
ENSG00000143179	0.0444415256060297
ENSG00000215835	0.122263619241592
ENSG00000143157	0.847723406422529
ENSG00000225171	-0.63954443338854
ENSG00000143190	-0.0152034820065342
ENSG00000273160	-0.291635973399535
ENSG00000143162	0.163169861824568
ENSG00000198771	0.166407788303247
ENSG00000197965	-0.220671336482575
ENSG00000143155	0.107199295234538
ENSG00000213064	-0.276499859693279
ENSG00000143178	-0.448804621706309
ENSG00000143153	0.73761145489544
ENSG00000289466	-0.21944449699283
ENSG00000117479	-0.461704021118101
ENSG00000188404	0.488386750997005
ENSG00000007908	-0.974908517507672
ENSG00000000457	-0.0726943946266049
ENSG00000120370	0.140356062766478
ENSG00000010165	0.047427395844831
ENSG00000287336	-0.416434853930269
ENSG00000135845	0.146548636928306
ENSG00000094975	-0.112032391481037
ENSG00000226375	0.17597144174438
ENSG00000117586	0.0332641264537716
ENSG00000117592	-0.250609636298822
ENSG00000076321	0.235650854760908
ENSG00000200674	-0.308858352503705
ENSG00000120334	-0.0106773895632947
ENSG00000117593	0.0532217269252799
ENSG00000224977	-0.077107256986976
ENSG00000116161	0.280042088229438
ENSG00000120333	0.348556364191743
ENSG00000235750	-0.416964049691072
ENSG00000152092	-0.156386525400773
ENSG00000198797	-0.480268904176481
ENSG00000120341	0.00716938288186592
ENSG00000213057	0.124175157614341
ENSG00000186283	-0.60095569619432
ENSG00000143322	0.0698970436222167
ENSG00000057252	0.108988295227441
ENSG00000169905	-0.281289870946453
ENSG00000272906	0.405079459445002
ENSG00000143337	0.208969659575527
ENSG00000135837	-0.20484145807171
ENSG00000116260	-1.04291925574703
ENSG00000135835	-0.0759548137817155
ENSG00000153029	-0.460823621070635
ENSG00000289589	-0.234032862326059
ENSG00000135821	-0.459332178249889
ENSG00000135828	0.152481519534043
ENSG00000143333	0.322625696487907
ENSG00000261504	-0.890179490304143
ENSG00000135838	-0.133634362406152
ENSG00000287808	0.323787360583474
ENSG00000135829	0.0528002267221258
ENSG00000116701	0.619036017247027
ENSG00000143344	-0.0523967550359961
ENSG00000198756	-0.294369956647377
ENSG00000279838	0.0617076079510134
ENSG00000116679	0.532754839042928
ENSG00000047410	0.0043478781562586
ENSG00000157181	-0.128516627292576
ENSG00000233196	0.757046974520601
ENSG00000073756	-0.0696141477334212
ENSG00000090104	1.89738002259362
ENSG00000162630	1.19646467817799
ENSG00000000971	-0.874588016868635
ENSG00000081237	0.429408283969255
ENSG00000162702	0.514959510398798
ENSG00000116852	0.444733085296603
ENSG00000116857	-0.49764541467087
ENSG00000224536	0.0491848621801703
ENSG00000198700	0.0598727497140941
ENSG00000176393	-0.271178428946972
ENSG00000170075	-0.883216265061389
ENSG00000133067	-0.421821435620643
ENSG00000077152	-0.146880138045009
ENSG00000077157	0.100523367637636
ENSG00000226862	-0.145949591730709
ENSG00000183155	0.468604027827238
ENSG00000117153	0.0523111248198304
ENSG00000159346	-0.0498063551076767
ENSG00000159348	-0.510149772270015
ENSG00000143847	0.611795723359631
ENSG00000133055	-0.439525545530147
ENSG00000133048	-1.73493501830402
ENSG00000159388	-0.298133456653807
ENSG00000188783	-0.639642081130468
ENSG00000143845	-0.861819825498702
ENSG00000133056	0.0308707321035263
ENSG00000240219	0.365993450603325
ENSG00000163531	0.264583959284554
ENSG00000184144	0.686361706321599
ENSG00000174529	0.0183875793978955
ENSG00000117222	0.111129923795068
ENSG00000133069	0.562690367453547
ENSG00000163545	-0.0338768592757753
ENSG00000117266	0.888415539022309
ENSG00000158715	0.176241962736794
ENSG00000069275	0.393960274922831
ENSG00000117280	0.337954986192818
ENSG00000133065	-0.335797728866073
ENSG00000174502	-0.242179457271586
ENSG00000266028	0.383612697860479
ENSG00000263528	-0.00362003705152295
ENSG00000266094	0.380628305722972
ENSG00000143486	0.146399858766412
ENSG00000237605	-0.457477851863164
ENSG00000143479	-0.292556427492563
ENSG00000162889	-0.737634095490468
ENSG00000123836	-0.0856533887590414
ENSG00000275392	0.411898282820925
ENSG00000196352	-0.0459538235914323
ENSG00000289071	-0.0882386011501962
ENSG00000174059	-1.04274994128004
ENSG00000076356	-0.367436050328407
ENSG00000123689	0.640443249093867
ENSG00000009790	0.2117378697487
ENSG00000162757	0.0576887037986924
ENSG00000117597	0.15805349469627
ENSG00000203706	0.321321508335534
ENSG00000082497	-0.0241935953041902
ENSG00000287354	0.148840497872588
ENSG00000117625	0.0958379666899965
ENSG00000153363	-0.0388404903772034
ENSG00000123684	0.277312120041127
ENSG00000143493	0.179417103352929
ENSG00000066027	-0.221563072061947
ENSG00000287445	-0.0887529084969187
ENSG00000162772	-0.652935752471114
ENSG00000123685	0.42142426186447
ENSG00000203705	-0.201398986523948
ENSG00000174606	-0.115990508484013
ENSG00000136636	0.297060736554726
ENSG00000067533	0.0687988196507174
ENSG00000092969	-0.147206067161441
ENSG00000136628	-0.12854087299323
ENSG00000218283	0.763647549928708
ENSG00000117791	-0.803205784763292
ENSG00000186205	-0.263689325857541
ENSG00000238078	0.0915607253994344
ENSG00000289142	-0.0567874229071762
ENSG00000136630	0.10824339958824
ENSG00000143498	0.0719501650007348
ENSG00000162819	0.30247429826242
ENSG00000287338	-0.371622029447861
ENSG00000187554	0.49842667684924
ENSG00000162909	-0.552595944524398
ENSG00000143514	-0.334558193353763
ENSG00000272645	0.016714505005006
ENSG00000185495	-0.177578400453784
ENSG00000232628	0.208487032589926
ENSG00000143748	-0.00320219846296465
ENSG00000143771	-0.17768240916087
ENSG00000162923	0.253839881822431
ENSG00000143815	-0.316953524089544
ENSG00000289602	-0.535271229774464
ENSG00000143742	0.115767868037139
ENSG00000143819	-1.28390271584722
ENSG00000242861	0.133691763522686
ENSG00000196187	0.699985966477674
ENSG00000143811	-0.207339438943992
ENSG00000225518	-0.532389356951778
ENSG00000182827	0.035196233815116
ENSG00000143772	-1.00965578773006
ENSG00000143801	-0.154091297771511
ENSG00000143776	0.262055745712614
ENSG00000081692	-0.774649935359075
ENSG00000287895	0.131749268644439
ENSG00000280157	-0.0933528856160652
ENSG00000203684	-0.00319835262430983
ENSG00000181873	-0.0280593779425029
ENSG00000196890	0.886160624198066
ENSG00000279306	0.0210615711469264
ENSG00000177788	0.226681545884359
ENSG00000237481	-0.0879467899480746
ENSG00000154429	0.340326236549824
ENSG00000069248	-0.218453347910921
ENSG00000135763	-0.0161783072543963
ENSG00000228058	1.64681234497736
ENSG00000143641	-0.261235527956528
ENSG00000135775	0.0356143613419872
ENSG00000135744	-1.04678906874107
ENSG00000119283	0.422613579151985
ENSG00000143633	0.207563460212832
ENSG00000116906	0.0791213730983892
ENSG00000116903	-0.189693110567279
ENSG00000135766	0.416798510157911
ENSG00000233461	-0.0817853689733106
ENSG00000116991	0.113443563226541
ENSG00000212916	0.0840243326138343
ENSG00000289305	1.03136862955323
ENSG00000135750	0.676353813042831
ENSG00000059588	0.0155179677382707
ENSG00000168264	0.237617931068031
ENSG00000280587	-0.0147463363149842
ENSG00000054267	0.201558522107607
ENSG00000152904	0.445043700810657
ENSG00000162885	-0.23881028854367
ENSG00000168243	-0.0492633155722201
ENSG00000116962	-0.455793497723654
ENSG00000077585	-0.311362567148183
ENSG00000116977	0.292368607231886
ENSG00000273058	-0.437118198014736
ENSG00000119285	0.0709748022452394
ENSG00000116984	-0.0909495416608799
ENSG00000155816	-0.0719484330551729
ENSG00000091483	-0.300865016514483
ENSG00000203668	-0.177508642271337
ENSG00000253326	-0.393453685605633
ENSG00000054282	0.0382192470669184
ENSG00000179456	0.729859030276971
ENSG00000203666	0.210866303693044
ENSG00000162851	-0.084889234814294
ENSG00000153207	-0.169752779937913
ENSG00000188295	0.0899003742057306
ENSG00000221953	-0.459008622037266
ENSG00000259865	0.481235185289008
ENSG00000289234	0.216438563946937
ENSG00000162711	0.296449287163244
ENSG00000238243	0.218230782186029
ENSG00000226191	0.120553423643085
ENSG00000175137	0.278613777625257
ENSG00000171163	0.641700668136688
ENSG00000184731	0.266451588269011
ENSG00000035115	0.366646181575281
ENSG00000189292	0.0167526086924365
ENSG00000151353	0.016678833524778
ENSG00000032389	-0.261356989897554
ENSG00000171853	-0.164685484842717
ENSG00000225234	0.575080975519654
ENSG00000182551	-0.378531437193192
ENSG00000171865	0.341711924973104
ENSG00000287126	-0.0770489869635739
ENSG00000289136	-0.732794736285222
ENSG00000236106	-0.0908092374511822
ENSG00000232044	0.408054709608472
ENSG00000225964	0.115012934898429
ENSG00000134326	-0.376158422257859
ENSG00000134321	-0.494877477078494
ENSG00000271947	-0.193749434190214
ENSG00000228203	-0.0507017486870799
ENSG00000151692	0.34512917871551
ENSG00000272002	0.0248566067872621
ENSG00000235092	0.252693601583617
ENSG00000134313	0.463234454159333
ENSG00000143797	-0.122759383048659
ENSG00000119185	0.231874961817466
ENSG00000134330	-0.058096522587035
ENSG00000269973	0.459356210608761
ENSG00000205795	0.270986650555321
ENSG00000115756	-0.025981279885785
ENSG00000115758	-0.461663765878859
ENSG00000257135	-0.232229499603203
ENSG00000243819	-0.60950309420991
ENSG00000143870	-0.319067332534248
ENSG00000169006	-1.30989145898327
ENSG00000230044	-0.557341605404145
ENSG00000134324	-0.621251669842423
ENSG00000228496	0.0463147112245901
ENSG00000162981	0.390951579072148
ENSG00000079785	0.0960500735488798
ENSG00000134323	0.106931758372763
ENSG00000163032	0.490117603369945
ENSG00000163029	0.046686108632191
ENSG00000178295	-0.198913563841766
ENSG00000240857	0.0902038146579236
ENSG00000183891	0.123747649079512
ENSG00000118965	-0.251500627578156
ENSG00000068697	-0.612340885825497
ENSG00000115884	-0.12355856813229
ENSG00000118960	-0.280335373544268
ENSG00000269976	-0.104892562007802
ENSG00000173960	0.0404458970025492
ENSG00000163026	0.112490010454613
ENSG00000115128	-0.0807863994031281
ENSG00000219626	0.0298342682706408
ENSG00000176732	-0.134527298346271
ENSG00000198399	0.0950478951604845
ENSG00000242628	0.0869673813010515
ENSG00000084676	-0.0816405199413455
ENSG00000271936	-0.713825250297271
ENSG00000119772	0.11526102583086
ENSG00000235072	0.156272040322025
ENSG00000138101	-0.0419212836477994
ENSG00000143970	0.123174944523315
ENSG00000084733	0.109630711296457
ENSG00000157833	-0.299471004268884
ENSG00000084754	-0.250651729706961
ENSG00000138029	-0.0513814668724973
ENSG00000213699	-0.399159232651937
ENSG00000157851	0.429159033102089
ENSG00000119777	0.126453726332519
ENSG00000138080	-0.985310050463375
ENSG00000138030	-0.235761672797275
ENSG00000138028	-0.0560349315800076
ENSG00000138073	-0.00262615671095117
ENSG00000138085	-0.41771345040546
ENSG00000084774	0.0658744918524276
ENSG00000115204	0.171019688415111
ENSG00000115207	-0.125633103225161
ENSG00000234072	0.148699824159028
ENSG00000115234	-0.372466438768496
ENSG00000163795	-0.274564851414712
ENSG00000115241	-0.0862899409560045
ENSG00000115216	-0.0895277697006966
ENSG00000138002	0.235813255700943
ENSG00000115226	-0.536012446934773
ENSG00000243943	0.00682948241509492
ENSG00000176714	0.364317400576692
ENSG00000198522	-0.339212115986811
ENSG00000223522	-0.110653122643584
ENSG00000270640	0.316359297130978
ENSG00000189350	-0.420570790425107
ENSG00000179270	-0.267336395871875
ENSG00000213626	0.0987787156247456
ENSG00000271228	1.15792148672146
ENSG00000288937	0.233256795307503
ENSG00000119820	0.268480060353897
ENSG00000276517	-0.385155362280155
ENSG00000152689	0.577247807144663
ENSG00000260025	-0.30021417458796
ENSG00000171055	-0.199058160941449
ENSG00000152133	0.401362523390895
ENSG00000055332	0.129855286355225
ENSG00000115825	-0.0758012050833866
ENSG00000163171	-0.0169386904776698
ENSG00000138061	-0.61087201039049
ENSG00000213553	-0.00770123865347038
ENSG00000143889	0.257576460238666
ENSG00000143891	-0.0430517915377883
ENSG00000115875	0.0892133756495906
ENSG00000152147	0.0399902877021402
ENSG00000163214	-0.08435256424071
ENSG00000115904	0.150494257907043
ENSG00000152154	0.279119652531858
ENSG00000138050	0.0713039964033037
ENSG00000162881	0.333162693765908
ENSG00000289082	-0.274209007725303
ENSG00000226491	0.148795724733846
ENSG00000286796	0.411121150023228
ENSG00000234936	-0.0419881378577457
ENSG00000223658	-0.359091071608301
ENSG00000138036	-0.288884138430751
ENSG00000138032	0.544620892676264
ENSG00000289272	0.0673201452151893
ENSG00000170577	0.143826370628499
ENSG00000231156	0.794695321356951
ENSG00000119729	0.330328806736054
ENSG00000151665	-0.125401288118281
ENSG00000119878	0.411833067850064
ENSG00000068724	0.037276844119568
ENSG00000116062	0.150947033071942
ENSG00000233230	0.273325933210186
ENSG00000170802	0.416802642734307
ENSG00000115239	-0.197908384245652
ENSG00000143942	-0.0662843440716915
ENSG00000119737	0.00353524671505645
ENSG00000068878	-0.408641927380315
ENSG00000115310	0.323986971191178
ENSG00000162994	0.0506332917086507
ENSG00000085760	0.361752822083093
ENSG00000115355	0.131198504421795
ENSG00000275052	0.308347670577477
ENSG00000138035	0.35184565391317
ENSG00000115380	-1.22729675411741
ENSG00000115392	0.149689209271433
ENSG00000115421	0.285957796941375
ENSG00000162928	0.0495631559078818
ENSG00000212978	0.434361794557684
ENSG00000173209	0.649280746697452
ENSG00000115464	0.248934841103277
ENSG00000270820	0.0681719707480045
ENSG00000082898	0.165494673906921
ENSG00000170264	0.301010835698728
ENSG00000115484	-0.345342094466646
ENSG00000186889	-0.0217605409390555
ENSG00000115507	-0.794001608653864
ENSG00000143952	0.101549166358623
ENSG00000197329	0.235665378898057
ENSG00000225889	0.110509970082189
ENSG00000119844	0.220646578134483
ENSG00000179833	-0.0699847763472659
ENSG00000115902	-0.798745562656155
ENSG00000011523	-0.0232240787903007
ENSG00000198369	0.0166396110804571
ENSG00000143995	0.0729540946420406
ENSG00000115946	-0.102696028586579
ENSG00000273064	0.40462578287119
ENSG00000119865	-0.109311432845454
ENSG00000115956	0.660618153819196
ENSG00000204923	0.224365593385546
ENSG00000169604	0.341932804428297
ENSG00000198380	0.122777136323636
ENSG00000196975	0.0429270463778803
ENSG00000288869	-0.105913668709863
ENSG00000087338	0.191863349919568
ENSG00000124380	0.196280263170995
ENSG00000179818	0.0399262624513611
ENSG00000169564	0.333464550230337
ENSG00000231327	-0.201418171031512
ENSG00000115998	0.0627541629509239
ENSG00000116001	0.225336281678142
ENSG00000163235	0.331682761900285
ENSG00000144043	-0.281769048815456
ENSG00000124357	0.0799313656130022
ENSG00000124374	0.533491219892948
ENSG00000075292	0.0265771424135584
ENSG00000144040	-0.721466435891586
ENSG00000135632	-0.472411025242078
ENSG00000135617	-0.645440009125075
ENSG00000135624	-0.226201773158384
ENSG00000163013	0.493638055111744
ENSG00000135625	-0.306300142582666
ENSG00000230002	-0.999540716940711
ENSG00000144034	0.149200213534423
ENSG00000114956	-0.322804462887824
ENSG00000187605	-0.0279552945157233
ENSG00000257800	-0.0147824227095664
ENSG00000217702	-0.0216235045962641
ENSG00000225439	0.513564981360054
ENSG00000114978	0.278577912775561
ENSG00000065911	0.152947302195272
ENSG00000204843	0.450245967537185
ENSG00000237737	0.195495710229558
ENSG00000239779	-0.15775623587147
ENSG00000115282	0.33201600923334
ENSG00000272183	0.149871584535888
ENSG00000257702	-0.0507985982309449
ENSG00000115289	0.217643714261356
ENSG00000115307	0.165265983896073
ENSG00000115318	0.290687829925808
ENSG00000115325	0.189744451899375
ENSG00000159399	0.652747306535469
ENSG00000115350	-0.155057979941228
ENSG00000115364	0.0978341064895014
ENSG00000005436	-0.0309460210876593
ENSG00000271452	-0.147969203158338
ENSG00000162951	-0.316462483660967
ENSG00000034510	-0.333169931812873
ENSG00000213399	-0.431717567872715
ENSG00000152284	-0.17651600643695
ENSG00000152291	0.389491491869131
ENSG00000115459	0.116312634785894
ENSG00000042493	-0.243146777429334
ENSG00000286011	-0.27059307445831
ENSG00000152292	0.432618575660894
ENSG00000229648	0.325040954323405
ENSG00000286532	0.171041115835588
ENSG00000118640	0.312381958507395
ENSG00000168899	-0.962257867998955
ENSG00000168894	-0.332741368334365
ENSG00000168883	-0.285836593308236
ENSG00000168887	0.0931268146809723
ENSG00000168878	-0.272110071147627
ENSG00000168874	-0.396280635480165
ENSG00000115525	0.170054849043561
ENSG00000272564	0.0806363804935752
ENSG00000068654	-0.206222411727635
ENSG00000132305	-0.226677248560339
ENSG00000115548	-0.198127422246337
ENSG00000153561	0.377258779067152
ENSG00000172086	0.244815346655876
ENSG00000163586	0.00149851542369475
ENSG00000234028	-0.340948182889426
ENSG00000153574	0.0380855528279641
ENSG00000211592	1.20627115264335
ENSG00000243466	0.598193354517339
ENSG00000239951	0.746956570157906
ENSG00000286156	0.635051274163368
ENSG00000233850	-0.316746061777701
ENSG00000144029	0.0256198803671718
ENSG00000144026	-0.0601991911436753
ENSG00000275111	0.0313983769497181
ENSG00000289370	0.389581583697539
ENSG00000115041	0.127032423285069
ENSG00000115042	-0.174563018422779
ENSG00000232931	0.366717150237711
ENSG00000231584	0.0155014353157919
ENSG00000186281	0.162659770746395
ENSG00000274286	0.276288299406915
ENSG00000158050	-0.219865781122664
ENSG00000084090	0.0959432270956446
ENSG00000204685	0.0312243411331858
ENSG00000135956	-0.184415268538132
ENSG00000144021	0.144677409563153
ENSG00000144028	-0.0860649380373907
ENSG00000198885	0.224329710747397
ENSG00000196843	-0.405684241428438
ENSG00000114982	0.169618425148791
ENSG00000114988	-0.497817635667906
ENSG00000273265	-0.3082003292247
ENSG00000289135	0.146610222538323
ENSG00000168763	0.283451364692627
ENSG00000188383	-0.0293009124619478
ENSG00000279791	-0.117743549213787
ENSG00000228970	-0.0661560981922471
ENSG00000228486	0.207596906597077
ENSG00000183513	0.286771707747452
ENSG00000071073	0.14774287652218
ENSG00000226791	0.38131237442979
ENSG00000144182	0.0773885815692333
ENSG00000158411	0.162506924172485
ENSG00000158417	0.191051460499181
ENSG00000115526	-0.434188833629259
ENSG00000115539	0.387359240851069
ENSG00000170485	-0.230081872269122
ENSG00000163162	0.202937661384566
ENSG00000175874	0.37970182385416
ENSG00000115594	-0.503879452799871
ENSG00000115602	-0.871170489822757
ENSG00000115604	-0.0664868169344386
ENSG00000234389	0.156783717856646
ENSG00000235597	0.063409218017286
ENSG00000228528	-0.652060146618245
ENSG00000279904	0.0880530786782215
ENSG00000234177	-0.310145997326761
ENSG00000233639	0.0307387383199377
ENSG00000198914	0.419067235454582
ENSG00000289498	0.599375250803145
ENSG00000287135	-0.0295262756486882
ENSG00000226508	0.545936184955957
ENSG00000272861	0.107814695820182
ENSG00000135966	0.0490186351506316
ENSG00000272994	0.11862759290755
ENSG00000135974	0.528262781747552
ENSG00000071051	0.182135430372077
ENSG00000115652	-0.173591559643795
ENSG00000144057	0.166730898624996
ENSG00000198203	-0.00599136048312191
ENSG00000198075	-0.863105149229253
ENSG00000169756	-0.176770461161955
ENSG00000153201	0.195863180741468
ENSG00000259863	-0.181810398098453
ENSG00000282033	-0.0461783937996
ENSG00000204588	0.052548371369251
ENSG00000144061	-0.0927898962068956
ENSG00000175701	-0.256711173942055
ENSG00000236330	-0.000125913836819938
ENSG00000153094	0.235659444955507
ENSG00000230499	0.530601639465853
ENSG00000236307	-0.116490585561564
ENSG00000153208	-0.227472060375181
ENSG00000153214	-0.151999165163868
ENSG00000188177	-0.00410004853398835
ENSG00000114999	0.124963013334735
ENSG00000243389	-0.324126110738996
ENSG00000237753	-0.259120464888312
ENSG00000144136	-0.0276437553481382
ENSG00000184492	0.0502341478477258
ENSG00000144134	-0.119819058225727
ENSG00000270019	-0.173247549061823
ENSG00000115091	0.217899342210328
ENSG00000236255	0.231855146435238
ENSG00000163064	0.330482602375587
ENSG00000115107	0.367802199946569
ENSG00000115109	-0.182111980151322
ENSG00000236878	-0.0315292418855135
ENSG00000163083	-0.704746876713137
ENSG00000115112	-0.639996036836992
ENSG00000265451	0.0679314993731756
ENSG00000236859	0.0581316217177612
ENSG00000155438	-0.00141206566519454
ENSG00000211460	-0.112678848673014
ENSG00000186684	0.0815661050705695
ENSG00000163161	0.21152970100922
ENSG00000169967	0.0187035416169299
ENSG00000236682	-0.0486908973455738
ENSG00000287742	0.0394393659144528
ENSG00000115718	0.233787891338837
ENSG00000144230	0.38859432450852
ENSG00000136709	0.0088726529643349
ENSG00000274010	0.0451434775402795
ENSG00000144233	-0.0333199469320057
ENSG00000286873	-0.462545386902627
ENSG00000136715	0.0997314621961669
ENSG00000136731	-0.0458314878366292
ENSG00000213225	-0.710189628444987
ENSG00000136710	0.100748758306324
ENSG00000136698	-0.192424079989936
ENSG00000178171	0.298141738076615
ENSG00000233221	-0.33092497819451
ENSG00000152102	0.210624797793339
ENSG00000233087	0.194516087664707
ENSG00000150551	-0.318766511039523
ENSG00000152127	0.0692292995597843
ENSG00000076003	-0.508203006670666
ENSG00000115866	-0.0347985200535957
ENSG00000121966	1.76861666761982
ENSG00000230037	-0.00427992828859375
ENSG00000150540	0.176003668488525
ENSG00000144228	0.492408299209447
ENSG00000121964	0.228018101490406
ENSG00000238057	0.383476470712339
ENSG00000168280	0.629402290182203
ENSG00000187123	0.054507645019603
ENSG00000184898	-0.255282683574463
ENSG00000123609	-0.00576906036578473
ENSG00000080345	0.0214403878252274
ENSG00000157827	0.572363538686563
ENSG00000287085	0.279154945539753
ENSG00000286207	-0.768117974425195
ENSG00000177917	0.278341083021539
ENSG00000153234	-0.0947867465773619
ENSG00000115159	-0.0649569270567969
ENSG00000136541	0.882102663973242
ENSG00000144283	0.196296095753754
ENSG00000243792	0.060197146823824
ENSG00000251491	-0.461459175718539
ENSG00000115183	-0.0197285853501988
ENSG00000196151	0.0688284501198817
ENSG00000123636	0.0122506728964421
ENSG00000136536	-0.289020079536488
ENSG00000153250	-0.00434424999754884
ENSG00000115267	-0.00310981078149264
ENSG00000115271	0.324756809376615
ENSG00000153253	0.212664789864258
ENSG00000163072	-0.640205626835143
ENSG00000073737	0.583272104784128
ENSG00000081479	0.29813506855579
ENSG00000163093	-0.556758613583123
ENSG00000138399	0.258956638608324
ENSG00000138398	0.170410410129689
ENSG00000213160	-0.2591967228736
ENSG00000138382	0.13310993773766
ENSG00000222033	-0.115754122908581
ENSG00000128692	0.568851262427096
ENSG00000128683	0.261470690941604
ENSG00000286611	0.0177951295875087
ENSG00000115806	0.0750773233777874
ENSG00000115827	0.29765412310095
ENSG00000071967	-0.724689758501998
ENSG00000128708	-0.200974013423972
ENSG00000288048	-0.131060241214787
ENSG00000278924	0.132994047186323
ENSG00000091409	-0.733987140484968
ENSG00000152256	-0.0403684359223343
ENSG00000172845	0.082632986781209
ENSG00000289296	-0.00728630771013252
ENSG00000235655	0.789415521086182
ENSG00000233131	-0.486790022668308
ENSG00000224189	0.893576626629487
ENSG00000226363	0.139492064031117
ENSG00000128645	0.641252750082255
ENSG00000218175	0.566574827135772
ENSG00000116044	-0.0128847517437583
ENSG00000222043	-0.31277171859974
ENSG00000280374	-0.284856749542012
ENSG00000196659	-0.0670727293313112
ENSG00000197557	-0.439825498562826
ENSG00000204311	0.0866900518618281
ENSG00000238082	-0.343512465022886
ENSG00000163510	0.0951924646740828
ENSG00000260742	-0.0112408940857183
ENSG00000138434	0.464797039877584
ENSG00000163002	0.0479197185699284
ENSG00000177855	0.069604626259958
ENSG00000138449	-0.356461964803456
ENSG00000138381	0.402614816475412
ENSG00000128694	0.0536906679780377
ENSG00000273240	1.22343923065657
ENSG00000064933	-0.00146130506673394
ENSG00000198130	-0.0684651590702013
ENSG00000151689	0.141161216685423
ENSG00000151690	0.718307901894773
ENSG00000272979	-0.995487422276358
ENSG00000138386	0.382097021364297
ENSG00000115419	0.278661456955661
ENSG00000115415	-0.135500707750825
ENSG00000173559	0.427196967308066
ENSG00000168497	-0.680157815933623
ENSG00000144339	0.152915608773241
ENSG00000196950	-0.138382687664186
ENSG00000081320	-0.159701142136804
ENSG00000119041	0.0555327898188457
ENSG00000187944	0.122610538276091
ENSG00000197121	0.158832347609453
ENSG00000115524	0.21770087328922
ENSG00000115520	-0.23524447105714
ENSG00000144381	-0.489084293391513
ENSG00000115540	-0.0258689971643537
ENSG00000162944	0.677313471913641
ENSG00000247626	0.210995347109907
ENSG00000115896	0.361182947097112
ENSG00000238217	0.0246577212246852
ENSG00000162972	-0.0340511228678151
ENSG00000196141	-0.149879850727125
ENSG00000155729	0.186980394787202
ENSG00000237166	0.377521956348948
ENSG00000013441	0.68725125605443
ENSG00000115942	0.185590324260759
ENSG00000235579	-0.122940101182672
ENSG00000003400	-0.334157999837653
ENSG00000064012	0.10927627426106
ENSG00000082146	0.176116007513133
ENSG00000155755	-0.149771308307464
ENSG00000230799	-0.101738153714082
ENSG00000231903	-0.574317535434768
ENSG00000055044	-0.0369954705132959
ENSG00000272966	-0.34868052147479
ENSG00000163596	0.0228990832249733
ENSG00000138442	0.0494658196520991
ENSG00000138380	0.323520789470277
ENSG00000138443	0.190577571847812
ENSG00000118257	-0.887208721185829
ENSG00000227946	-0.302817813351297
ENSG00000138400	-0.408398896359138
ENSG00000118246	-0.383953576775369
ENSG00000225916	-0.384608649139988
ENSG00000118260	0.183222859501112
ENSG00000163249	-0.234203722880024
ENSG00000163251	-0.0225600808787724
ENSG00000118231	-0.215425476293454
ENSG00000188674	-0.0255187988931405
ENSG00000138413	0.316995954951873
ENSG00000078018	0.456444367765742
ENSG00000144445	0.0837534227853003
ENSG00000272807	0.488011592961526
ENSG00000115361	-0.26018473590844
ENSG00000115425	-0.0839306409153942
ENSG00000079246	-0.138669791159077
ENSG00000279348	0.309447911620865
ENSG00000260804	0.103610837181709
ENSG00000138375	0.0563185882905887
ENSG00000241520	-0.578398574894163
ENSG00000115461	0.0872251470824074
ENSG00000163466	0.0120524481196434
ENSG00000135926	-1.20540167530676
ENSG00000018280	1.37440129889958
ENSG00000115556	-0.285958412520962
ENSG00000074582	-0.120074678679801
ENSG00000163481	-0.161879516514676
ENSG00000171450	0.455354962596777
ENSG00000158552	-0.0683712937578156
ENSG00000163516	0.557743468760916
ENSG00000163521	-0.238473123761731
ENSG00000115661	-0.0707199835778081
ENSG00000127824	-0.87794733054637
ENSG00000054356	0.248808441088086
ENSG00000123992	-0.308504317207782
ENSG00000072182	0.0101261732751699
ENSG00000268896	-0.314319564160159
ENSG00000163082	-0.145948028319182
ENSG00000116120	0.0107959918854568
ENSG00000235225	-0.279329571894111
ENSG00000123983	-0.280947898954243
ENSG00000152049	-0.0891851071884605
ENSG00000171951	0.294161172444294
ENSG00000085449	0.00291341196582478
ENSG00000135900	0.00767820261183034
ENSG00000135919	-1.11531678637503
ENSG00000036257	0.186184560509166
ENSG00000273301	0.599462949546834
ENSG00000144468	-0.0467589745991802
ENSG00000173744	-0.105056398878529
ENSG00000135917	-0.517948795423194
ENSG00000153832	-0.1163732754523
ENSG00000135899	-0.0417119754790979
ENSG00000067066	0.000932034941793683
ENSG00000243650	0.419073500662492
ENSG00000135916	-0.970698186827887
ENSG00000173692	-0.273876201195645
ENSG00000156966	0.61798671566021
ENSG00000115053	0.440505964253207
ENSG00000283312	0.344772426225535
ENSG00000289018	0.0521730274686145
ENSG00000187514	0.459907959150816
ENSG00000144524	0.0655555800236101
ENSG00000261096	0.00762612616356427
ENSG00000163273	-0.0666444590516884
ENSG00000171551	-0.0998797736544544
ENSG00000221944	0.135607066152918
ENSG00000204120	0.215377338933092
ENSG00000182600	0.560513634616784
ENSG00000168918	0.279942864989202
ENSG00000077044	-0.0192830852935569
ENSG00000085982	-0.16808426041723
ENSG00000188042	-0.281455697404295
ENSG00000130147	-0.149931703805997
ENSG00000157985	0.36483980198205
ENSG00000132321	-0.152572595421793
ENSG00000270540	-0.199726157628073
ENSG00000198612	-0.194320436453029
ENSG00000124831	-0.000918172077416645
ENSG00000132329	-0.776131233842273
ENSG00000184182	0.302799754683991
ENSG00000132326	-0.477175606783308
ENSG00000065802	0.441873576586698
ENSG00000178586	0.831352262417717
ENSG00000178602	0.062118657375462
ENSG00000063660	-0.690586296580384
ENSG00000218416	0.11436582849421
ENSG00000144504	-0.0871850300761692
ENSG00000142327	0.0699864706119451
ENSG00000260942	0.395463436366582
ENSG00000130294	0.239437527254954
ENSG00000162804	-0.0794200239492979
ENSG00000122085	-0.124459892642495
ENSG00000115677	0.167339117093745
ENSG00000168385	0.117182537199875
ENSG00000289555	-0.511994098849274
ENSG00000176720	0.5316569461695
ENSG00000273113	0.657854683234281
ENSG00000204099	0.634783506816309
ENSG00000261186	0.519618199812997
ENSG00000224318	-0.267127637927276
ENSG00000271870	0.178841436647225
ENSG00000175928	0.485810591900898
ENSG00000170364	-0.171694206757604
ENSG00000231249	0.183763361286314
ENSG00000134109	-0.117828329727788
ENSG00000071282	-0.314896697633494
ENSG00000180914	-1.36602287069249
ENSG00000134077	-0.136710281396254
ENSG00000156983	-0.0819972686160695
ENSG00000114026	-0.329351525748477
ENSG00000171148	-0.12298875425206
ENSG00000241553	-0.284145428324586
ENSG00000214021	-0.371036390681264
ENSG00000171135	-0.101206107814484
ENSG00000163702	-0.922364820651138
ENSG00000163703	0.139136073344628
ENSG00000206567	0.101474172356016
ENSG00000186162	-0.201206594710786
ENSG00000134070	-0.0573813649102895
ENSG00000157014	0.0506457714765185
ENSG00000157020	-0.388806295283013
ENSG00000132164	-1.59410299406012
ENSG00000157103	-0.231339362650515
ENSG00000144560	-0.163304347743553
ENSG00000144559	-0.0106153980116587
ENSG00000154743	-0.0073164790983936
ENSG00000075975	0.021926594596515
ENSG00000132155	0.0550312855917396
ENSG00000132182	0.0302972227026506
ENSG00000163517	-0.0803390533166923
ENSG00000154764	-0.171367176098079
ENSG00000163528	0.35833359085723
ENSG00000170876	-0.416844262145034
ENSG00000131389	-0.623831351924409
ENSG00000225733	0.499108975340117
ENSG00000131381	0.252745859798966
ENSG00000131375	-0.0842840954279339
ENSG00000144597	-0.0116009258043878
ENSG00000206561	-0.00279260717865332
ENSG00000131373	-0.156362912641022
ENSG00000206560	0.116354381128857
ENSG00000224728	-0.18330528923973
ENSG00000131386	0.221242578787659
ENSG00000131378	0.0850971694727039
ENSG00000131374	0.0923819226345294
ENSG00000183960	0.0376862596623359
ENSG00000144566	0.0717582327103678
ENSG00000289138	-0.850521960573886
ENSG00000114166	0.0639297723067175
ENSG00000174748	0.116372203345586
ENSG00000174738	0.166214548793696
ENSG00000077097	0.348097727316777
ENSG00000151092	0.130023192299325
ENSG00000225386	0.00444123344880076
ENSG00000033867	-0.0107100253222728
ENSG00000271943	0.128195471368974
ENSG00000163513	-0.309786554394542
ENSG00000261468	-0.400190575197727
ENSG00000288926	-0.0589454741296849
ENSG00000153551	0.183878335584381
ENSG00000091317	-0.155286835866706
ENSG00000144635	-0.105041056763377
ENSG00000182973	-0.0253238339079569
ENSG00000170266	-0.117421787888826
ENSG00000170275	0.368261501318375
ENSG00000173705	0.278767049948616
ENSG00000163539	0.385101644943478
ENSG00000271993	0.383999756890826
ENSG00000231449	0.0437539932885748
ENSG00000271653	0.0213431554270372
ENSG00000270194	-1.08190743622412
ENSG00000144674	0.277343953329921
ENSG00000144677	-0.261222246290429
ENSG00000187091	-0.844513398584549
ENSG00000060971	-0.425036921819323
ENSG00000172936	0.00486360636918687
ENSG00000114739	0.102185555016635
ENSG00000114742	0.144069063782311
ENSG00000114745	-0.322766248585073
ENSG00000168026	-0.392213537288694
ENSG00000283849	-0.313583208711295
ENSG00000168334	-0.379019334309351
ENSG00000168329	1.5145746526644
ENSG00000144659	-0.292644143660827
ENSG00000289279	0.669437469164381
ENSG00000230274	-0.361177178783895
ENSG00000177873	-0.0211864000414252
ENSG00000177842	0.146123787304406
ENSG00000172888	0.563486125492358
ENSG00000168036	-0.0728503521135489
ENSG00000187094	0.410655494384372
ENSG00000093183	-0.00989798633626182
ENSG00000008324	-0.057132056564688
ENSG00000114853	0.246553166158678
ENSG00000010282	0.207824762383141
ENSG00000173811	0.00069046762419255
ENSG00000240747	-0.78263775876422
ENSG00000182983	-0.197939016938177
ENSG00000144649	-0.50135262675714
ENSG00000160746	-0.171716793025025
ENSG00000280435	-0.129604836862177
ENSG00000261786	0.517440212110827
ENSG00000271937	0.131568873785016
ENSG00000179152	0.232240755196509
ENSG00000185219	0.111786664703819
ENSG00000186448	-0.0681833437526354
ENSG00000169981	0.0897952685310913
ENSG00000272077	-0.131498996887291
ENSG00000186446	0.0638946841258977
ENSG00000169964	-0.00735703973590337
ENSG00000075914	-0.219430302587535
ENSG00000011376	-0.405717257994254
ENSG00000163818	-0.0608098111402761
ENSG00000163820	0.0536348849931977
ENSG00000163823	1.37023692399188
ENSG00000160791	0.774343158254012
ENSG00000121797	-0.121153547159613
ENSG00000181585	-0.391026607905171
ENSG00000283706	-0.457454783386869
ENSG00000236409	-0.370802869863227
ENSG00000181555	0.221379773775793
ENSG00000114648	0.00704616860013351
ENSG00000280173	0.261680412687315
ENSG00000271161	-0.0366893605991575
ENSG00000114646	0.625125906800903
ENSG00000173473	0.209959718774827
ENSG00000132153	-0.100813776010109
ENSG00000164045	-0.072112756111378
ENSG00000164047	-0.00160264341173004
ENSG00000229759	-0.184899970091962
ENSG00000172113	-0.0339405546810659
ENSG00000289043	-0.0655235267757674
ENSG00000164053	-0.305442092133514
ENSG00000164054	-0.328918838788291
ENSG00000225697	-0.23251878752064
ENSG00000008300	0.542100245889381
ENSG00000068745	0.24651652067068
ENSG00000114302	-0.0576571478395199
ENSG00000224424	-0.418979412211158
ENSG00000178537	-0.197196108795236
ENSG00000221883	-0.344987453271683
ENSG00000177479	-0.0928973527942814
ENSG00000285416	-0.0353352405479741
ENSG00000178149	-0.486255666576275
ENSG00000178035	-0.552411365133306
ENSG00000198218	-0.0453226856720127
ENSG00000172053	0.251311614482667
ENSG00000177352	-0.273521509744306
ENSG00000188315	0.272900738696883
ENSG00000233276	0.144221291177269
ENSG00000145022	-0.133674085336804
ENSG00000145020	-0.227161065598804
ENSG00000145029	0.328227338586013
ENSG00000173402	-0.879823637933077
ENSG00000226913	-0.376136630006804
ENSG00000164068	0.0935883375135226
ENSG00000173540	-0.287601252657485
ENSG00000185614	0.685259880375047
ENSG00000182179	0.0987319845641538
ENSG00000164076	-0.118925206464738
ENSG00000004534	0.327345874881681
ENSG00000001617	-0.403874357239103
ENSG00000188338	-0.74489509036385
ENSG00000230454	0.0612232671086267
ENSG00000012171	0.110641895698541
ENSG00000179564	-0.19393853448389
ENSG00000214706	-0.238413175300426
ENSG00000068001	-1.31910518850544
ENSG00000281358	-0.287895880503333
ENSG00000114388	0.155324463126408
ENSG00000126062	-0.488505472241206
ENSG00000007402	0.0393990106657249
ENSG00000114735	-0.28575793439787
ENSG00000114737	0.141233788631142
ENSG00000114738	-0.30885001778845
ENSG00000273356	0.206866837694998
ENSG00000145050	-0.549228819053575
ENSG00000145041	0.154958732851299
ENSG00000164080	-0.0962894293121299
ENSG00000164081	-0.351260132641766
ENSG00000287707	-0.0238349628098902
ENSG00000114767	-0.394111081637264
ENSG00000041880	-0.439227902963094
ENSG00000280422	-0.206205725859939
ENSG00000114779	0.160282466086448
ENSG00000248487	-0.189260438074809
ENSG00000162244	-0.340250033678881
ENSG00000164086	0.554833110072776
ENSG00000023330	-0.343317185188927
ENSG00000239732	0.24925299860761
ENSG00000247596	-0.311289838694856
ENSG00000168237	-0.570288817460444
ENSG00000114841	-0.0226751652138404
ENSG00000010322	-0.111541294399165
ENSG00000010327	0.778814531225479
ENSG00000163938	0.0815118742620428
ENSG00000016864	-0.154780169204887
ENSG00000114904	0.151309991177581
ENSG00000272573	0.336392875861124
ENSG00000279144	-0.911503890601615
ENSG00000289519	0.200826140342434
ENSG00000163933	-0.224409830987941
ENSG00000163932	0.4745119557392
ENSG00000163931	-0.509259669201128
ENSG00000272886	-0.186809066882333
ENSG00000016391	-0.221504077106864
ENSG00000271976	0.393407726909105
ENSG00000113812	0.012164590186152
ENSG00000114251	0.880232423088455
ENSG00000163946	0.105584877247878
ENSG00000144730	-0.0518893760983269
ENSG00000157500	0.29319554264151
ENSG00000287502	-0.132594458142202
ENSG00000174840	-0.0320605133982335
ENSG00000168374	-0.221521465555605
ENSG00000174839	-0.202924579154222
ENSG00000163686	0.286327861650128
ENSG00000272182	0.654962882589316
ENSG00000168306	-0.407594939038948
ENSG00000168309	-0.25312787131568
ENSG00000243384	-0.659398445455414
ENSG00000226360	-0.254135376219373
ENSG00000163635	-0.022802556692397
ENSG00000163636	-0.327611194682425
ENSG00000272181	0.156480116054993
ENSG00000163637	-0.145894036279493
ENSG00000163638	-0.446396304460617
ENSG00000241158	-0.231377037511445
ENSG00000270059	0.12423311040537
ENSG00000144749	-0.604153852317015
ENSG00000163376	0.029097252626727
ENSG00000172340	0.0169720173563464
ENSG00000163378	-0.498931514248833
ENSG00000144747	0.22250423611094
ENSG00000114541	0.151770133953026
ENSG00000287595	0.105807333282444
ENSG00000163605	0.276668320747831
ENSG00000163320	0.223776863139446
ENSG00000179021	-0.0445992417546008
ENSG00000178700	0.273870091686409
ENSG00000080200	0.184849278692357
ENSG00000170854	0.0320502846555512
ENSG00000080822	0.773197203259946
ENSG00000286602	0.776466570259288
ENSG00000080819	1.21463041479066
ENSG00000036054	0.202745838787356
ENSG00000114354	-0.165583855671519
ENSG00000242299	0.524166534067202
ENSG00000289629	0.523809811744365
ENSG00000066422	0.541771641284054
ENSG00000256628	-0.64918125331823
ENSG00000244119	0.0237060673801152
ENSG00000182504	0.480790995440979
ENSG00000144802	-0.253631377027557
ENSG00000170017	0.524039162344237
ENSG00000288848	0.685198304530304
ENSG00000288557	0.0531762761260333
ENSG00000243701	0.0652764802317684
ENSG00000241218	1.03528337351959
ENSG00000272597	1.30656321435886
ENSG00000138483	0.212820245848828
ENSG00000114439	0.235687369780097
ENSG00000114446	-0.196694142333556
ENSG00000144834	0.450840977904032
ENSG00000163607	0.211741688589946
ENSG00000144857	-0.78645194117318
ENSG00000176542	0.0691608722221637
ENSG00000121579	0.0181588731084894
ENSG00000178075	-0.33189450623889
ENSG00000241889	-0.345506771755473
ENSG00000163617	-0.0823638109926902
ENSG00000172020	0.208679512445609
ENSG00000240393	-0.241211252518675
ENSG00000144847	-0.144393529994163
ENSG00000121578	-0.282659765739976
ENSG00000031081	-0.0511744347887336
ENSG00000272662	0.482376375129415
ENSG00000113845	-0.0357843607991432
ENSG00000144843	0.0178784605085969
ENSG00000144837	-0.964523644784751
ENSG00000138495	0.144528492534594
ENSG00000183833	-0.235807804216187
ENSG00000163428	0.0988447982734568
ENSG00000153767	0.049525760920679
ENSG00000173230	-0.0401060512064954
ENSG00000163406	-0.159174694704774
ENSG00000114013	0.443113043883088
ENSG00000121552	0.10634570884786
ENSG00000196981	0.109938188728336
ENSG00000114030	0.0645439304652022
ENSG00000138496	-0.23226661804426
ENSG00000163840	0.0566604044752735
ENSG00000173193	-0.5732257534503
ENSG00000138463	-0.489809800000813
ENSG00000121542	-0.15777089306517
ENSG00000173175	0.0363144340100724
ENSG00000206527	0.145325688319771
ENSG00000273123	-0.45212387907711
ENSG00000114491	-0.0745842266882749
ENSG00000163848	0.0640742547987298
ENSG00000144909	-0.0576473222888418
ENSG00000284624	-0.191502680256629
ENSG00000239804	-1.03133011796414
ENSG00000287617	-0.386545737654868
ENSG00000144908	-1.17160496665382
ENSG00000246022	-0.128696096540429
ENSG00000250934	0.0905069278955526
ENSG00000251448	-0.140562806049668
ENSG00000163884	0.115516618412469
ENSG00000279328	-0.23782472815829
ENSG00000159685	-0.141900638746404
ENSG00000114554	0.252197577045833
ENSG00000163870	-0.314470636786293
ENSG00000114626	0.561110767350872
ENSG00000058262	-1.06880541731773
ENSG00000175792	-0.305581883042438
ENSG00000244300	-0.530904146897851
ENSG00000239405	-0.928531456348643
ENSG00000163902	-0.215793633138603
ENSG00000075785	0.0440504100245091
ENSG00000261159	0.194926021823128
ENSG00000287110	-0.147838950886786
ENSG00000177646	-0.405060332931461
ENSG00000172780	-0.25504861881538
ENSG00000240682	-0.242747940779241
ENSG00000273437	0.0985388782292945
ENSG00000169714	0.190385890471434
ENSG00000181789	-0.209610779517692
ENSG00000183624	-0.25233030365381
ENSG00000163913	-0.239151888512998
ENSG00000129071	0.442266496638962
ENSG00000203644	-0.295136650861055
ENSG00000271270	0.096668003449921
ENSG00000253540	-0.257066017893425
ENSG00000246082	0.1912460248877
ENSG00000198585	0.243390745665151
ENSG00000138246	0.13789933426407
ENSG00000091527	0.31060541533492
ENSG00000163781	0.148699419248613
ENSG00000091513	0.772392209136625
ENSG00000244062	0.946293182754094
ENSG00000144867	-0.531839624426936
ENSG00000163785	-0.107255536801265
ENSG00000260633	0.0566603997093505
ENSG00000114019	0.228319505822154
ENSG00000174579	0.0908726716605658
ENSG00000261758	-0.113441226727773
ENSG00000168917	-0.337887119440983
ENSG00000273486	0.518028307372699
ENSG00000158092	0.0939360804051255
ENSG00000158186	0.0611877503959091
ENSG00000114107	0.00666231512584778
ENSG00000183770	-0.723434382928543
ENSG00000206262	-0.655453355921936
ENSG00000184432	0.195571108865987
ENSG00000114115	-0.0590755017047942
ENSG00000177311	0.138266333042819
ENSG00000069849	0.0172341034467401
ENSG00000233597	0.525618746858689
ENSG00000114127	-0.0948363182373924
ENSG00000175054	-0.0874994259117801
ENSG00000144935	-0.0565246814452559
ENSG00000181744	0.23551907502916
ENSG00000152952	-0.301786381927419
ENSG00000114698	0.177249749785713
ENSG00000279320	0.0680258412344229
ENSG00000188313	-0.241750963495023
ENSG00000163754	-0.647850318590137
ENSG00000163755	0.179449226290987
ENSG00000047457	-0.899182892701646
ENSG00000169908	-1.30033030400899
ENSG00000241313	-0.546999468969063
ENSG00000224831	0.064839443191018
ENSG00000286501	-0.260910674431224
ENSG00000196428	-0.0326016726880242
ENSG00000120742	0.0573368257437213
ENSG00000144895	0.269012138684284
ENSG00000240137	-0.200581611947036
ENSG00000181788	-0.0758096020275832
ENSG00000169313	1.09976481473617
ENSG00000198829	0.0032625419725051
ENSG00000152601	0.0973282839051211
ENSG00000169860	-0.71331295031391
ENSG00000241912	-0.512156465159731
ENSG00000240068	0.300798439665163
ENSG00000243069	0.0330745525899999
ENSG00000114790	-0.4511126755639
ENSG00000169359	0.0676525449118439
ENSG00000114850	-0.138509485325545
ENSG00000118855	0.123818775215369
ENSG00000279311	0.0949494486478258
ENSG00000068885	0.425707291109904
ENSG00000113810	-0.109592565558903
ENSG00000186432	-0.00083125181565828
ENSG00000229320	-0.0389423515082785
ENSG00000260572	0.183674960568193
ENSG00000163590	-0.0572192370714007
ENSG00000169255	-0.154743218219101
ENSG00000169251	-0.187326984672893
ENSG00000114200	0.227512649450321
ENSG00000163536	0.0165154457512838
ENSG00000173905	0.178870483253639
ENSG00000213178	-0.179175148106301
ENSG00000269889	-0.215293272397906
ENSG00000269984	-0.128585631827235
ENSG00000171757	-0.178362683986125
ENSG00000270096	0.293412096982851
ENSG00000008952	0.508328625508031
ENSG00000213174	-0.47175241612981
ENSG00000244738	-0.0879027961775012
ENSG00000154310	-0.0893453549222032
ENSG00000279673	-0.408604688698437
ENSG00000075651	0.293584772122186
ENSG00000121858	-0.499592795299158
ENSG00000114346	0.00184289709932191
ENSG00000121864	0.149426871094277
ENSG00000114450	0.278703223222363
ENSG00000272699	-0.0692786759654335
ENSG00000058056	-0.0566928621481212
ENSG00000114757	0.612369417242897
ENSG00000114416	0.328040548564946
ENSG00000181449	-0.470974409445859
ENSG00000043093	0.206495621032147
ENSG00000172578	0.335815623478538
ENSG00000114796	0.125035297345342
ENSG00000180834	0.813500630093642
ENSG00000175193	-0.167741712538712
ENSG00000114770	0.544316917937762
ENSG00000145191	0.270997640678762
ENSG00000161202	0.0538072793265512
ENSG00000214160	-0.185543156513243
ENSG00000163888	0.462208979729877
ENSG00000114867	0.0419218225018037
ENSG00000163882	-0.347884996208163
ENSG00000272970	-0.149163705897815
ENSG00000272922	-0.108270565422448
ENSG00000187068	-0.293341861673194
ENSG00000113790	-0.173571203272627
ENSG00000163904	0.266583553440749
ENSG00000058866	-0.125346773357196
ENSG00000090520	-0.210973265526249
ENSG00000232233	-0.284744252020505
ENSG00000073849	0.575787685942857
ENSG00000175077	0.788211711992281
ENSG00000136514	-0.228380571273092
ENSG00000157005	0.963176008417358
ENSG00000113916	-0.18596902174159
ENSG00000270959	-0.464914168051242
ENSG00000163347	0.232640202812813
ENSG00000196083	-0.0349933017095351
ENSG00000127249	-0.467599166229478
ENSG00000114315	-0.258852325992346
ENSG00000231770	-0.391507571657951
ENSG00000288979	-0.591301882723162
ENSG00000041802	-0.222956999322882
ENSG00000185112	-0.34742848418588
ENSG00000189058	0.618686489696979
ENSG00000283426	-0.380104621052981
ENSG00000176945	0.301351598665382
ENSG00000286004	0.0538416688656375
ENSG00000231464	-0.238074577799529
ENSG00000072274	-0.487384628578113
ENSG00000161217	0.225069070799599
ENSG00000163960	0.127068008604271
ENSG00000273013	-1.27747924579854
ENSG00000185798	0.195218722304857
ENSG00000174013	0.58051969074251
ENSG00000288990	-0.0978793950741834
ENSG00000174004	0.152343377650827
ENSG00000180370	0.0912039487212047
ENSG00000230732	-0.39407402592935
ENSG00000114503	0.149274520620142
ENSG00000225578	-0.296402199241785
ENSG00000119227	-0.551920730572461
ENSG00000228109	-0.481967182627795
ENSG00000161267	-0.195717317131479
ENSG00000213519	0.0304755234900086
ENSG00000249626	-0.379401599290867
ENSG00000145016	0.100303575327339
ENSG00000273375	0.34889486266385
ENSG00000114473	-0.135306691105318
ENSG00000272602	0.179990004431761
ENSG00000275426	1.02484223347851
ENSG00000251188	0.0561484410087029
ENSG00000131127	0.10174321480928
ENSG00000248564	-0.174703198318567
ENSG00000182903	0.223465976598939
ENSG00000273238	0.444619434840404
ENSG00000283183	0.232590584755479
ENSG00000133256	0.134226845716109
ENSG00000169026	-0.181239372879929
ENSG00000185619	0.0686254787298379
ENSG00000249592	0.0506034618000933
ENSG00000272783	-0.840294491750556
ENSG00000163950	-0.0894927870484499
ENSG00000013810	-0.145059914373062
ENSG00000068078	-1.04441190291543
ENSG00000123933	-0.39177664043032
ENSG00000159733	-0.0893962174476328
ENSG00000063978	-0.221017745168614
ENSG00000168884	-0.124715276639085
ENSG00000087266	-0.138824441932154
ENSG00000087274	-0.18291630670285
ENSG00000249673	-0.358277098688135
ENSG00000087269	0.13533074646185
ENSG00000197386	-0.0904269486450528
ENSG00000250986	0.0441060107069723
ENSG00000184160	-0.232251202405534
ENSG00000145220	0.0860163418267112
ENSG00000168826	-0.0837539960407056
ENSG00000170891	1.0152600982526
ENSG00000074211	0.205772309843849
ENSG00000178988	0.432061393973558
ENSG00000170871	-0.000557307555452462
ENSG00000132405	0.106558604912149
ENSG00000287104	0.377728895670496
ENSG00000173011	-0.0644757000006724
ENSG00000109519	0.141353340382919
ENSG00000245468	-0.0892380467826367
ENSG00000251615	0.173345702702095
ENSG00000205959	-0.0160955970425722
ENSG00000242034	-0.251073105614567
ENSG00000071127	-0.768237158054894
ENSG00000157869	0.113855313383085
ENSG00000038219	0.0855929365667032
ENSG00000048342	-0.0693445580060246
ENSG00000237765	0.48583584247415
ENSG00000169762	0.174862308657706
ENSG00000151552	0.70191064311529
ENSG00000002549	-0.409817931100136
ENSG00000118579	0.303180562781687
ENSG00000163257	0.244504441864171
ENSG00000163138	0.0488203572483625
ENSG00000272995	0.344731868472733
ENSG00000152990	-0.0610590326929762
ENSG00000244538	-0.623123966521456
ENSG00000109819	-0.254426609084961
ENSG00000261121	0.373096037206694
ENSG00000109610	-1.37417773057596
ENSG00000181982	0.0705207724958278
ENSG00000153012	0.174647926927482
ENSG00000109618	0.0134089569074117
ENSG00000038210	-0.0330838818972676
ENSG00000271172	0.198539321520399
ENSG00000053900	0.184527176852739
ENSG00000250317	-0.105161353240406
ENSG00000168214	0.181176307718469
ENSG00000163394	0.197626989520779
ENSG00000286596	-0.0509023781982931
ENSG00000047365	0.0948662411851294
ENSG00000181826	-0.529822653179266
ENSG00000169299	-0.0685705897495159
ENSG00000065882	-0.201693119968635
ENSG00000231160	0.237789643267771
ENSG00000174123	0.742179006291975
ENSG00000174125	0.432672716755937
ENSG00000174130	0.507891856886491
ENSG00000157796	-0.167672366568628
ENSG00000035928	0.113128242881709
ENSG00000224097	0.368792201662392
ENSG00000287262	-0.0652651062015333
ENSG00000121892	0.153253173861786
ENSG00000260296	0.384010424246396
ENSG00000154277	-0.107131164851485
ENSG00000064042	0.402724993635048
ENSG00000272862	-0.459958294550827
ENSG00000188848	0.142876745381904
ENSG00000178343	-1.6651778656989
ENSG00000124406	0.478006995058975
ENSG00000163281	0.00339980584086063
ENSG00000163285	-0.177456105956068
ENSG00000145246	-0.0772657315281504
ENSG00000145248	0.204153456367896
ENSG00000182223	-0.0766827137856167
ENSG00000075539	0.0828341163613796
ENSG00000145247	-0.259794224762883
ENSG00000272576	-0.0720813409897326
ENSG00000163071	-0.208202717374659
ENSG00000109189	0.510640262049813
ENSG00000248866	0.0561314979291498
ENSG00000226887	0.0709399997984814
ENSG00000109220	-0.078973589194991
ENSG00000134853	1.03558735183004
ENSG00000273257	0.153781566795303
ENSG00000239040	-0.427179820361713
ENSG00000157426	0.00403471201132859
ENSG00000269921	-0.264906510530283
ENSG00000128059	-0.184751849093998
ENSG00000128050	-0.146002186324316
ENSG00000171476	-0.20454574926293
ENSG00000288944	-0.092388298141447
ENSG00000084093	-0.150199850551616
ENSG00000047315	0.0241607600644456
ENSG00000279464	-0.0845974460138651
ENSG00000250656	-0.104966868238654
ENSG00000083896	0.212989240061979
ENSG00000162840	0.303415032167747
ENSG00000132467	0.303395650286893
ENSG00000272986	-0.498104595088619
ENSG00000132463	0.252641824411584
ENSG00000289019	-0.448432046754414
ENSG00000173542	0.0291427435628979
ENSG00000080493	-0.392080138246134
ENSG00000163626	-0.178969352076369
ENSG00000163736	0.214364113130279
ENSG00000163735	0.474503782840894
ENSG00000288019	0.00138111262616919
ENSG00000269559	-0.19031365480912
ENSG00000174796	0.0376142526790798
ENSG00000174792	0.119104373922904
ENSG00000138769	0.309618863066661
ENSG00000198301	0.0713191111961064
ENSG00000138755	-0.252041554943052
ENSG00000169245	-0.89035801384956
ENSG00000169248	-0.450671696817484
ENSG00000138758	-0.0621251061409834
ENSG00000234036	0.300051801443475
ENSG00000118816	0.848176509427602
ENSG00000289496	0.710325091601029
ENSG00000138764	-0.0881137542903951
ENSG00000138767	-0.0676773635051176
ENSG00000138772	-0.396070921220363
ENSG00000251442	1.1767589378671
ENSG00000138756	-0.0385009317803961
ENSG00000248719	-0.100363616732332
ENSG00000138668	0.0626055132755382
ENSG00000152795	0.34141519036947
ENSG00000249242	-0.119767044828278
ENSG00000138674	0.121698165492349
ENSG00000168152	-0.17267798960712
ENSG00000189308	0.0292293227775059
ENSG00000173085	0.160632153273703
ENSG00000173083	0.778237114119058
ENSG00000163312	0.0608056425005545
ENSG00000163625	0.286102674412857
ENSG00000180769	0.178693252279077
ENSG00000163629	-0.147382238394087
ENSG00000284968	0.231847877439565
ENSG00000172493	-0.0333856665404118
ENSG00000145332	0.21330719317522
ENSG00000198189	0.275790259427477
ENSG00000170502	0.0620116726855582
ENSG00000272856	-0.532327845311192
ENSG00000152583	-0.832863757483957
ENSG00000118785	1.02474630531342
ENSG00000118762	0.0362240011378831
ENSG00000163644	0.211371928167645
ENSG00000246375	-0.369702244435871
ENSG00000138642	-0.153106381367905
ENSG00000138646	-0.15107228912861
ENSG00000177432	0.505010404678851
ENSG00000180346	0.211292446037823
ENSG00000145335	0.531946653233181
ENSG00000163110	-0.00228164674161029
ENSG00000271474	0.52141353555819
ENSG00000242697	-0.103825469508217
ENSG00000289532	-0.604309750343484
ENSG00000260641	0.322648176753553
ENSG00000164024	0.100077671299871
ENSG00000197894	0.0104697195031856
ENSG00000164032	0.255345956354734
ENSG00000145358	0.448088220277281
ENSG00000138821	-0.479534110759229
ENSG00000109320	0.0915290968072277
ENSG00000109323	0.126976675648919
ENSG00000246560	-0.00319500682265875
ENSG00000164038	0.27183865508054
ENSG00000164039	-0.423240174794895
ENSG00000168769	0.0926610219579331
ENSG00000168743	-0.747857620866078
ENSG00000245293	0.420328729235266
ENSG00000155016	-0.034309692458363
ENSG00000138796	-0.326572108217067
ENSG00000198856	-0.0743013092399638
ENSG00000164089	-0.401818764140838
ENSG00000250185	-0.420263361192472
ENSG00000249465	0.315334302557208
ENSG00000138802	-0.116052732458601
ENSG00000138794	-0.196998523803715
ENSG00000123739	0.574221381700975
ENSG00000205403	-0.4780314266125
ENSG00000109534	-0.110338837544586
ENSG00000170522	-0.164895530438723
ENSG00000145365	0.607655926503984
ENSG00000174720	0.173356327573227
ENSG00000145349	-0.0542292477436948
ENSG00000174607	0.860609756870359
ENSG00000250215	-0.0773796395139569
ENSG00000174599	0.289045706943973
ENSG00000248213	-0.207582424506598
ENSG00000281731	-0.0750231797892778
ENSG00000145388	0.0149906081611846
ENSG00000150961	-0.0866645062814529
ENSG00000145390	-0.163487124577227
ENSG00000164096	0.384189357857951
ENSG00000283050	-0.256632649441038
ENSG00000164111	-0.247716125720928
ENSG00000123737	-0.230172479950186
ENSG00000145386	-0.114318129467475
ENSG00000138686	0.022761292814187
ENSG00000138685	-0.124399825944666
ENSG00000273007	0.155054110640052
ENSG00000164066	-0.404005840247533
ENSG00000164070	-0.105480710481901
ENSG00000142731	-0.190862134439603
ENSG00000138709	-0.0301403755070031
ENSG00000077684	-0.244631914647728
ENSG00000250241	0.225510737794104
ENSG00000254535	-0.222103237725351
ENSG00000151012	-0.710092963148515
ENSG00000151014	-0.107226656145084
ENSG00000109381	0.0860123935760458
ENSG00000164134	0.0470145510486158
ENSG00000273247	0.0122817701027208
ENSG00000145391	0.465584406886626
ENSG00000286896	0.207097882829939
ENSG00000109436	0.250570345027008
ENSG00000273472	0.318330347430834
ENSG00000109445	0.230000900174322
ENSG00000109458	0.425743195009611
ENSG00000243175	-0.18912774655013
ENSG00000245112	0.0337618955218077
ENSG00000153147	0.189602462624129
ENSG00000236296	0.287493145808705
ENSG00000249741	1.01999862020724
ENSG00000164161	0.513306943383798
ENSG00000289314	-0.384808094536219
ENSG00000170365	-0.0746198694611926
ENSG00000151612	-0.0163529591346619
ENSG00000279845	-0.252330210889226
ENSG00000288998	-0.201078067502412
ENSG00000151617	-0.159112516580831
ENSG00000169989	0.0497826874996206
ENSG00000164144	0.00253102937886419
ENSG00000231841	0.0917606314227957
ENSG00000137460	0.0570748554412377
ENSG00000109654	0.490166574504225
ENSG00000248208	0.806569985655698
ENSG00000137462	0.975333851302395
ENSG00000171566	0.410766189491222
ENSG00000121207	0.152325243497401
ENSG00000287730	-0.114670179688883
ENSG00000120251	0.454700899443035
ENSG00000164125	-0.176967768474643
ENSG00000248429	-0.229317219426089
ENSG00000205208	0.137955236456237
ENSG00000171503	-0.325387441385153
ENSG00000171497	0.332861311552268
ENSG00000052795	0.208167373050024
ENSG00000183439	0.0186981631932219
ENSG00000250486	0.222666912763362
ENSG00000170088	-0.124059515608556
ENSG00000109466	0.410268003960176
ENSG00000109472	-0.698650485506419
ENSG00000196104	0.579314977573349
ENSG00000137628	-0.119798904933272
ENSG00000137601	-0.0670699970762414
ENSG00000289508	-0.0130486004430948
ENSG00000164104	-0.770258083483328
ENSG00000288728	0.539490768198164
ENSG00000272870	0.169497280366362
ENSG00000164106	-0.925667790966968
ENSG00000164117	0.0713931188277963
ENSG00000164118	-0.0209048692316623
ENSG00000289392	0.429539493320405
ENSG00000150625	-0.0758137348628011
ENSG00000129128	0.0374357406016081
ENSG00000286119	-0.0403364599830773
ENSG00000272646	0.703246114964769
ENSG00000151718	0.13929741086629
ENSG00000168564	0.276253189069946
ENSG00000272744	0.660675891201109
ENSG00000182552	-0.185877113489241
ENSG00000168538	-0.0219492444365986
ENSG00000173320	0.219580239899155
ENSG00000168310	0.154068715443267
ENSG00000270426	-0.378572730505365
ENSG00000271646	-0.594691595518458
ENSG00000271538	-0.296197501662908
ENSG00000164305	-0.261157932592137
ENSG00000164306	0.0438508801339847
ENSG00000151726	0.6788923404941
ENSG00000109771	-0.0480620043433114
ENSG00000154553	-0.301706406229322
ENSG00000164342	0.160736486741561
ENSG00000145476	-0.24431802668262
ENSG00000164344	0.0116239305916739
ENSG00000083857	-0.408248859727587
ENSG00000248925	0.515031577718518
ENSG00000250848	0.0671285873901606
ENSG00000221990	0.0330244758543418
ENSG00000225138	0.768563823098325
ENSG00000171368	1.03620015376312
ENSG00000206077	0.666198901494627
ENSG00000288930	0.263937355016256
ENSG00000028310	-0.358817701584215
ENSG00000272347	-0.00724152099608349
ENSG00000049656	-0.0758433751453551
ENSG00000286388	-0.083447525676458
ENSG00000279908	-0.482857840594382
ENSG00000142319	0.143663147574349
ENSG00000185986	0.115326394824214
ENSG00000249966	-0.487884255374191
ENSG00000289075	-0.00898486032929811
ENSG00000170549	-0.22017953747218
ENSG00000164151	0.114625162153634
ENSG00000133398	-0.12062130117362
ENSG00000215218	0.278488290202118
ENSG00000037474	-0.246656056880551
ENSG00000145545	0.240384433901114
ENSG00000112941	0.0474517269473365
ENSG00000250668	0.459431187111894
ENSG00000272417	0.688338897370777
ENSG00000150753	-0.0585722680343144
ENSG00000164237	-0.170442698102673
ENSG00000112977	-0.346244500782567
ENSG00000038382	-0.0436289277707388
ENSG00000145569	0.56068779682887
ENSG00000154124	-0.00290701414335827
ENSG00000286970	0.328435696843963
ENSG00000145555	0.0448606462085359
ENSG00000176788	0.320623042036699
ENSG00000213430	-0.124480884626099
ENSG00000113360	-0.0435906944121062
ENSG00000082213	0.00377696005788293
ENSG00000113384	0.174073477185219
ENSG00000056097	0.378803243280722
ENSG00000113407	0.152637532804252
ENSG00000182631	0.169846102298166
ENSG00000272323	0.0298685762235277
ENSG00000250140	0.516970932978419
ENSG00000168724	0.431351227712923
ENSG00000168685	-0.0300694338613589
ENSG00000145604	-0.0766839776292188
ENSG00000152620	0.0226152391485082
ENSG00000164188	-0.0311646834863557
ENSG00000079215	-0.808297954840315
ENSG00000285967	0.454719288336945
ENSG00000164190	0.0206087804159297
ENSG00000113569	-0.0932382626918044
ENSG00000113594	-0.271462411785611
ENSG00000145623	-0.531277979836593
ENSG00000164327	0.0680563699298827
ENSG00000082074	0.417690277719458
ENSG00000153071	0.0769984456267198
ENSG00000171522	0.0230972911654953
ENSG00000132356	0.179374372198769
ENSG00000288911	-0.327837656666828
ENSG00000132357	-0.159635201903887
ENSG00000205765	0.198969270615739
ENSG00000151876	-0.0875613217087269
ENSG00000198865	0.0580668386127731
ENSG00000272234	0.504555129243037
ENSG00000286656	-0.421905032426344
ENSG00000271788	0.244619486565715
ENSG00000177721	-0.24202492782836
ENSG00000215068	-0.0730899200203343
ENSG00000272144	-0.341721871125459
ENSG00000172262	0.0643938927740342
ENSG00000177453	0.0817577563589428
ENSG00000248092	0.246225779982944
ENSG00000279557	0.233981661269221
ENSG00000251141	0.0955363184973381
ENSG00000272335	0.433993140770311
ENSG00000170571	0.235782972224012
ENSG00000247796	-0.176601021808723
ENSG00000272416	0.22771160998403
ENSG00000280159	0.204880458052055
ENSG00000227908	-0.379531916915977
ENSG00000095015	0.0338159222442476
ENSG00000155542	0.0900802906652617
ENSG00000155545	0.155613068443483
ENSG00000062194	0.279619279984252
ENSG00000152932	0.261637174588092
ENSG00000164181	-0.662402657287003
ENSG00000049167	-0.0138624435335396
ENSG00000276945	-0.0929077553034001
ENSG00000188725	0.486211163439913
ENSG00000130449	0.0346302315735963
ENSG00000178722	0.03974331350423
ENSG00000068796	0.288104905038229
ENSG00000086189	-0.0997244795753531
ENSG00000178394	0.341079772078572
ENSG00000153006	-0.0542328173071232
ENSG00000253251	0.0575628279082643
ENSG00000123213	0.05703254826715
ENSG00000112851	0.149043045760321
ENSG00000153914	0.0623216090793626
ENSG00000229666	-0.258718117173909
ENSG00000134061	0.628622603526777
ENSG00000145675	0.594819398094846
ENSG00000145740	-0.0126997963888912
ENSG00000280187	-0.415365438990028
ENSG00000153044	-0.125429227729478
ENSG00000152939	-0.143756567103402
ENSG00000131844	-0.125266738957082
ENSG00000285804	-0.154904096506468
ENSG00000131711	0.232166956217914
ENSG00000113048	-0.113945224809018
ENSG00000049883	0.00502839898796026
ENSG00000083312	0.0754456984823722
ENSG00000157107	0.0485038287839992
ENSG00000251493	-0.000859628082429287
ENSG00000272525	0.219176437284852
ENSG00000164331	0.331072691778675
ENSG00000164338	-0.152355370112902
ENSG00000049860	-0.117706753607289
ENSG00000164347	-0.039552158200632
ENSG00000164346	0.404428543859198
ENSG00000198780	0.130970155723944
ENSG00000271714	-0.503261302409074
ENSG00000289639	-1.05851888651423
ENSG00000272040	0.264587983454065
ENSG00000164220	-0.759990231271557
ENSG00000181104	-0.442015280542525
ENSG00000164251	-0.443865125332012
ENSG00000145708	0.672253560222669
ENSG00000132846	0.637016681171813
ENSG00000132842	-0.141167225240017
ENSG00000145685	0.156662220962217
ENSG00000152409	0.0816901440867026
ENSG00000164329	0.0250309173380483
ENSG00000164309	-0.044728578562728
ENSG00000251050	0.319911042120311
ENSG00000288741	-0.881311465197237
ENSG00000251450	0.00801740232162499
ENSG00000113319	-0.0685989230251369
ENSG00000247572	0.0732522210839911
ENSG00000131730	-0.922809895961019
ENSG00000131732	0.176205905409547
ENSG00000145687	-0.192698790557763
ENSG00000186468	0.337054052509651
ENSG00000205464	-0.0256419594306501
ENSG00000281327	0.273120073430843
ENSG00000271862	0.0411753599121396
ENSG00000287783	-0.220856421817022
ENSG00000289462	-0.359679614836016
ENSG00000247828	0.0881267071019848
ENSG00000245526	-0.0243582008325344
ENSG00000153140	-0.0032433227070581
ENSG00000113369	-0.305472459696494
ENSG00000249958	0.45778118931165
ENSG00000237187	0.0395688124504706
ENSG00000175745	-0.105572663745954
ENSG00000251023	0.0706097426350893
ENSG00000164292	-0.166520873177879
ENSG00000173221	-0.0287814953659437
ENSG00000236882	-0.487305050612862
ENSG00000118985	-0.021202495086139
ENSG00000175426	0.438549556660549
ENSG00000153113	0.0252560128130465
ENSG00000145721	-0.483319678991709
ENSG00000248489	-0.142873940645865
ENSG00000271207	0.0395766147287028
ENSG00000113532	0.161337104938509
ENSG00000283462	0.187932443443872
ENSG00000289260	-0.12424506348959
ENSG00000112893	0.238355269260654
ENSG00000202512	-0.294045247202195
ENSG00000171444	-0.0786096807844701
ENSG00000047188	-0.0516962382977935
ENSG00000152503	0.250908393655416
ENSG00000164219	-0.0245424035872631
ENSG00000164221	0.223640501069794
ENSG00000145780	-0.222983103581401
ENSG00000243414	0.0725821368503567
ENSG00000249249	-0.0211956072847194
ENSG00000272265	0.412080096274855
ENSG00000271918	0.423851451806281
ENSG00000092421	0.0429324204364864
ENSG00000133835	0.229049423577379
ENSG00000113083	-0.0932923791209449
ENSG00000263432	0.290360636663036
ENSG00000168944	0.196249994981792
ENSG00000168916	0.139535728318892
ENSG00000155324	-0.512489460156903
ENSG00000164904	-0.710673193806037
ENSG00000164902	0.336064439737447
ENSG00000113368	0.186729489667271
ENSG00000173926	-0.137570651237034
ENSG00000249577	-0.262355291407836
ENSG00000164244	-0.219625968885289
ENSG00000205279	0.164523353427248
ENSG00000064651	0.418071446323701
ENSG00000158985	0.382237698776184
ENSG00000217128	-0.162411630547958
ENSG00000223548	-0.122731407288841
ENSG00000072682	-0.101185405625389
ENSG00000131435	-1.05323696714768
ENSG00000233006	-0.0694393335746036
ENSG00000197375	-0.479994327846536
ENSG00000125347	-0.00226821688498945
ENSG00000113522	0.182994745765185
ENSG00000205089	0.343307036456681
ENSG00000164402	0.70210542111903
ENSG00000198944	0.43353645844191
ENSG00000272203	1.0513650678916
ENSG00000164403	0.554450902162953
ENSG00000164404	-0.239138361046316
ENSG00000072364	-0.0685420052874674
ENSG00000155329	0.0431608420571933
ENSG00000170606	0.0584768239500443
ENSG00000279691	-0.36261637693274
ENSG00000270177	-0.365405574279175
ENSG00000043143	0.34739211777537
ENSG00000113615	-0.0292191657792013
ENSG00000145833	0.328375341922943
ENSG00000181904	0.458722194344864
ENSG00000132570	-0.180779111529789
ENSG00000249119	0.836757113907074
ENSG00000113648	0.163982101975284
ENSG00000270021	-0.044317927056799
ENSG00000145832	-0.0441024453864014
ENSG00000120708	0.106338661437329
ENSG00000113658	0.102144951348201
ENSG00000271824	-0.440117278552371
ENSG00000250284	0.181260908488651
ENSG00000146021	0.217351719202435
ENSG00000177733	-0.0524917137410352
ENSG00000287067	-0.21186580646654
ENSG00000270697	1.1605146846338
ENSG00000031003	0.460029540443382
ENSG00000112983	0.129708245087959
ENSG00000120733	0.0835695896577804
ENSG00000120738	-0.282311601837961
ENSG00000113013	-0.0614517518814765
ENSG00000015479	0.102731891151225
ENSG00000228672	-0.229100589827089
ENSG00000170464	-0.112662469158997
ENSG00000249751	-1.38109941715443
ENSG00000184584	-0.233906190936221
ENSG00000286403	1.12439745292028
ENSG00000272255	-0.707694264607386
ENSG00000146005	-0.303226516857799
ENSG00000182700	0.830489348405888
ENSG00000120306	-0.261843893574975
ENSG00000113073	-0.118987248381447
ENSG00000213523	-0.272431980169028
ENSG00000243056	-0.268898003204731
ENSG00000176087	-0.160709906651925
ENSG00000170458	1.94652412249311
ENSG00000113119	0.192578036772119
ENSG00000120314	-0.236904236051813
ENSG00000170445	0.0562510673580168
ENSG00000112855	0.00309937766183327
ENSG00000204963	0.0620209897401789
ENSG00000248383	0.0767440715975477
ENSG00000081818	0.303643064034717
ENSG00000178913	-0.13651784694944
ENSG00000288095	-0.285799481877331
ENSG00000081853	-0.790019400629423
ENSG00000254245	-1.07233944876499
ENSG00000262209	-0.516117688277641
ENSG00000276547	-0.537936518682586
ENSG00000253305	-1.2393435813269
ENSG00000253846	-0.496887280856022
ENSG00000254122	-0.750953702891408
ENSG00000131504	-0.0400797412796243
ENSG00000164620	0.0662198943255856
ENSG00000113578	0.507267784202126
ENSG00000145819	-0.0701409453121236
ENSG00000091009	0.0579078379518683
ENSG00000091010	0.161478778712739
ENSG00000173250	-0.529584195515049
ENSG00000156475	-0.0394653533491055
ENSG00000169302	-0.243917395275671
ENSG00000272239	-0.786095915773054
ENSG00000176049	0.32270148188564
ENSG00000145868	0.0939071406892544
ENSG00000169247	0.310260390777195
ENSG00000164284	-0.208745840265691
ENSG00000183111	0.111650123524222
ENSG00000155850	-0.738048676227079
ENSG00000164296	-0.142490990939116
ENSG00000113716	-0.36555519541997
ENSG00000182578	1.4745768107396
ENSG00000011083	0.401655322191239
ENSG00000070808	0.447545961361459
ENSG00000183876	-0.0251603009481051
ENSG00000070814	0.273901730886578
ENSG00000019582	1.25848212317646
ENSG00000256235	-0.218774796346503
ENSG00000145908	0.336239228295876
ENSG00000197083	-0.103299301867953
ENSG00000211445	-0.125363809034596
ENSG00000145901	-0.0347295605807307
ENSG00000123643	0.422070728400586
ENSG00000113140	-0.464815613139706
ENSG00000145907	0.0225161452324432
ENSG00000270978	-0.509400512730453
ENSG00000055147	-0.227721631130993
ENSG00000037749	-0.115080054609004
ENSG00000164576	0.661898907040636
ENSG00000155506	0.132689889148976
ENSG00000170271	-0.192671860295244
ENSG00000082516	-0.20726154829168
ENSG00000082515	-0.101862357380942
ENSG00000135077	1.09096874543069
ENSG00000251405	-0.0571962504624812
ENSG00000279204	-0.733808395303315
ENSG00000145860	0.0229811910339737
ENSG00000288764	-0.446642846197192
ENSG00000254373	-0.393121630884368
ENSG00000221886	0.575630807272944
ENSG00000118322	-0.0126230072441802
ENSG00000022355	0.248752922543805
ENSG00000113328	0.224018938299405
ENSG00000170584	0.166201535248901
ENSG00000113645	-0.0948171185645005
ENSG00000188573	0.329354504761036
ENSG00000043462	0.450420236079764
ENSG00000072803	0.2977591606239
ENSG00000072786	0.0413257210315293
ENSG00000168246	0.234495782037402
ENSG00000174705	-0.286156049165662
ENSG00000253683	-0.783565502219367
ENSG00000213386	-0.638919822695006
ENSG00000120129	0.482289333225452
ENSG00000113732	-0.592929363660406
ENSG00000164463	0.381109227843763
ENSG00000113734	-0.249022777792377
ENSG00000113739	-0.0666919339527599
ENSG00000253955	0.0487475394271034
ENSG00000170091	0.281959481077824
ENSG00000145920	0.511892717008169
ENSG00000122203	-0.0109399590173422
ENSG00000175414	0.284812750546581
ENSG00000048162	0.0144023100977939
ENSG00000175416	-0.295554264546587
ENSG00000113194	-0.210926413539445
ENSG00000169258	0.160207508112446
ENSG00000074317	0.325631098332287
ENSG00000048140	-0.224507749014867
ENSG00000160883	0.313448688317411
ENSG00000087206	0.101004881083753
ENSG00000113761	-0.13603596001055
ENSG00000165671	0.0459874660818606
ENSG00000169228	0.171055712831013
ENSG00000169230	-0.312634588076163
ENSG00000169223	-0.76703663393859
ENSG00000131187	-0.000432830079742715
ENSG00000198055	0.0891338009789
ENSG00000146094	1.29585456150886
ENSG00000184840	-0.547141736097414
ENSG00000027847	-0.630552453619381
ENSG00000145911	-0.174440962334197
ENSG00000197451	0.214332272920108
ENSG00000113240	0.502389094754398
ENSG00000169131	0.26941559683523
ENSG00000198939	0.0814087163327099
ENSG00000253869	-0.260738746810672
ENSG00000272431	-0.280353583687506
ENSG00000234284	0.218471493957255
ENSG00000177932	0.121843753608565
ENSG00000176783	0.00725811997931726
ENSG00000127022	0.121003514937057
ENSG00000225051	-0.268456934385532
ENSG00000213316	0.72226157177165
ENSG00000161011	-0.681510499761346
ENSG00000245317	0.0634728703031497
ENSG00000197226	0.575753601885764
ENSG00000050748	0.486678125317155
ENSG00000248367	0.137772371587171
ENSG00000113300	0.121438891690522
ENSG00000131446	0.0177965423621569
ENSG00000278970	-0.249543746422695
ENSG00000245060	-0.0373251223508087
ENSG00000196670	0.354786172952053
ENSG00000165810	-0.523255548926646
ENSG00000146063	0.335133447783785
ENSG00000204628	-0.161825015499199
ENSG00000233937	0.0111055718056941
ENSG00000183718	0.305148715089343
ENSG00000112679	0.217159280558909
ENSG00000164379	-0.40613159453433
ENSG00000261730	-0.371199910759536
ENSG00000280916	-0.573134837747703
ENSG00000021355	-0.0458426880056336
ENSG00000124570	-0.552367648765567
ENSG00000137275	-0.377818056896072
ENSG00000228170	0.151584181251992
ENSG00000137267	-0.676329477806906
ENSG00000137285	-1.44389522208528
ENSG00000180822	-0.230027794491339
ENSG00000219992	0.186375326042239
ENSG00000279926	0.0157000105376656
ENSG00000198721	-0.659860583120159
ENSG00000124787	-0.122574955455524
ENSG00000219607	-0.515373393322798
ENSG00000214113	-0.0868464619425532
ENSG00000216360	-0.228842780272133
ENSG00000124785	0.150892128321815
ENSG00000124491	-0.031507000207484
ENSG00000112799	0.64465310107148
ENSG00000124784	0.212344807766761
ENSG00000168566	0.409980903168258
ENSG00000239264	-0.274592510909016
ENSG00000188428	0.110298824306545
ENSG00000124786	0.47204166011481
ENSG00000285278	-0.0529988002046688
ENSG00000111845	-0.0153942742735863
ENSG00000137210	-0.183279305734674
ENSG00000235051	0.207612042109411
ENSG00000197977	-0.350813327863832
ENSG00000224531	0.550507530025262
ENSG00000111859	-0.272237857149373
ENSG00000145990	0.0729627169720334
ENSG00000225921	0.0243738505594809
ENSG00000010017	0.202862700642255
ENSG00000272209	-0.25231300411332
ENSG00000112149	0.457800949376358
ENSG00000137198	-0.500548705368702
ENSG00000124788	0.096593622639232
ENSG00000229931	0.224061474344567
ENSG00000137177	0.211074488040188
ENSG00000165097	0.00101374150910895
ENSG00000124795	0.528747396701484
ENSG00000137393	-0.261519147757477
ENSG00000172201	-0.110873445561137
ENSG00000112242	-0.0615202628763576
ENSG00000124766	0.779724558046165
ENSG00000260455	0.22708501450454
ENSG00000152954	0.216029940853638
ENSG00000112294	0.221785372074574
ENSG00000137261	-0.310397197938727
ENSG00000112308	-0.3357726312541
ENSG00000288851	0.42839077355344
ENSG00000112312	-0.425585236976696
ENSG00000112343	-0.115303875424214
ENSG00000187837	-0.53075633745867
ENSG00000180573	0.59617120249187
ENSG00000158373	0.323147173758799
ENSG00000274750	0.6671489347477
ENSG00000275713	0.103403918935482
ENSG00000186470	0.0173297596506419
ENSG00000026950	0.211331174966447
ENSG00000124549	-0.212516803365698
ENSG00000111801	0.264161298408089
ENSG00000112763	0.0104632207353384
ENSG00000228223	0.1137400067011
ENSG00000182952	-0.0850395117775584
ENSG00000146109	-0.0866985837771701
ENSG00000124635	0.269731082066397
ENSG00000271755	0.418384687093397
ENSG00000096654	0.0409530841544866
ENSG00000196812	0.134155257823985
ENSG00000219392	1.09366898984951
ENSG00000261839	0.166241517004278
ENSG00000198315	0.237650178799191
ENSG00000226314	-0.115949199402662
ENSG00000280107	0.18310393303885
ENSG00000187626	0.209134299187279
ENSG00000197062	0.275644013379199
ENSG00000189298	-0.190051642230423
ENSG00000158691	-0.244774208072625
ENSG00000225173	-0.482490949893495
ENSG00000204709	-0.285774863176088
ENSG00000232173	-0.175674301908287
ENSG00000204657	-0.332851168166426
ENSG00000235238	0.209505668246068
ENSG00000204655	0.7694039959002
ENSG00000204644	-0.324529444694634
ENSG00000204642	-0.69229270323271
ENSG00000239257	-0.262419360795382
ENSG00000235821	-0.10635744109777
ENSG00000204632	-0.385617233250347
ENSG00000206341	-0.825783467591918
ENSG00000230795	0.525687027842629
ENSG00000206503	-0.713674266769786
ENSG00000204622	0.047794089085968
ENSG00000237669	-0.0727440507384331
ENSG00000233892	-0.0367480853495275
ENSG00000243753	0.13214551635336
ENSG00000280128	0.78336307558896
ENSG00000231074	0.212707948875358
ENSG00000204599	-0.284956396052417
ENSG00000241370	-0.0871395289275994
ENSG00000204592	-0.823378572069368
ENSG00000204574	-0.0613967362893022
ENSG00000204560	0.236705262990025
ENSG00000146112	0.174789979291498
ENSG00000137404	-0.241300349825041
ENSG00000196230	-0.442202939016008
ENSG00000272540	0.0544914545627163
ENSG00000137312	0.258044029089074
ENSG00000137331	-0.600943243946463
ENSG00000213780	0.027375439005482
ENSG00000204536	-0.272828196231414
ENSG00000137310	-0.0153199349186013
ENSG00000206344	0.281506835393448
ENSG00000204525	-0.686067613570594
ENSG00000234745	-0.420623486154291
ENSG00000272221	-1.04659500671879
ENSG00000206337	-0.450760432876593
ENSG00000204516	-0.0298956635725204
ENSG00000198563	-0.352049775420553
ENSG00000204498	-0.251443255775826
ENSG00000226979	-0.706209602490907
ENSG00000232810	0.486943464294776
ENSG00000227507	0.181546003675794
ENSG00000204482	1.38991365970879
ENSG00000204472	1.63342150766979
ENSG00000204444	-0.147262434152147
ENSG00000204439	-0.218464859194535
ENSG00000240053	0.095408270758641
ENSG00000204427	-0.0695010403292923
ENSG00000213719	-0.733811706947887
ENSG00000228727	-0.321353918983911
ENSG00000204394	0.0713104661725151
ENSG00000204390	0.0770013813463385
ENSG00000204389	0.441077678652716
ENSG00000204388	0.57057416579936
ENSG00000204386	-0.582009909030046
ENSG00000237080	0.196550384658839
ENSG00000204371	0.246115788090702
ENSG00000166278	0.211602840596474
ENSG00000204366	0.471894650554344
ENSG00000243649	-0.85187227420046
ENSG00000204344	-0.223345706626839
ENSG00000204338	-0.317307306574222
ENSG00000231852	-0.943540008246013
ENSG00000168477	-0.185727255421824
ENSG00000204315	-0.0218966114456333
ENSG00000241404	-0.533688530361647
ENSG00000204308	0.111589534968399
ENSG00000213654	0.826773402288498
ENSG00000204287	1.14914777595806
ENSG00000198502	1.6300632790162
ENSG00000229391	0.246220163955729
ENSG00000196126	0.62235935324631
ENSG00000196735	0.809677226686288
ENSG00000241106	-0.120430433957219
ENSG00000204267	-0.3112032766079
ENSG00000204264	-0.710306174395705
ENSG00000204261	0.287862804263353
ENSG00000240065	-0.641703733201216
ENSG00000168394	-1.12970258005983
ENSG00000289559	-0.0274615570541068
ENSG00000242574	1.19077640242085
ENSG00000204257	0.872329781072774
ENSG00000204252	1.45400442925002
ENSG00000231389	0.879997898729026
ENSG00000223865	0.700490182773819
ENSG00000224796	0.311634282797769
ENSG00000204248	0.268376357008017
ENSG00000204231	0.0829869108859203
ENSG00000112473	-0.103533758325368
ENSG00000204228	-0.271429332059402
ENSG00000288751	-0.380931818244764
ENSG00000232940	0.0708077303010173
ENSG00000223501	0.110254704600419
ENSG00000227057	-0.244641642402431
ENSG00000237441	-0.327479609753423
ENSG00000231925	-0.502121844645471
ENSG00000204209	0.477547410645673
ENSG00000213588	-0.419779113036496
ENSG00000030110	-0.170783890853989
ENSG00000096433	-0.464814298643875
ENSG00000161896	0.0177793609155728
ENSG00000137309	-0.322135409512982
ENSG00000186577	0.0803183232110337
ENSG00000124507	0.449180958755387
ENSG00000124664	-0.0257966930613934
ENSG00000124562	-0.345941828772303
ENSG00000065060	-0.00740766143621853
ENSG00000064999	-0.0432907132551209
ENSG00000272374	-0.305720621215035
ENSG00000065029	0.158880090432977
ENSG00000112033	-0.117143096697526
ENSG00000007866	-0.65481441615249
ENSG00000096060	-0.162834835601524
ENSG00000287458	-0.13224272053052
ENSG00000157343	-0.25405072600532
ENSG00000271304	-0.0417094113666417
ENSG00000112062	-0.12451335271121
ENSG00000237719	-0.188523361549423
ENSG00000246982	0.0382491718688997
ENSG00000096070	0.660802872261883
ENSG00000112078	0.121527343452271
ENSG00000112079	0.181993956701959
ENSG00000124762	-1.87240353415005
ENSG00000198663	-0.104395194972959
ENSG00000137409	-0.248902601985926
ENSG00000137193	0.416679314706901
ENSG00000156639	-0.0784067220295594
ENSG00000124767	-0.147521116795901
ENSG00000112167	0.284224761039028
ENSG00000146122	0.673751967906201
ENSG00000235033	-0.000878690948234534
ENSG00000124615	-0.247017477115647
ENSG00000124602	0.216209124879686
ENSG00000001167	0.263223231236015
ENSG00000287678	-0.0693300750279538
ENSG00000161911	0.751774594777497
ENSG00000095970	2.01915313627003
ENSG00000124731	0.267909832910497
ENSG00000137218	0.0145306751474389
ENSG00000278224	-0.71028580479585
ENSG00000214736	-0.1593827190246
ENSG00000164663	-0.0231805481505024
ENSG00000124641	0.0278668988296863
ENSG00000112578	-0.133903774037127
ENSG00000112576	-0.618615719699832
ENSG00000137413	0.104553042849003
ENSG00000112599	-0.2939229298411
ENSG00000024048	-0.109604522047889
ENSG00000112619	-0.0378731578370865
ENSG00000124659	0.29583298982285
ENSG00000112624	0.196659359709677
ENSG00000146223	0.26125593298327
ENSG00000221821	0.343815774274419
ENSG00000137161	0.265580666008866
ENSG00000231113	0.157589936228081
ENSG00000124587	-0.200637271796534
ENSG00000124541	-0.181895181612966
ENSG00000137171	0.23164523492645
ENSG00000146216	0.152714548294338
ENSG00000171467	0.093721798969902
ENSG00000171462	0.313703110254616
ENSG00000137221	0.198941931113417
ENSG00000171453	-0.108653801998511
ENSG00000271754	-0.707543844041538
ENSG00000124571	-0.0577773147017884
ENSG00000170734	0.00774150189286683
ENSG00000172432	-0.222900912283199
ENSG00000124688	-0.25967180442994
ENSG00000287562	0.687884297370432
ENSG00000180992	-0.164895383803821
ENSG00000112759	-0.019131717294798
ENSG00000096384	0.127028100821818
ENSG00000146232	-0.2484045168469
ENSG00000124608	0.00441555311299672
ENSG00000096401	0.0734478538653538
ENSG00000112796	-1.27552383905696
ENSG00000172348	0.17746582795247
ENSG00000153291	0.0596895792715042
ENSG00000180113	0.93174507731125
ENSG00000146070	0.5512633467099
ENSG00000146072	0.294537182157461
ENSG00000198087	-0.0515601554344165
ENSG00000146085	0.0878064607897377
ENSG00000112118	-0.378277051731351
ENSG00000170915	0.170787641741209
ENSG00000096093	-0.0832102230617386
ENSG00000216775	0.339178388635244
ENSG00000170899	0.0704507609389505
ENSG00000242865	-0.0958934173332873
ENSG00000001084	0.11717189250562
ENSG00000137269	0.151319386287594
ENSG00000271218	0.252548836516042
ENSG00000112200	0.0531756613625345
ENSG00000112208	0.306201617588185
ENSG00000112210	0.373900922581374
ENSG00000272541	0.478842204702515
ENSG00000271761	0.435437922001149
ENSG00000215190	0.113832134928024
ENSG00000118482	0.27094668705707
ENSG00000230910	0.72025369618515
ENSG00000112280	0.645302620126037
ENSG00000082269	0.08905322258765
ENSG00000271967	1.03268192096596
ENSG00000218350	0.0571705854121585
ENSG00000119900	0.783383971665608
ENSG00000233237	-0.188562242816383
ENSG00000229852	0.271434119057446
ENSG00000203908	-0.510315026504204
ENSG00000164430	-0.0377668285858658
ENSG00000135297	0.143343621694262
ENSG00000156508	0.135882338269343
ENSG00000119899	-0.0581907130722261
ENSG00000231652	-0.187500804981839
ENSG00000111799	-0.07566786390208
ENSG00000196586	0.157612067577578
ENSG00000146247	-0.0688815411472725
ENSG00000118418	0.155792861616378
ENSG00000270362	-0.0101292418798444
ENSG00000083123	0.0187203903544922
ENSG00000260645	-0.0938980171255739
ENSG00000146250	-0.364724189519051
ENSG00000065615	0.187806664612956
ENSG00000135315	-0.059766796468384
ENSG00000188994	0.0299374532536918
ENSG00000146282	-0.132573149373588
ENSG00000135334	-0.239977449654203
ENSG00000118432	0.426210044314041
ENSG00000271931	-0.0868128267606677
ENSG00000146278	0.724288939279999
ENSG00000146281	0.00186073699326231
ENSG00000198833	0.214261422230501
ENSG00000025039	-0.120873299541922
ENSG00000083099	0.129928733811305
ENSG00000118412	0.354250478720863
ENSG00000014123	0.278651117767783
ENSG00000283010	-0.0774222213428491
ENSG00000184486	0.39272104468192
ENSG00000112234	0.144770064886005
ENSG00000132424	0.351631487208909
ENSG00000279170	0.07647414708733
ENSG00000085377	-0.047838721908661
ENSG00000130348	-0.0439868550409662
ENSG00000112320	0.059412296136851
ENSG00000112333	-0.587295089751449
ENSG00000112335	0.143619214109252
ENSG00000118689	0.0449728645222537
ENSG00000080546	0.247761391591346
ENSG00000183137	0.104779248852237
ENSG00000135587	-0.492495681077082
ENSG00000135596	1.36005101220068
ENSG00000112365	0.20458256652567
ENSG00000112290	0.634065683025696
ENSG00000203797	-0.410078253456497
ENSG00000155111	0.315598649365855
ENSG00000123505	0.743693320286855
ENSG00000155115	0.0702312695544171
ENSG00000197498	-0.080927268156709
ENSG00000009413	-0.212432346236996
ENSG00000231889	-0.0905156402972341
ENSG00000056972	-0.480003498396912
ENSG00000255389	1.24995266422938
ENSG00000010810	-0.144924899266091
ENSG00000289256	-0.671159848461914
ENSG00000112769	-0.43417448574916
ENSG00000227502	0.817148111958933
ENSG00000111817	0.0215362131496019
ENSG00000111834	-0.38218352787473
ENSG00000153975	-0.157785257396793
ENSG00000183807	-0.0290327573797285
ENSG00000047932	0.204012559199245
ENSG00000111875	-0.0440930147106485
ENSG00000111885	0.0582510481770086
ENSG00000152661	-0.644401183158986
ENSG00000111897	0.627834322146545
ENSG00000172594	0.306357155641742
ENSG00000146373	-0.0874667796899228
ENSG00000111907	-0.567789342800235
ENSG00000111912	0.498691502820701
ENSG00000111911	0.483011632785345
ENSG00000118518	0.434827493667555
ENSG00000146376	-0.0721013984236707
ENSG00000079819	0.585882532757222
ENSG00000118507	0.0793303071135515
ENSG00000112282	0.176239848230988
ENSG00000079950	0.512321049298921
ENSG00000286663	0.114647104657831
ENSG00000179073	0.0556936755948244
ENSG00000146409	-0.418636172368382
ENSG00000146411	-0.291710200390897
ENSG00000118515	0.683119982221271
ENSG00000218772	0.313862959216802
ENSG00000135541	0.129395793933476
ENSG00000029363	-0.00609992765318459
ENSG00000260418	1.19003703317844
ENSG00000197442	-0.13363178853636
ENSG00000286646	0.19204164415373
ENSG00000016402	-0.0687330130379743
ENSG00000027697	-0.0488412884884471
ENSG00000118503	-0.362532585111189
ENSG00000112379	0.386186989192579
ENSG00000135540	-0.142429281774717
ENSG00000225177	-0.251926239985759
ENSG00000135597	-0.113687271346793
ENSG00000112406	0.350595723723922
ENSG00000010818	0.0826141617266928
ENSG00000146416	-0.102342968696014
ENSG00000217648	0.256647803800147
ENSG00000001036	-0.135026628346379
ENSG00000135604	0.00726181902628621
ENSG00000112425	0.214263185895177
ENSG00000270638	-0.62857807458024
ENSG00000288551	-0.33398801407598
ENSG00000118496	-0.0340893871589522
ENSG00000235652	-0.0281265379000558
ENSG00000118508	-0.185804319279071
ENSG00000220494	0.127055462200063
ENSG00000111961	-0.0414266263233085
ENSG00000055208	0.408277429176928
ENSG00000131013	-0.155141825027401
ENSG00000220848	-0.257739540225855
ENSG00000202343	-1.31848690909908
ENSG00000186625	-0.120597535216955
ENSG00000278899	-0.256621377840876
ENSG00000120253	-0.199194473315835
ENSG00000131015	-0.189001312761839
ENSG00000131019	-0.308606420001431
ENSG00000131016	0.0881189917975601
ENSG00000181472	-0.2268979817536
ENSG00000112029	0.256992870933653
ENSG00000213079	-0.0135811840454707
ENSG00000235381	0.300191588659604
ENSG00000271265	-0.461585942893552
ENSG00000049618	0.0189868646195637
ENSG00000271551	-0.468644485402284
ENSG00000215712	-0.0384137297336781
ENSG00000218631	0.282623201841018
ENSG00000286482	-0.172355061372129
ENSG00000130340	0.0269748722719073
ENSG00000078269	0.428233712207837
ENSG00000272047	0.303378828756379
ENSG00000130338	0.285595516678858
ENSG00000092820	-0.386605537905493
ENSG00000164691	0.899658790845121
ENSG00000288845	0.687395569840409
ENSG00000237927	0.0107462992194553
ENSG00000112096	-0.445081447941373
ENSG00000251988	0.0873261361239067
ENSG00000146457	-0.237795482957105
ENSG00000120437	0.0464668429829537
ENSG00000112110	-0.156455126690048
ENSG00000272841	-0.884368376908186
ENSG00000026652	0.14399512948758
ENSG00000286498	0.789070879363843
ENSG00000225683	0.450574857613243
ENSG00000281692	0.22173402953918
ENSG00000285564	-0.128362710042264
ENSG00000112531	0.452793610308303
ENSG00000287550	0.244784240796386
ENSG00000176381	0.352205868336217
ENSG00000287189	-0.529628245072101
ENSG00000280057	0.118523458978912
ENSG00000071242	-0.0234960310037277
ENSG00000235272	-0.277227027449407
ENSG00000198221	-0.204014652617358
ENSG00000130396	-0.213352637863676
ENSG00000186340	0.440965490492065
ENSG00000272848	-0.279581204392278
ENSG00000185127	0.179194824448284
ENSG00000130024	0.412752275800222
ENSG00000227704	0.0658517319637436
ENSG00000130023	-0.358233877843543
ENSG00000266896	-0.268518940913297
ENSG00000273100	-1.1892560781775
ENSG00000198719	0.0595679827523687
ENSG00000288829	-0.666064188343816
ENSG00000008018	-0.461057561917552
ENSG00000261795	0.865913962989209
ENSG00000177706	-0.221993494024255
ENSG00000249852	-0.36203639516142
ENSG00000286710	-0.252091664690977
ENSG00000223855	1.22606653689971
ENSG00000237181	-0.129954866857281
ENSG00000164818	-0.263992990813353
ENSG00000240230	-0.0815428702667225
ENSG00000146540	-0.593474107868549
ENSG00000164849	-0.0817638158511731
ENSG00000178381	-0.493748348938433
ENSG00000229043	-0.119180009138528
ENSG00000273230	-0.0590913178345669
ENSG00000198517	0.264918298041142
ENSG00000157778	0.162650698179034
ENSG00000230487	-0.401092044353581
ENSG00000225968	-0.135984569104752
ENSG00000122687	0.0177171741809739
ENSG00000106263	-0.099694137380134
ENSG00000106003	-1.22214321527911
ENSG00000106012	0.158143686360333
ENSG00000136295	0.325856904194542
ENSG00000288792	0.772659042144493
ENSG00000146535	-0.428382086491729
ENSG00000242802	-0.446262995853824
ENSG00000157954	-0.0264961664875234
ENSG00000164638	0.172042529845686
ENSG00000272953	0.677316495400142
ENSG00000273084	-0.469668963237347
ENSG00000075624	-0.515281784851096
ENSG00000011275	-0.113080433650253
ENSG00000106305	-0.267071152272265
ENSG00000086232	0.364790200425028
ENSG00000106346	-0.00105903748287174
ENSG00000164535	0.279682597502305
ENSG00000136240	-0.129725916865817
ENSG00000236609	0.378284026343663
ENSG00000164631	0.0626430735963122
ENSG00000187953	-0.112457987620689
ENSG00000272732	0.3996123920278
ENSG00000272894	0.0258432258257155
ENSG00000006747	0.588484736261232
ENSG00000224683	0.00988429802682743
ENSG00000272361	0.253513350261306
ENSG00000136261	-0.213465589332346
ENSG00000279048	-0.166786890093217
ENSG00000105855	0.29256075497354
ENSG00000105866	0.0586539296054587
ENSG00000136237	0.517260091534022
ENSG00000179428	0.234123994411239
ENSG00000136244	-0.3236973466857
ENSG00000122591	0.0274627933147911
ENSG00000226816	0.331615271487762
ENSG00000136235	1.47082258824372
ENSG00000164548	0.0231637787658053
ENSG00000105926	0.105137882424847
ENSG00000122566	0.327360819039027
ENSG00000086300	0.444367034964841
ENSG00000225792	0.102370318759036
ENSG00000233429	0.441284186641508
ENSG00000105996	0.441333020581515
ENSG00000233830	-0.345686102595922
ENSG00000106049	0.137610536134291
ENSG00000255690	-1.26705528806438
ENSG00000272568	-0.427604649981904
ENSG00000106069	0.24959142980334
ENSG00000176532	0.222694072508299
ENSG00000136193	0.325135625639327
ENSG00000106080	-0.0563515663385807
ENSG00000106086	0.138265507441161
ENSG00000286847	-0.475040215490895
ENSG00000180354	0.345523245419915
ENSG00000180233	0.167869065490248
ENSG00000235859	-0.396054852098627
ENSG00000281404	0.179115257527253
ENSG00000106100	-0.224699173091369
ENSG00000196295	-0.257401011533615
ENSG00000244480	-0.156970631905363
ENSG00000226874	-0.359547663579343
ENSG00000106105	-0.241420316830508
ENSG00000078549	-0.480548002974415
ENSG00000180347	-0.186467161735177
ENSG00000154678	0.254654137217742
ENSG00000281332	0.141350231692499
ENSG00000272905	0.38881640297191
ENSG00000205763	-0.262048353264841
ENSG00000122643	0.0513999716858358
ENSG00000164610	-0.241535822982941
ENSG00000122557	-0.264969863271352
ENSG00000227544	1.06530213844706
ENSG00000228878	0.0546273909581042
ENSG00000122545	0.540202359413734
ENSG00000122547	-0.1933358828767
ENSG00000011426	1.46068796130334
ENSG00000155849	0.447430909119422
ENSG00000086289	0.165868253305605
ENSG00000227191	-0.838733056837508
ENSG00000241127	0.0261039857560467
ENSG00000287584	-0.226752706765255
ENSG00000188185	0.0350499964708541
ENSG00000259826	0.255407680197804
ENSG00000065883	-0.0537571810646575
ENSG00000168303	0.339042309459337
ENSG00000261019	0.063399055128806
ENSG00000106588	-0.110897439727381
ENSG00000234983	-0.464947258945136
ENSG00000106591	-0.0243565997368775
ENSG00000164543	-0.201230062922139
ENSG00000237972	-0.285988531337457
ENSG00000272655	-0.133682475029178
ENSG00000228903	0.139846198518656
ENSG00000235314	0.824757506222011
ENSG00000136279	-0.260558515301209
ENSG00000106636	-0.370983535481285
ENSG00000158604	-0.184871594170402
ENSG00000287574	0.357072455445676
ENSG00000196262	0.163999748325911
ENSG00000105968	0.522288208014222
ENSG00000272768	-0.815743926949332
ENSG00000260997	0.340065139920385
ENSG00000136286	0.44567043141812
ENSG00000232956	-0.226333776086375
ENSG00000136274	0.161923109137816
ENSG00000136270	-0.20845895816724
ENSG00000122679	-0.8890764407455
ENSG00000272556	-0.0958945382009933
ENSG00000286315	-0.328926330011722
ENSG00000136205	0.199716900237111
ENSG00000136273	-0.0178500117275222
ENSG00000183696	-0.407687057761939
ENSG00000279578	0.235882600116665
ENSG00000279104	0.551808044319885
ENSG00000132437	-0.337032868615686
ENSG00000106070	0.216440190497002
ENSG00000286658	1.01392840878764
ENSG00000106078	0.195332828837927
ENSG00000213673	0.635524280046584
ENSG00000170419	0.286921764742479
ENSG00000146648	-0.360455037611577
ENSG00000132434	0.10900836492741
ENSG00000154978	-0.222748526533272
ENSG00000178665	0.119930422135403
ENSG00000146729	0.253439808674336
ENSG00000146733	-0.20062923866144
ENSG00000146731	0.0898169666978084
ENSG00000164776	-0.162279488845702
ENSG00000106153	-0.327709559945829
ENSG00000185290	-0.742488525631148
ENSG00000283431	0.464377194677018
ENSG00000234444	-0.102624489434007
ENSG00000228014	0.231538312283221
ENSG00000173041	0.0858458957557318
ENSG00000213642	-0.136983895400003
ENSG00000234338	0.0140987248737984
ENSG00000286342	-0.054380022176988
ENSG00000152926	-0.238611879917124
ENSG00000234585	-0.151341672848501
ENSG00000146757	0.255720596820561
ENSG00000236529	-0.238053562301237
ENSG00000126522	-0.368743130402551
ENSG00000169902	-0.313818615875
ENSG00000179406	-0.0831315693936903
ENSG00000231234	0.209530994765086
ENSG00000289177	-0.722692357126663
ENSG00000273142	-0.113842153447785
ENSG00000106609	-0.116188114613604
ENSG00000234215	0.181022993385604
ENSG00000285886	-0.163910766947346
ENSG00000233369	0.663403305669168
ENSG00000182487	0.284802723516373
ENSG00000130305	-0.0552689750890031
ENSG00000009954	0.261003546603807
ENSG00000106635	-0.0157148255655154
ENSG00000106638	-0.342074812323298
ENSG00000009950	1.28510468984486
ENSG00000176410	-0.244711793148884
ENSG00000071462	-0.245310627155356
ENSG00000106089	0.373138527077489
ENSG00000106077	-0.363450572626928
ENSG00000165171	-0.37388544879981
ENSG00000261467	-0.604774333596841
ENSG00000049540	-0.0501965796542374
ENSG00000106683	0.352938110392957
ENSG00000106682	-0.0313984830718375
ENSG00000086730	1.35987116429695
ENSG00000049541	-0.324179470948061
ENSG00000106665	0.516715667210929
ENSG00000006704	-0.0952984377255829
ENSG00000263001	0.226242961743111
ENSG00000158517	0.547022608377391
ENSG00000274523	-0.262498817512974
ENSG00000174428	0.101705689632627
ENSG00000165178	0.450709713408671
ENSG00000223705	0.526777530610503
ENSG00000127946	0.334318518007699
ENSG00000005486	-0.447635236981313
ENSG00000127948	-0.591778872202329
ENSG00000189077	-0.332109659272893
ENSG00000127952	-0.316455751966106
ENSG00000280388	0.00744792774937804
ENSG00000146701	-0.273814980692304
ENSG00000177679	0.22047549815612
ENSG00000106211	-1.39872018395026
ENSG00000289059	-0.332752889446492
ENSG00000170027	0.743256348841516
ENSG00000091073	0.0976639573976107
ENSG00000146707	-0.575244673077209
ENSG00000205482	0.0554372295656483
ENSG00000127951	0.73311523348331
ENSG00000214293	-0.243669868463056
ENSG00000135211	0.46873438105644
ENSG00000006576	0.0208114489921113
ENSG00000234456	0.148233095803153
ENSG00000075223	0.336311405124372
ENSG00000198822	0.266465573637283
ENSG00000164659	0.314440585474028
ENSG00000135164	0.313282025352314
ENSG00000135185	0.203916896974485
ENSG00000182165	0.00471247038064391
ENSG00000005469	-0.151538165896498
ENSG00000006634	-0.102941311145423
ENSG00000075142	-0.033512708975003
ENSG00000127954	-0.0440581198196746
ENSG00000223969	-0.286154062811745
ENSG00000157240	-0.0604004213684313
ENSG00000001631	0.216182019297786
ENSG00000243107	-0.31923002393831
ENSG00000001629	0.411481804842637
ENSG00000244055	0.377089106593947
ENSG00000127993	0.900321480018187
ENSG00000234545	0.184175831551222
ENSG00000205413	0.20523205459943
ENSG00000177409	-0.141707467551951
ENSG00000105825	-0.600062624386013
ENSG00000278959	0.102663258230926
ENSG00000105829	0.0429241936772154
ENSG00000158528	0.129182843581002
ENSG00000105852	-0.271368627821279
ENSG00000105854	-0.345666286372394
ENSG00000005981	0.10171413359849
ENSG00000004799	0.496228330592077
ENSG00000127922	-0.243493827791141
ENSG00000070669	0.139367291269191
ENSG00000272950	-0.218260830890015
ENSG00000106236	0.517284703008209
ENSG00000166448	0.343568296315006
ENSG00000198742	-0.0851557475669169
ENSG00000241685	-0.0772631013059477
ENSG00000130429	-0.0269561896217987
ENSG00000106244	-0.00481093992782376
ENSG00000106245	-0.231018756627257
ENSG00000106246	-0.17849845334138
ENSG00000160917	0.0232078146502915
ENSG00000196652	0.019316410261311
ENSG00000221909	0.022304852574707
ENSG00000244219	-0.183005983019176
ENSG00000197037	-0.122625673177678
ENSG00000273407	0.0332413966247194
ENSG00000146833	-0.156646685755129
ENSG00000176402	0.214778854559978
ENSG00000160862	0.457924044812719
ENSG00000106261	0.231749989556067
ENSG00000166529	0.0448786933338048
ENSG00000166526	-0.084377342929735
ENSG00000168090	-0.168469105043576
ENSG00000166508	0.286110950915341
ENSG00000166997	-0.217849786702495
ENSG00000188186	-0.294664884543931
ENSG00000146826	0.300793302304512
ENSG00000197093	1.17301173148163
ENSG00000066923	0.343742798696786
ENSG00000239521	0.389741490165191
ENSG00000078319	-0.0204433669539783
ENSG00000185955	-0.094660036400879
ENSG00000166925	-0.523571415914167
ENSG00000106351	-0.352688747196916
ENSG00000184414	-0.37284954523441
ENSG00000205307	1.28582434384162
ENSG00000077454	0.539116829570255
ENSG00000106333	-0.112281704530345
ENSG00000106330	-0.0782176177516275
ENSG00000106327	0.194460555238407
ENSG00000172354	-0.65083052900812
ENSG00000087077	-1.04468408702312
ENSG00000176125	-0.262310251622454
ENSG00000087085	-0.155927726761355
ENSG00000169894	-0.143783756668618
ENSG00000274993	0.0567235310661407
ENSG00000227053	-0.0627167049403755
ENSG00000106366	-0.84055708607354
ENSG00000167011	-0.158976656716503
ENSG00000106397	0.0276191604438481
ENSG00000106400	-0.4203994928789
ENSG00000106404	0.520379105833936
ENSG00000257923	0.00365414675938252
ENSG00000128563	-0.0812139667904772
ENSG00000160991	0.0226426664213324
ENSG00000170667	-0.238010192823934
ENSG00000228049	-0.0490640243153663
ENSG00000128606	-0.176262833077921
ENSG00000161048	0.465527701085499
ENSG00000105819	-0.0848772844212511
ENSG00000105821	-0.130531883900313
ENSG00000289613	-0.162444848839776
ENSG00000005483	0.251335232817033
ENSG00000228393	-0.019551236103364
ENSG00000272918	0.799515361020887
ENSG00000091127	0.0597224474245754
ENSG00000135249	-0.110492073140412
ENSG00000272604	0.624183063127941
ENSG00000105835	-0.261065638371547
ENSG00000273320	-0.704115170601803
ENSG00000253276	-0.278143740704193
ENSG00000105851	0.26149830751868
ENSG00000105856	0.0268598528397559
ENSG00000105865	-0.0523394497251056
ENSG00000288558	0.279744647645081
ENSG00000250474	-0.21606783810372
ENSG00000241764	0.062073376018045
ENSG00000105879	0.205548625783265
ENSG00000091140	-0.137040257548049
ENSG00000091136	-0.323685866706802
ENSG00000135241	-0.0180192897543444
ENSG00000231006	0.143705183673259
ENSG00000287011	0.350263554062718
ENSG00000006652	-0.360366386582624
ENSG00000279288	-0.182952586198032
ENSG00000164604	-0.235676868161302
ENSG00000214194	0.472618346440317
ENSG00000135272	-0.247894744341087
ENSG00000227199	-0.251673909659171
ENSG00000077063	0.220323939377971
ENSG00000106025	0.0584570834132256
ENSG00000008311	-0.323195680210468
ENSG00000235631	-0.652788242020745
ENSG00000272686	0.546390979328557
ENSG00000241345	0.219074515359185
ENSG00000279419	0.855023071607717
ENSG00000128513	-0.0488260400202997
ENSG00000048405	-0.0600340057568239
ENSG00000179562	-0.0114447060692895
ENSG00000004059	-0.452070496911467
ENSG00000197157	-0.152531176085616
ENSG00000128594	0.820522476464167
ENSG00000272915	0.0400876191376997
ENSG00000106344	-0.15205987023285
ENSG00000135245	0.776529993871313
ENSG00000272601	-0.218170467316208
ENSG00000273270	-0.457697696559612
ENSG00000288884	0.226791980417291
ENSG00000271553	0.164951583371418
ENSG00000205085	-0.599621075323585
ENSG00000128596	0.35967215663816
ENSG00000128524	0.23556160018174
ENSG00000128604	1.13941789615623
ENSG00000064419	-0.0389761668157873
ENSG00000230359	-0.301043629144679
ENSG00000158457	-0.228080298054541
ENSG00000128602	-0.876780147782702
ENSG00000243230	-0.275931002715104
ENSG00000158467	0.000535100074093364
ENSG00000106459	0.00444880222305154
ENSG00000186591	0.0128200929586287
ENSG00000091732	-0.233337936801913
ENSG00000229196	-0.758724544096288
ENSG00000106477	-0.175681149120091
ENSG00000106484	-0.148702918242562
ENSG00000286214	0.770887099292885
ENSG00000226380	0.244146275584556
ENSG00000128585	-0.0499140931850949
ENSG00000236753	0.100903223104997
ENSG00000205060	0.196005355755335
ENSG00000122783	0.0745437546959619
ENSG00000146859	0.420131503503013
ENSG00000080802	0.0973629465265682
ENSG00000155561	-0.112842145491789
ENSG00000273219	0.437561681221842
ENSG00000105894	-0.0139088008328398
ENSG00000289438	0.528148180662016
ENSG00000105939	-0.178582566790282
ENSG00000157741	0.031070138483383
ENSG00000146963	-0.0380783488758893
ENSG00000273391	0.413630851037125
ENSG00000236279	-0.0334648500275198
ENSG00000059378	-0.239098384458713
ENSG00000157800	0.00770250740115626
ENSG00000133597	0.0883363351913722
ENSG00000261797	-0.329622705201831
ENSG00000006530	0.189658751932972
ENSG00000257093	0.861056666590951
ENSG00000211707	-0.252556191801292
ENSG00000211751	-0.12347503072085
ENSG00000211772	0.501625386438882
ENSG00000165125	0.101305999994241
ENSG00000197448	0.0332392921718495
ENSG00000159784	0.674800595656933
ENSG00000232533	-0.195340851522066
ENSG00000159840	-0.2640951945498
ENSG00000170379	-0.0940825428137653
ENSG00000273314	-0.0791032350400542
ENSG00000204947	0.0827315246205715
ENSG00000240877	0.194135340394047
ENSG00000197024	-0.000841819738271847
ENSG00000170260	-0.20805234060654
ENSG00000196453	-0.141890914110707
ENSG00000181220	-0.137925724780172
ENSG00000133624	0.261390499922909
ENSG00000197558	-0.199055929696969
ENSG00000106479	0.171311840199274
ENSG00000204934	-0.718473869714611
ENSG00000188707	0.0133580667402754
ENSG00000106538	-0.798141807949359
ENSG00000171115	-0.183775770548277
ENSG00000179144	-0.744260150271889
ENSG00000133574	0.0146759730753314
ENSG00000133561	-0.46263400275944
ENSG00000106560	0.350922056812322
ENSG00000213203	-0.319974104938076
ENSG00000106565	-0.281984514945674
ENSG00000002933	-0.636273392535387
ENSG00000243433	-0.0513084748153641
ENSG00000213199	0.872429223917609
ENSG00000164896	-0.11395200863064
ENSG00000133612	0.233329359303482
ENSG00000033050	0.0360249587558958
ENSG00000033100	-0.357325562675346
ENSG00000286461	0.336658671300135
ENSG00000214106	0.126277212306416
ENSG00000157212	0.153446490150445
ENSG00000273183	-0.394373225087709
ENSG00000273344	0.36149800775884
ENSG00000186480	0.0262625743242077
ENSG00000184863	0.0953937441793314
ENSG00000164690	0.102877777394206
ENSG00000224903	-0.617014636198502
ENSG00000146909	0.125030093784988
ENSG00000105993	0.348345908102579
ENSG00000272839	0.40210418540791
ENSG00000146918	0.151500376017388
ENSG00000172748	-0.0952396142814508
ENSG00000147364	0.0144729860415122
ENSG00000272293	-0.689355323609286
ENSG00000282021	-0.164840178431162
ENSG00000253764	-0.552442372349454
ENSG00000176595	0.290793170382863
ENSG00000287970	-0.0117791991394921
ENSG00000246089	-0.240944243467289
ENSG00000091879	-0.148111227306642
ENSG00000271743	-0.0189746956817122
ENSG00000155189	0.0978359947228372
ENSG00000164821	-0.226462505683981
ENSG00000239839	0.925993470893149
ENSG00000284603	0.317199817163338
ENSG00000173295	-0.3508127463316
ENSG00000275342	-0.206153508703776
ENSG00000253958	-0.499043382987368
ENSG00000147324	-0.275543573996017
ENSG00000104626	-0.0317190035980629
ENSG00000173281	-0.0135328490629564
ENSG00000253230	1.54628147459743
ENSG00000261451	0.281446814308628
ENSG00000171056	-0.653524060307145
ENSG00000254093	-0.182414998916657
ENSG00000269918	-0.0333360541576633
ENSG00000255310	0.447992583656535
ENSG00000177710	-0.810973917449583
ENSG00000154316	-0.225644422637273
ENSG00000255020	0.111507036175821
ENSG00000154319	-0.512739711341939
ENSG00000164733	0.00322523574332842
ENSG00000254866	-0.42074992671968
ENSG00000186523	-0.257014128747325
ENSG00000154359	-0.407851395867532
ENSG00000164743	0.108609721086631
ENSG00000078579	0.717581740235348
ENSG00000287303	0.0874937606975854
ENSG00000129422	0.275981524042523
ENSG00000253671	-0.505853754643328
ENSG00000254054	0.133170748493356
ENSG00000078674	0.189511652892923
ENSG00000104763	0.25394457602593
ENSG00000156011	0.103516003610765
ENSG00000147408	-0.0840259903528757
ENSG00000104613	0.112664124705763
ENSG00000147416	0.298362935453857
ENSG00000254040	0.197370606665516
ENSG00000130227	0.0629747031142283
ENSG00000158806	0.208819108245947
ENSG00000275074	-0.353166071144195
ENSG00000168453	0.787701728155112
ENSG00000168481	0.821193397139677
ENSG00000168484	-0.204311999695911
ENSG00000168487	0.0571730835300564
ENSG00000104635	-0.516691234910316
ENSG00000120910	-0.167641117519128
ENSG00000120896	-0.465354472996832
ENSG00000287467	-0.189509589803894
ENSG00000241852	-0.351660770077988
ENSG00000158941	-0.272802758288886
ENSG00000253200	-0.499033733844227
ENSG00000147439	-0.278718254289746
ENSG00000179388	-0.178379913401351
ENSG00000134020	-0.461031264500258
ENSG00000120889	-0.494797806586824
ENSG00000173535	0.0919325865919586
ENSG00000173530	-0.336497215275527
ENSG00000104689	-0.0920244095527792
ENSG00000289584	0.86190348615914
ENSG00000197217	0.35004848308153
ENSG00000167034	0.445534464858241
ENSG00000159167	-0.275582634204397
ENSG00000042980	0.541068067987834
ENSG00000272163	0.544036452799945
ENSG00000277586	0.281817474909946
ENSG00000272157	0.491860652604678
ENSG00000287185	0.448612260870278
ENSG00000147459	0.469797480286431
ENSG00000228451	0.122652251261493
ENSG00000120915	-0.464722988091765
ENSG00000120885	-1.22586179520909
ENSG00000168077	-1.214547224364
ENSG00000186918	-0.290263894380849
ENSG00000246339	0.407136932220143
ENSG00000285669	0.580600648941022
ENSG00000272375	0.625998670283817
ENSG00000287590	-0.034641835852635
ENSG00000254109	-0.683555658316974
ENSG00000197265	-0.0770159455319682
ENSG00000253457	0.293992327683214
ENSG00000104687	-0.164575147970818
ENSG00000104695	0.291078086306907
ENSG00000172733	0.159880493073249
ENSG00000129696	-0.0501639078325621
ENSG00000133874	-0.336606664950812
ENSG00000147475	-0.558166996010812
ENSG00000233170	0.9233088415533
ENSG00000147471	0.268935190096223
ENSG00000104221	-0.390749839099458
ENSG00000187840	0.0427879655554001
ENSG00000175324	-0.168252481357815
ENSG00000085788	0.497135335205826
ENSG00000147535	-0.497391797383326
ENSG00000147548	0.143660981057264
ENSG00000272092	-0.545145359647382
ENSG00000165046	-0.176653420335661
ENSG00000255201	-0.0847624903100141
ENSG00000253570	0.418263362782244
ENSG00000147526	0.0515136505732235
ENSG00000253829	0.00837181346349095
ENSG00000169490	-0.436106621222927
ENSG00000104332	0.666195770724
ENSG00000147536	-0.136658318278629
ENSG00000287535	0.1546497154576
ENSG00000158669	-0.0723844606158467
ENSG00000029534	0.334955478419378
ENSG00000083168	0.102016133295663
ENSG00000104365	-0.0350561974340796
ENSG00000078668	0.0217892347485931
ENSG00000147432	-0.0570625147826591
ENSG00000147434	-0.0579840574059709
ENSG00000131931	0.246026636818122
ENSG00000120925	-0.0674738698136308
ENSG00000188873	-0.512220625555035
ENSG00000255366	0.158729885867222
ENSG00000253330	-0.739626601382038
ENSG00000221869	-0.317522282559781
ENSG00000104738	0.000330980174173892
ENSG00000272076	0.19298946893302
ENSG00000168300	0.236680555618364
ENSG00000228801	-0.029280888462805
ENSG00000272024	-0.269249290636036
ENSG00000147488	0.35604579501844
ENSG00000271555	0.418604598525565
ENSG00000187735	0.336419234310735
ENSG00000137547	-0.224107707808961
ENSG00000167904	-0.00434090305319463
ENSG00000137574	-0.100771138960384
ENSG00000254087	0.165530497449553
ENSG00000181690	0.0821713823020311
ENSG00000272343	1.56685100155773
ENSG00000215114	0.58711624333829
ENSG00000035681	-0.0148158361844865
ENSG00000171316	0.245462086428087
ENSG00000271377	-0.15365575331174
ENSG00000198363	-0.263406506946765
ENSG00000137561	0.131027544104512
ENSG00000254377	0.740830997943305
ENSG00000180828	0.744032905894124
ENSG00000254081	0.33093320661196
ENSG00000179041	0.464002906229487
ENSG00000147576	-0.342593747640389
ENSG00000185697	-0.118906348898599
ENSG00000288596	-0.0530003457981743
ENSG00000104205	0.0896176275750087
ENSG00000287214	-0.54177161921599
ENSG00000271966	-0.181805986286346
ENSG00000046889	-0.00621698342995006
ENSG00000260838	0.551382495626866
ENSG00000147601	0.136671867959123
ENSG00000253636	0.520998313395089
ENSG00000254213	-0.326199006875419
ENSG00000121039	-0.413143075384045
ENSG00000154582	0.00471503193619104
ENSG00000175606	0.211752487365921
ENSG00000154589	0.0881602262503534
ENSG00000253341	0.400514396913782
ENSG00000137558	-0.348892858974796
ENSG00000270866	1.16738332669485
ENSG00000164751	0.178708584469849
ENSG00000288756	-0.176441867900566
ENSG00000104435	0.552487199520545
ENSG00000164683	-0.192534309006751
ENSG00000147586	-0.151283433183931
ENSG00000076554	0.52019203952131
ENSG00000251867	-0.04291073002296
ENSG00000205189	-0.212332474069838
ENSG00000164684	0.232218342436557
ENSG00000164687	-0.418498904938022
ENSG00000280193	-0.0573472630683664
ENSG00000104231	0.304010372041556
ENSG00000133739	0.229289536583247
ENSG00000133740	0.0474656811388944
ENSG00000176731	-0.267845069333832
ENSG00000185015	-0.111454078006447
ENSG00000253549	0.386701928361306
ENSG00000104267	1.14742929272145
ENSG00000250569	-0.151559571649124
ENSG00000085719	-0.127075288814129
ENSG00000104312	0.0165939642255184
ENSG00000164823	0.544913184826858
ENSG00000104320	0.387584748976838
ENSG00000104325	-0.176316996560463
ENSG00000123119	0.414900454211404
ENSG00000253738	0.491472605206196
ENSG00000155100	0.347614353310335
ENSG00000253525	-0.0989083935982011
ENSG00000205133	0.244183956908431
ENSG00000271971	-0.016910316133129
ENSG00000253854	0.0596948569253025
ENSG00000183808	-0.168075163607437
ENSG00000279331	0.144847668023591
ENSG00000164953	-0.34891249401717
ENSG00000265817	0.356848728823464
ENSG00000175305	0.3115079419124
ENSG00000164938	-0.315166505145541
ENSG00000253878	-0.526576805455528
ENSG00000254224	-0.824223483995728
ENSG00000156471	-0.229006204148201
ENSG00000169439	-0.551006573541126
ENSG00000180543	-0.443029875158297
ENSG00000104341	-0.254437747200555
ENSG00000243504	-0.828158102644554
ENSG00000132541	-0.662190379519386
ENSG00000104356	-0.198242861425082
ENSG00000034677	-0.185192291971082
ENSG00000261087	0.650409536644777
ENSG00000120963	0.168576678148232
ENSG00000048392	0.122823067183234
ENSG00000246263	0.0098233126716244
ENSG00000104517	-0.203695061857523
ENSG00000253669	-0.144388892231844
ENSG00000164929	-0.022403778703302
ENSG00000164930	-0.608104883402389
ENSG00000286337	-0.567405642287152
ENSG00000164932	-0.284158348141112
ENSG00000164933	-0.0746217779916581
ENSG00000164934	-0.0749158055877418
ENSG00000287289	0.385402426720919
ENSG00000147655	0.0369508456734499
ENSG00000230948	-0.0722803591635575
ENSG00000289094	-0.0421151931796657
ENSG00000104412	0.161253294220669
ENSG00000120526	-0.1037629151154
ENSG00000120533	0.221285113233827
ENSG00000253877	0.0913037203625287
ENSG00000164754	0.785899046264366
ENSG00000164758	-0.329951821163537
ENSG00000136999	-0.548977061334324
ENSG00000254343	0.378360484420491
ENSG00000172172	-0.305101927772507
ENSG00000272502	-0.427423027268922
ENSG00000178764	-0.105938297537997
ENSG00000136986	-0.0406647418338125
ENSG00000165156	0.579440370783622
ENSG00000156802	-0.0325762518688504
ENSG00000156804	0.180236111346748
ENSG00000176853	0.00747612629408366
ENSG00000253106	0.499046187255687
ENSG00000170873	0.212549782711794
ENSG00000180938	0.161437410566101
ENSG00000173334	-0.378643799428334
ENSG00000168672	-0.188774240280066
ENSG00000136997	-0.220401322966151
ENSG00000153310	0.387078977414716
ENSG00000153317	-0.101970475816643
ENSG00000286535	-0.225874548321822
ENSG00000155897	-0.172897810987805
ENSG00000129292	-0.020158367735639
ENSG00000155926	0.615586683724992
ENSG00000008513	-0.0343623669783703
ENSG00000272456	-0.389077720047189
ENSG00000278898	-0.552534141560825
ENSG00000279518	-0.368852810540597
ENSG00000259820	-0.569003351193583
ENSG00000253988	0.235919833503335
ENSG00000259891	0.276855540652891
ENSG00000280303	-0.454925391536071
ENSG00000105339	0.619270939157899
ENSG00000022567	0.142537338235093
ENSG00000184489	-0.539500422738966
ENSG00000271959	-0.914963558818024
ENSG00000261710	1.1188323430367
ENSG00000198576	-0.913747677208926
ENSG00000234616	0.240348384577683
ENSG00000253741	-0.0332075457264449
ENSG00000167656	-0.206220310163533
ENSG00000177335	0.00597765695368695
ENSG00000176956	0.188004852718171
ENSG00000184428	0.0378621285778522
ENSG00000014164	0.0148220038927231
ENSG00000287576	-0.137478367412831
ENSG00000104518	-0.304874903101773
ENSG00000104529	0.148846104035764
ENSG00000104524	-0.57618510285738
ENSG00000104522	-0.216127717509572
ENSG00000183309	0.26769815952085
ENSG00000181135	0.0407407813000032
ENSG00000180921	-0.355462871335357
ENSG00000180900	-0.145535994139671
ENSG00000179950	-0.306915246745861
ENSG00000178685	-0.396228435458054
ENSG00000178719	-0.455795025230301
ENSG00000178896	-0.659222561019604
ENSG00000179632	0.179066508214555
ENSG00000179698	0.122219461608712
ENSG00000179832	0.0320671698932154
ENSG00000261236	0.0896191079141415
ENSG00000185122	-0.690962063341894
ENSG00000261678	0.501775950892557
ENSG00000185803	-0.602188707705064
ENSG00000147804	0.181329486512484
ENSG00000160949	0.177450877080092
ENSG00000187954	-0.358266950162364
ENSG00000160972	-0.305666090866301
ENSG00000161016	-0.336641928710762
ENSG00000147789	-0.0515582235287275
ENSG00000170619	-0.0910240648897795
ENSG00000286681	-0.150883929015816
ENSG00000196150	0.0537631909972087
ENSG00000170631	-0.137026476118147
ENSG00000255559	-0.0252411696687788
ENSG00000182307	-0.237057840395468
ENSG00000170122	0.380632851873877
ENSG00000172785	0.135508851687781
ENSG00000107099	0.273421373509257
ENSG00000107104	-0.0491231551392675
ENSG00000286684	0.0843736182118624
ENSG00000080503	-0.0628043999077052
ENSG00000147852	0.334088692158517
ENSG00000080608	-0.0442188614552817
ENSG00000147853	0.107764498917008
ENSG00000120158	-0.257553873970178
ENSG00000096968	0.0751936681364356
ENSG00000231967	0.315868929073582
ENSG00000107020	-0.142150995234215
ENSG00000120217	0.384449884998019
ENSG00000183354	0.304596123351986
ENSG00000178445	-0.288465842518475
ENSG00000153714	0.313610240443397
ENSG00000107186	0.296768526842778
ENSG00000147862	-0.142416940195525
ENSG00000225472	-0.209307783254515
ENSG00000214110	-0.0190485948096638
ENSG00000164975	0.204282851796805
ENSG00000164985	0.343147353788485
ENSG00000147874	0.209659741849984
ENSG00000147872	-0.681927854964291
ENSG00000137145	-0.142398565547022
ENSG00000273226	0.384312041680635
ENSG00000155886	0.713724094486923
ENSG00000226393	-0.662431981776368
ENSG00000231195	-0.196460590984891
ENSG00000099810	0.0368459257558145
ENSG00000176399	-0.135695239683309
ENSG00000198680	0.0490267811705565
ENSG00000120159	0.0531615146053158
ENSG00000137055	-0.143455327058684
ENSG00000120162	0.114912291760828
ENSG00000287355	-0.380387800977466
ENSG00000122729	-0.579887493531506
ENSG00000107201	0.0142168151386324
ENSG00000197579	0.0673185472437594
ENSG00000235453	-0.0838981787425508
ENSG00000137074	-0.111621676753838
ENSG00000225693	-0.234218494162377
ENSG00000122692	-0.158884009925361
ENSG00000086065	0.380158910307989
ENSG00000086102	0.0737390720180139
ENSG00000165271	0.257651418676877
ENSG00000231991	-0.367336098469571
ENSG00000107341	0.13764150093201
ENSG00000198876	0.119885165634457
ENSG00000165006	0.0933994348040715
ENSG00000164976	-0.678522262184383
ENSG00000168913	0.077846187432586
ENSG00000122756	-1.06747271535784
ENSG00000147955	-0.0850036875951398
ENSG00000213930	-0.15435881009953
ENSG00000137070	0.0825046449156312
ENSG00000122733	0.163794884256646
ENSG00000137094	-0.883227761394771
ENSG00000286782	-0.428946382351481
ENSG00000287868	0.333019361217133
ENSG00000165280	-0.428445791347838
ENSG00000221829	0.0487265063390967
ENSG00000165283	-0.501367264221282
ENSG00000005238	-0.859008187568557
ENSG00000198853	0.167666883977368
ENSG00000107140	-0.0193529004087032
ENSG00000159884	0.00289665115143151
ENSG00000107185	0.23760764798188
ENSG00000137098	0.101519527628339
ENSG00000137103	-0.237619295641808
ENSG00000168828	-0.251329974047564
ENSG00000196196	-1.66008646608486
ENSG00000235387	-0.502108476867669
ENSG00000185972	-0.275218657254605
ENSG00000159921	0.0600986053804131
ENSG00000215283	-0.159255744670197
ENSG00000281649	0.45032202372962
ENSG00000137054	-0.310029914504934
ENSG00000107371	0.0872564787052644
ENSG00000107338	-0.0586727360770301
ENSG00000137124	0.0321935276610272
ENSG00000137142	-0.0164205278950009
ENSG00000273036	0.768085564042502
ENSG00000225345	-0.162740822396837
ENSG00000180071	-0.0630362051782813
ENSG00000204860	0.571352463664436
ENSG00000280077	0.547808486596509
ENSG00000279456	0.510551666041021
ENSG00000275450	0.283867083211938
ENSG00000288838	0.220539893604972
ENSG00000238113	0.772135664780697
ENSG00000287168	-0.0993457738481496
ENSG00000237451	0.253015305544967
ENSG00000232815	0.875361999043798
ENSG00000274026	-0.332395393888289
ENSG00000187866	0.539583674596086
ENSG00000107282	0.181280001182086
ENSG00000198887	-0.108542659204246
ENSG00000119138	-0.114602755759352
ENSG00000083067	-0.113618671118996
ENSG00000135048	-0.311171946716998
ENSG00000155621	0.0872558497914747
ENSG00000236060	0.0846561046974733
ENSG00000119121	-0.166264282589529
ENSG00000135045	0.110492315568458
ENSG00000156017	0.0949700741763808
ENSG00000134996	0.232519619160184
ENSG00000106772	0.651463578995136
ENSG00000148019	0.385238166211931
ENSG00000135069	0.431029278282385
ENSG00000106829	0.272994527213359
ENSG00000196781	-0.461936827463373
ENSG00000165113	0.111751657085441
ENSG00000165118	0.000969893085980699
ENSG00000165119	0.152971983905756
ENSG00000178966	0.126124374433589
ENSG00000148053	-0.307984691824897
ENSG00000135049	0.363623309141617
ENSG00000230303	0.163380575827647
ENSG00000165121	0.124195752494886
ENSG00000289214	-0.376641923717021
ENSG00000135040	0.0604896742853939
ENSG00000083223	0.148160950741289
ENSG00000180447	0.670315279326689
ENSG00000204446	0.100676556226849
ENSG00000135047	-0.315969436708279
ENSG00000156345	-0.410641885954494
ENSG00000287769	0.162584995303446
ENSG00000106723	0.375950286887015
ENSG00000227638	0.065928010344863
ENSG00000123975	0.110207523676555
ENSG00000187742	0.016704122175402
ENSG00000187764	-0.0892004908796977
ENSG00000130222	-0.601528171122301
ENSG00000165023	0.28322703804731
ENSG00000165025	0.390966459855682
ENSG00000289123	-1.13310177276948
ENSG00000165030	0.231989077942174
ENSG00000233081	-0.503312939181706
ENSG00000196305	-0.151266847690736
ENSG00000198000	0.291356396101734
ENSG00000106809	0.0808812283954409
ENSG00000127080	-0.116143290965371
ENSG00000288062	0.449136040925103
ENSG00000127084	0.257062546865426
ENSG00000157303	0.297899850837631
ENSG00000165233	-0.419144462140881
ENSG00000131669	-0.170330114335311
ENSG00000188938	-0.0158683384899287
ENSG00000289031	-0.208415293536404
ENSG00000269929	0.0636226253017661
ENSG00000175787	0.268669956602931
ENSG00000148110	-0.104007427815353
ENSG00000185920	-0.135777522837603
ENSG00000271659	0.596557021601805
ENSG00000182150	-0.0328988499396159
ENSG00000225194	-0.329821163385289
ENSG00000224546	0.169268216786559
ENSG00000165244	-0.102123252294467
ENSG00000130956	-0.0664256344296366
ENSG00000158122	-0.0954938798566084
ENSG00000136943	0.00392707520624782
ENSG00000254633	0.0608857812101792
ENSG00000196116	0.131428309369093
ENSG00000136937	-0.179600920503324
ENSG00000136932	-0.147683202751282
ENSG00000287070	-0.0815836136066256
ENSG00000136938	-0.0963666198122358
ENSG00000095380	-0.0063290186451036
ENSG00000106785	-0.0520697493684006
ENSG00000095383	-0.0882663533744907
ENSG00000106799	0.734393144555119
ENSG00000119523	-0.0970027466773948
ENSG00000106803	-0.317495853165802
ENSG00000023318	-0.0596529100120118
ENSG00000136891	0.0374079676084574
ENSG00000066697	0.0735657414537973
ENSG00000241697	0.396702060473291
ENSG00000170681	-0.0638389776051902
ENSG00000148123	0.186415658722333
ENSG00000136897	0.112094580938412
ENSG00000136870	0.220902007696967
ENSG00000165152	0.21200442234929
ENSG00000155827	0.52140177366144
ENSG00000165029	-0.457651118997099
ENSG00000070061	0.099428075846403
ENSG00000119328	-0.0766116671223321
ENSG00000119326	-0.343260270479758
ENSG00000095203	0.0295509206883229
ENSG00000157654	-0.00714288986386685
ENSG00000136810	-0.225601478598065
ENSG00000136813	0.101382417148443
ENSG00000059769	-0.0319888612791864
ENSG00000148154	0.131478625326322
ENSG00000259953	0.429018022866424
ENSG00000106868	-0.0107148462363263
ENSG00000119314	-0.0105132514180937
ENSG00000119471	-0.233961147564275
ENSG00000165185	0.0844089720501662
ENSG00000148158	0.315314641408678
ENSG00000271631	-0.665136644884977
ENSG00000228623	0.227848877095917
ENSG00000136866	0.10149911853044
ENSG00000225684	-0.405236233602026
ENSG00000231528	0.0173209075979478
ENSG00000119321	0.27484933112044
ENSG00000136868	-0.511388435934858
ENSG00000176386	0.188236078788804
ENSG00000136875	-0.0455546067450998
ENSG00000148225	-0.114958019885496
ENSG00000196739	0.0449877500980904
ENSG00000095397	0.201661526055434
ENSG00000136888	-0.117810197940071
ENSG00000136869	-0.519165951126836
ENSG00000106780	0.100676745623039
ENSG00000214654	-0.408754356675208
ENSG00000095261	0.0676475255670072
ENSG00000119403	-0.029110149135992
ENSG00000056558	-0.093501228809877
ENSG00000106804	-0.0649181939050822
ENSG00000119397	0.019785922312262
ENSG00000148175	-1.06539317059974
ENSG00000175764	0.212788890077513
ENSG00000148187	0.0462780194853825
ENSG00000095303	0.772167620830869
ENSG00000186130	0.110278727419234
ENSG00000171448	0.273198763587754
ENSG00000011454	0.0912749892212273
ENSG00000119408	-0.596414641919865
ENSG00000136930	-0.216851392796127
ENSG00000136950	-0.128234413065674
ENSG00000136935	-0.0631320786128631
ENSG00000119414	0.0956663332993937
ENSG00000136933	-0.203284621922636
ENSG00000044574	-0.791982708293513
ENSG00000288537	-0.0647841220678144
ENSG00000196814	0.0973714916544028
ENSG00000279137	-0.19342866027954
ENSG00000136944	0.00156855747289679
ENSG00000169155	-0.257151769356982
ENSG00000177125	0.0625580586750793
ENSG00000136828	0.07488341349363
ENSG00000136859	0.105734430540874
ENSG00000196152	-0.0391210495058492
ENSG00000197958	-0.229758058161156
ENSG00000136830	-0.276351445955102
ENSG00000136854	0.317618505277335
ENSG00000160404	0.15069880260731
ENSG00000136807	0.283210228082165
ENSG00000136877	-0.392174472739755
ENSG00000160408	-0.334249089364381
ENSG00000136840	-0.627447706362875
ENSG00000227218	-0.691861032339609
ENSG00000136908	-0.422523586817106
ENSG00000167106	-0.324386733648785
ENSG00000171169	-0.18554179537187
ENSG00000148339	-0.741216538884967
ENSG00000148334	-0.225692692031918
ENSG00000232850	0.147153806547214
ENSG00000148346	-0.0338229762893208
ENSG00000171159	0.0297941646889592
ENSG00000148337	0.268025524856547
ENSG00000106976	0.408775649084195
ENSG00000175854	-0.419312695454359
ENSG00000272696	0.232650581360051
ENSG00000167113	-0.0459805179150441
ENSG00000167114	-0.168887821329007
ENSG00000207955	0.642304514813207
ENSG00000167123	1.385735984077
ENSG00000273186	-0.484196987581443
ENSG00000228510	0.879167500373311
ENSG00000119392	0.00263952407061181
ENSG00000280758	-0.375366771078588
ENSG00000119333	-0.431135162961117
ENSG00000119335	0.463828398028622
ENSG00000160447	-0.489801867660039
ENSG00000203286	-0.242465701070133
ENSG00000198917	-0.0256077971131684
ENSG00000171097	-0.105098659208142
ENSG00000136802	-0.855407175697717
ENSG00000175283	-0.621455572064475
ENSG00000095319	-0.243478097229317
ENSG00000267834	0.432011450578412
ENSG00000148341	0.382135778858148
ENSG00000095321	-0.432064371264953
ENSG00000119383	-0.163560393483854
ENSG00000188483	-0.236446311916568
ENSG00000233901	-0.0641865518351771
ENSG00000204054	-0.382751621082993
ENSG00000148335	-0.374739332795251
ENSG00000179058	-0.299447739778832
ENSG00000136827	-0.139718515079098
ENSG00000136819	0.0261352050999706
ENSG00000187239	0.126084896832116
ENSG00000288924	-0.178694320487801
ENSG00000148358	-0.300994755194441
ENSG00000107130	0.180195096280634
ENSG00000107164	0.0603399869158858
ENSG00000130713	-0.0235149760491952
ENSG00000050555	-0.183326098335608
ENSG00000126883	-0.126981186093833
ENSG00000126882	0.469227380308224
ENSG00000288701	-0.0340450872652968
ENSG00000130717	0.0400145413732284
ENSG00000125482	0.175325336146384
ENSG00000125485	-0.087082384121251
ENSG00000125484	-0.0780864055856373
ENSG00000165698	-0.266492136920183
ENSG00000160271	0.100061147240503
ENSG00000148288	0.29443011341001
ENSG00000148297	-0.544698537279922
ENSG00000148303	-0.225126755852183
ENSG00000148248	-0.561427482166614
ENSG00000148300	0.156553745910448
ENSG00000160323	0.0289735433349052
ENSG00000160326	-0.317099638903334
ENSG00000197859	0.299447323063815
ENSG00000196990	-0.0745347254522215
ENSG00000235106	-0.0769253316363963
ENSG00000169925	0.416535974180986
ENSG00000196363	-0.097662798632961
ENSG00000186350	-0.394434948474225
ENSG00000226706	0.0563823042292252
ENSG00000148411	0.264782757167498
ENSG00000165688	-0.42247972096597
ENSG00000196366	0.146104735069216
ENSG00000237886	-0.097621712516118
ENSG00000172889	-0.68731210499432
ENSG00000165716	-0.695219505396997
ENSG00000244187	-0.347583105116608
ENSG00000213213	0.0721177237389598
ENSG00000228544	-0.404155039090952
ENSG00000232434	0.464478748396979
ENSG00000054148	-0.383283579275769
ENSG00000177943	0.0581600544051598
ENSG00000127191	-0.0611565543550983
ENSG00000214402	-0.744089446143238
ENSG00000107331	0.795858928753163
ENSG00000180539	-0.102641722672005
ENSG00000054179	-0.51340780040295
ENSG00000268996	-0.178859732023844
ENSG00000177239	-0.469864335537382
ENSG00000176884	0.245350586982812
ENSG00000187713	-0.15466583358379
ENSG00000197191	-0.0934737286025724
ENSG00000188229	-1.04957348185911
ENSG00000198113	-0.400043819174316
ENSG00000198435	-0.484001542646148
ENSG00000188747	0.0727316330654171
ENSG00000165802	0.219638446891238
ENSG00000181090	-0.0738438713206762
ENSG00000015171	0.439592826539186
ENSG00000151240	0.00406127015186275
ENSG00000180525	0.294801583229871
ENSG00000107929	-0.0984667773814549
ENSG00000107937	-0.149275938106843
ENSG00000047056	-0.207767383170438
ENSG00000287560	0.885531317457845
ENSG00000287566	-0.503875107743901
ENSG00000196372	-0.228931651605449
ENSG00000134461	-0.16450762121471
ENSG00000134452	0.0286457243073219
ENSG00000232807	-0.219593418294543
ENSG00000134470	-0.327553002364182
ENSG00000134453	0.184231854086426
ENSG00000170525	-0.372078105368062
ENSG00000288915	-0.681453255588525
ENSG00000198879	-0.00582612687155747
ENSG00000123243	-0.389543189353861
ENSG00000165632	0.072849473120064
ENSG00000107485	-0.203258868108773
ENSG00000271046	0.651616728708381
ENSG00000134463	-0.402897168168176
ENSG00000225778	-0.202165580367487
ENSG00000151461	0.146662479518357
ENSG00000181192	-0.155419287030107
ENSG00000065665	0.0822360965232204
ENSG00000165609	0.163835205790955
ENSG00000151465	-0.202239859076776
ENSG00000228302	0.172660556529981
ENSG00000123240	0.517656449012836
ENSG00000234175	-0.0232261530384087
ENSG00000228330	-0.0366989476414514
ENSG00000107537	-0.18986358326558
ENSG00000086475	0.205285547006762
ENSG00000239665	0.273131835136246
ENSG00000065809	0.810490858943998
ENSG00000185267	-0.0984186427639058
ENSG00000284024	-0.0822523381895588
ENSG00000272853	0.166806150956256
ENSG00000152455	-0.00958889096844087
ENSG00000176244	-0.288711022419379
ENSG00000176236	-0.219005063684237
ENSG00000152464	-0.0439864880375804
ENSG00000152465	-0.221885870754682
ENSG00000148468	-0.0262772478552464
ENSG00000165996	-0.158374958857398
ENSG00000260589	0.163335477142037
ENSG00000148482	-0.636624331816012
ENSG00000241058	0.0649399905819378
ENSG00000285852	-0.118831023284191
ENSG00000287613	-0.10166034860563
ENSG00000078114	0.124351518813779
ENSG00000204682	-0.147943894970917
ENSG00000279631	0.0469193649376789
ENSG00000261671	0.20282399922757
ENSG00000148444	0.217986196411931
ENSG00000168283	0.904487633618964
ENSG00000150867	0.612864263717705
ENSG00000165312	0.293667096721125
ENSG00000107863	0.731299968753593
ENSG00000285750	0.317303701634175
ENSG00000099256	0.100729516189845
ENSG00000151023	-0.116876726348475
ENSG00000185875	0.0858836058129125
ENSG00000136750	-0.0928194556280697
ENSG00000077420	0.503658887639579
ENSG00000136754	-0.224356273908446
ENSG00000107890	-0.0748781929192903
ENSG00000136758	-0.075710397333518
ENSG00000107897	0.567629263731277
ENSG00000095787	0.486168746909699
ENSG00000259994	0.446279170119147
ENSG00000148516	0.197973153723794
ENSG00000120616	0.0246632486941714
ENSG00000099250	0.0846950591546904
ENSG00000095794	-0.119119899014237
ENSG00000271335	0.029808211099099
ENSG00000229644	-0.327916393419609
ENSG00000198105	0.333225675963027
ENSG00000236514	-0.207406796755681
ENSG00000151963	0.250356315842773
ENSG00000189180	0.432774076471809
ENSG00000075407	0.421790872944688
ENSG00000276805	-0.262326332420469
ENSG00000185904	0.356593720341466
ENSG00000234420	0.29564479967766
ENSG00000285884	-0.408375820910202
ENSG00000165733	0.00278068504317468
ENSG00000165731	0.208267342788102
ENSG00000196793	0.050639247419532
ENSG00000232004	-0.298666799241691
ENSG00000198298	0.223576009886587
ENSG00000169740	0.269185443838495
ENSG00000226245	0.130156382107881
ENSG00000277288	-0.597560189035603
ENSG00000107562	-0.858888480880908
ENSG00000107551	0.511656402428435
ENSG00000165507	-0.610714664324332
ENSG00000012779	0.569161334353337
ENSG00000165406	0.267812611995727
ENSG00000172671	0.139902385271102
ENSG00000265354	-0.279538619021351
ENSG00000289092	0.0450932645803393
ENSG00000204175	0.437606879157309
ENSG00000266524	-1.13688589022276
ENSG00000265203	0.206650709405793
ENSG00000265763	0.583400844947491
ENSG00000279822	0.266292033512932
ENSG00000165633	-0.203822138383102
ENSG00000204161	0.118864251173129
ENSG00000225830	0.0786255107252242
ENSG00000197444	-0.562228144579058
ENSG00000204152	-0.170775002329251
ENSG00000198964	0.0592171797752487
ENSG00000279863	-0.60566221940124
ENSG00000226200	-0.0852284510379888
ENSG00000177613	0.421871123827042
ENSG00000227972	0.604062481373932
ENSG00000151151	0.081616203507971
ENSG00000108064	0.122664446607
ENSG00000237949	0.3875785746307
ENSG00000287969	-0.0833792945621241
ENSG00000165449	-0.210760322059872
ENSG00000072422	-0.0728355581296414
ENSG00000150347	-0.0249244427230328
ENSG00000288011	0.0771259061632278
ENSG00000138311	0.143712354659219
ENSG00000181915	0.477710807663122
ENSG00000122877	-0.400398748477327
ENSG00000148572	0.0455988528135488
ENSG00000171988	-0.0479941010341179
ENSG00000226426	-0.577998733463653
ENSG00000108176	0.362866756768609
ENSG00000096717	0.281723117051624
ENSG00000148634	0.0196078080182381
ENSG00000108187	0.109732196350899
ENSG00000096746	0.235092964418233
ENSG00000204130	0.233982948732424
ENSG00000138346	0.0899677950385962
ENSG00000260400	0.367478525458418
ENSG00000060339	-0.0615419608901632
ENSG00000165730	-0.219617040394062
ENSG00000107625	-0.113754464935784
ENSG00000165732	0.355568243638724
ENSG00000122862	-0.0464502857658171
ENSG00000156502	-0.00454493619167288
ENSG00000156515	-0.376978845667727
ENSG00000075073	-0.0961163528346992
ENSG00000236154	-0.28079452677007
ENSG00000171224	-0.438269368419539
ENSG00000042286	-0.567413006838555
ENSG00000079332	-0.215717833914134
ENSG00000148730	-0.141905796062706
ENSG00000280401	-0.398194311851362
ENSG00000107719	0.33736289983014
ENSG00000237512	-0.69934525878422
ENSG00000198246	0.103639933078551
ENSG00000279406	0.318211966569771
ENSG00000107736	-0.105044875054385
ENSG00000214688	-1.00701878370839
ENSG00000107738	-0.710355783314518
ENSG00000197746	-0.456649741815141
ENSG00000122863	-0.698085076870022
ENSG00000138303	-0.0717535665660943
ENSG00000166295	0.238825913894984
ENSG00000200170	0.310346866460854
ENSG00000168209	0.659159143415438
ENSG00000213700	-0.099776037387187
ENSG00000122884	-0.166781520856133
ENSG00000272630	-0.0349543680435348
ENSG00000122882	0.0313597483034825
ENSG00000213551	0.00287598870058573
ENSG00000182180	-0.10413559929204
ENSG00000227540	-0.0854232555076145
ENSG00000138279	-0.271251384009339
ENSG00000272791	-0.644763643999719
ENSG00000242338	-0.0887503722521213
ENSG00000250959	-0.0474648858295119
ENSG00000279088	0.0295699292561589
ENSG00000196968	-0.0640144347179532
ENSG00000288823	0.0980826249605897
ENSG00000272589	-0.32999101189813
ENSG00000166507	-0.106921367386086
ENSG00000148660	-0.0590107279144393
ENSG00000122861	0.206642559753469
ENSG00000272748	-0.12246736666716
ENSG00000156650	0.249348254547901
ENSG00000165644	-0.170442260874017
ENSG00000151208	0.117189780037191
ENSG00000148606	-0.164541415330952
ENSG00000108175	-0.197361512153183
ENSG00000165424	0.537964740318555
ENSG00000122852	-0.490349061429994
ENSG00000280355	1.30750949902123
ENSG00000242600	-0.380579767280617
ENSG00000133678	-0.0540532490467212
ENSG00000189129	-0.361606483901764
ENSG00000122359	-0.27427107756091
ENSG00000122378	-0.293041210194399
ENSG00000108219	-0.191501831081077
ENSG00000226659	0.437778247984408
ENSG00000287358	-0.618438231276827
ENSG00000285739	-0.197025656006829
ENSG00000288918	-0.42589103596013
ENSG00000285972	0.956167792484957
ENSG00000148604	-0.916421220353439
ENSG00000062650	0.109377164568403
ENSG00000227896	0.279323348396046
ENSG00000272631	-0.181441714114648
ENSG00000107779	-0.0754424201388264
ENSG00000173267	0.0399310258038194
ENSG00000272734	-0.638960546964284
ENSG00000200253	0.118566989039131
ENSG00000148672	-0.343183437542616
ENSG00000287077	0.231446123381025
ENSG00000286445	-0.128145051496275
ENSG00000198682	-0.400610367758788
ENSG00000227268	-0.33669592752341
ENSG00000213613	0.275298074163203
ENSG00000152766	0.588084736147601
ENSG00000026103	-0.441283086116012
ENSG00000138135	-0.279547716135614
ENSG00000232110	0.196436505865789
ENSG00000119917	-0.294674321310299
ENSG00000185745	0.493376264096954
ENSG00000152778	0.435292940290837
ENSG00000148688	-0.0162276775644754
ENSG00000119938	-0.367800334525558
ENSG00000107854	0.0345341315946339
ENSG00000174721	-0.218161707008169
ENSG00000095564	-0.236558163311625
ENSG00000198060	-0.0647250959841672
ENSG00000119912	-0.0516909970249485
ENSG00000152804	-0.487854419428237
ENSG00000138119	-0.226766913751454
ENSG00000148690	0.303851918898544
ENSG00000108231	-0.229574384055
ENSG00000108239	0.364099163664491
ENSG00000107438	-0.240333705741063
ENSG00000095637	-0.0843912541541418
ENSG00000059573	-0.316154875148464
ENSG00000119977	-0.705704238443085
ENSG00000138185	0.235300599820458
ENSG00000107443	-0.105119770621839
ENSG00000095585	0.313639504915829
ENSG00000197430	-0.00791587156012305
ENSG00000155629	0.255356545814612
ENSG00000236552	0.376742304941774
ENSG00000196233	0.127809336534751
ENSG00000187122	0.0113397415692481
ENSG00000213390	-0.268693561493481
ENSG00000165879	0.66336496287826
ENSG00000181274	0.449734752444699
ENSG00000052749	-0.115087768524598
ENSG00000171314	-0.221685257449466
ENSG00000171307	-0.172798418968429
ENSG00000155229	-0.288047896839569
ENSG00000165886	-0.544656132335354
ENSG00000241935	-0.788395918757276
ENSG00000203942	-0.416164631711262
ENSG00000155252	-0.481847633456458
ENSG00000119986	-0.359278256333459
ENSG00000155256	-0.301277140000765
ENSG00000120057	-1.46504960606326
ENSG00000095713	0.2044146890121
ENSG00000119943	-0.246683010747574
ENSG00000107521	-0.0914922416458656
ENSG00000287261	-0.0521010742251695
ENSG00000172987	0.0772773292658936
ENSG00000224934	0.0928590075668494
ENSG00000155287	-0.344324557298775
ENSG00000260475	-0.642999362438645
ENSG00000198018	-0.111815217580378
ENSG00000014919	-0.182034143945745
ENSG00000227695	-0.017285727431107
ENSG00000107566	-0.0590145232931733
ENSG00000213341	0.41375852980953
ENSG00000095485	-0.304701096694833
ENSG00000230224	-0.484632994876123
ENSG00000099194	0.88970556510617
ENSG00000235823	0.723522608377994
ENSG00000166136	0.0389497307299792
ENSG00000272572	-0.0456426689967027
ENSG00000055950	-0.112805897160519
ENSG00000107816	-0.26835099314942
ENSG00000186862	0.0686503676401202
ENSG00000107819	0.000735275474385705
ENSG00000107821	-0.0714377071629835
ENSG00000225208	0.402785953513119
ENSG00000166169	-0.362445847541983
ENSG00000107829	-0.0810918104570186
ENSG00000107833	0.0421248775866986
ENSG00000198408	-0.335703458046244
ENSG00000120029	-0.0881148849083214
ENSG00000166189	-0.53203076926874
ENSG00000198728	-0.268417693792267
ENSG00000148840	0.0110416765606211
ENSG00000166197	0.241937932626854
ENSG00000119915	-0.113318417110371
ENSG00000107859	0.152923888647087
ENSG00000107862	-0.278766943463053
ENSG00000077150	-0.697034387834486
ENSG00000269609	0.0222083379236263
ENSG00000107882	-0.16295365271561
ENSG00000272933	-0.315983640031556
ENSG00000171206	-0.0780798317331595
ENSG00000156398	-0.147540841090836
ENSG00000166272	-0.312294847246663
ENSG00000214435	-0.36437086618463
ENSG00000076685	0.00670486568942396
ENSG00000148798	0.690807990320471
ENSG00000156374	0.0279380764343257
ENSG00000148835	0.127451165253277
ENSG00000148843	-0.123021613654663
ENSG00000138172	0.0308974380357109
ENSG00000185933	0.083668373045596
ENSG00000107954	0.12416209207235
ENSG00000107957	0.102649313330303
ENSG00000107960	-0.165207396480858
ENSG00000148834	-0.650002054642908
ENSG00000065621	-0.357523589099065
ENSG00000231233	-0.270244894033958
ENSG00000108039	-0.219998379584942
ENSG00000148700	0.514736461917039
ENSG00000119950	0.341501058781554
ENSG00000228417	-0.261948829129664
ENSG00000119953	0.19410608236509
ENSG00000108055	0.194329150686264
ENSG00000150593	-0.0392520590695211
ENSG00000214413	0.236422042479783
ENSG00000278601	-0.143583677376095
ENSG00000270589	-0.0434232423904204
ENSG00000119927	-0.524587290002697
ENSG00000197142	-0.646455973186208
ENSG00000260917	0.480020460822797
ENSG00000148737	-0.237024713795491
ENSG00000165806	-0.151618907043823
ENSG00000198924	0.122112425515556
ENSG00000196865	-0.144981319676878
ENSG00000187164	0.64435689302694
ENSG00000287655	1.1262510639273
ENSG00000165646	0.0745795569189004
ENSG00000277879	0.0783617876504623
ENSG00000119973	-1.71042809860037
ENSG00000151893	-0.129224102060515
ENSG00000277687	-0.698392106697192
ENSG00000188613	-0.154651656624967
ENSG00000107581	0.558500830710749
ENSG00000289126	0.0465703866150041
ENSG00000148908	0.646688932650007
ENSG00000151923	0.375988897227335
ENSG00000151929	-0.912213237695179
ENSG00000198825	0.222932193157048
ENSG00000197771	-0.0488548131631871
ENSG00000107651	0.0715792867568118
ENSG00000177234	1.26222168165419
ENSG00000223432	0.00332442948718993
ENSG00000273891	-0.156186254294149
ENSG00000107679	0.378708413896972
ENSG00000166033	-0.525020591925761
ENSG00000179988	0.0208679485461253
ENSG00000095574	0.708151854639197
ENSG00000196177	0.0169187909577035
ENSG00000154478	0.498274057621217
ENSG00000288757	-0.335489929508173
ENSG00000182022	-0.431507582280419
ENSG00000189319	0.13677886324757
ENSG00000203791	-0.0425496394710985
ENSG00000019995	0.136395667672963
ENSG00000175029	-0.0626866967550693
ENSG00000188690	-0.301700309478569
ENSG00000107949	-0.175912462093519
ENSG00000089876	-0.199450514441518
ENSG00000287609	-0.162777021123668
ENSG00000235180	-0.264884018366856
ENSG00000150760	0.237127338694889
ENSG00000188916	-0.408355144461096
ENSG00000132334	0.119000992680598
ENSG00000227076	0.0116817536461423
ENSG00000108001	0.0240220718193961
ENSG00000277218	0.488612272997364
ENSG00000233122	0.567024281588928
ENSG00000108010	-0.139308560796421
ENSG00000176171	0.352640145908761
ENSG00000188385	0.39072409421456
ENSG00000235010	0.00164177582281578
ENSG00000151640	0.134297158697041
ENSG00000165752	-0.285898753298006
ENSG00000256925	0.615846201416719
ENSG00000197177	-0.0790972083722982
ENSG00000171798	-0.0905116020322526
ENSG00000151650	1.37014985539197
ENSG00000198546	0.467576103761299
ENSG00000130643	-0.318272652964317
ENSG00000148803	-0.413485359027886
ENSG00000127884	-0.552294091387589
ENSG00000177963	-0.500347625504704
ENSG00000185627	-0.520979313658395
ENSG00000255026	0.264403786947312
ENSG00000142102	0.450273889590077
ENSG00000185201	-0.641743367525917
ENSG00000185885	-0.627913278121746
ENSG00000254910	-0.0718969899907636
ENSG00000251661	-0.384238597704144
ENSG00000142089	-1.05336492654632
ENSG00000270972	-0.392594540468003
ENSG00000174775	-0.184124112846427
ENSG00000247095	-0.31325178307477
ENSG00000185507	-0.201169175537633
ENSG00000177042	0.109533310335446
ENSG00000177225	0.017104530559077
ENSG00000255284	0.152580505526536
ENSG00000177542	0.147738129153273
ENSG00000177595	0.358132747728508
ENSG00000177830	-0.654710472136137
ENSG00000287935	-0.0329456848028046
ENSG00000174672	0.142462256018267
ENSG00000285581	-0.0713251976505448
ENSG00000182208	-0.1247177262299
ENSG00000184545	0.161313546464581
ENSG00000205869	0.317153572774926
ENSG00000244242	0.71530956925768
ENSG00000117984	-0.221300501555593
ENSG00000235027	-0.183630778661983
ENSG00000229512	-0.26509896275838
ENSG00000130592	0.462015166901323
ENSG00000130600	0.0844101381511772
ENSG00000254647	1.01392570978496
ENSG00000180176	-0.0243897079398636
ENSG00000183734	0.432522304555994
ENSG00000110651	-0.921590452052213
ENSG00000184281	-0.284149511544778
ENSG00000237941	-0.51561308141149
ENSG00000181649	-0.336892740024773
ENSG00000183562	-0.0903926754914366
ENSG00000110619	-0.0766855119079735
ENSG00000021762	-0.139023235475432
ENSG00000284639	-0.0793051034743202
ENSG00000110713	-0.179755434261161
ENSG00000148985	0.0909655031145027
ENSG00000132109	0.00159839841022152
ENSG00000167333	-0.0200679286417824
ENSG00000244734	-0.496918242404938
ENSG00000223609	-0.196677384651975
ENSG00000213934	-0.143962083729256
ENSG00000258659	0.0659485676471371
ENSG00000132274	0.0602707391697427
ENSG00000181074	-0.238178017899829
ENSG00000267940	0.314602791339105
ENSG00000051009	-0.438276739735767
ENSG00000132259	-0.495717858839464
ENSG00000110171	0.190736087146476
ENSG00000132254	-0.429149290055921
ENSG00000132286	0.222406857748633
ENSG00000254595	-0.0071169729805929
ENSG00000166341	-0.713379709193537
ENSG00000158042	-0.230714949641229
ENSG00000175390	-0.212183504770684
ENSG00000166407	-0.0243438171040561
ENSG00000166436	-0.14583632487611
ENSG00000166444	-0.496282201448566
ENSG00000166452	-0.283085718759026
ENSG00000175348	-0.420237592899434
ENSG00000175352	0.297007049954627
ENSG00000184014	0.407772288013801
ENSG00000205339	0.680565508549204
ENSG00000268403	0.10159654999071
ENSG00000166478	0.187785182338508
ENSG00000166483	-0.344006148707931
ENSG00000243964	-0.234527357035775
ENSG00000133789	0.303460758190999
ENSG00000148926	-1.13358412755597
ENSG00000110315	0.663370543409111
ENSG00000072952	-0.929084536170092
ENSG00000198730	0.0277475591067919
ENSG00000247271	0.126012047150864
ENSG00000254598	-0.343239822417714
ENSG00000170242	0.1967521003699
ENSG00000197702	-0.089284284069997
ENSG00000187079	-0.0896840843769202
ENSG00000133794	-0.0586330987727268
ENSG00000262655	-0.610990395828218
ENSG00000129083	-0.159643755836398
ENSG00000129084	-0.108609874143922
ENSG00000186104	0.0542026431911343
ENSG00000110680	-0.420575503463876
ENSG00000011405	-0.0402200991221777
ENSG00000197149	-0.672833735405908
ENSG00000166788	-0.21460850229783
ENSG00000173432	-0.0169096904517914
ENSG00000134333	0.159730279513489
ENSG00000074319	-0.178858537818667
ENSG00000256464	-0.376565798449566
ENSG00000151117	0.151435972078051
ENSG00000270607	-1.16269254230431
ENSG00000185238	0.0603711901342351
ENSG00000183161	0.196146775055067
ENSG00000176971	-0.364045094734956
ENSG00000129151	-0.29817170986749
ENSG00000205213	-0.101301057404397
ENSG00000148943	0.0328425338134551
ENSG00000224411	0.248359981030374
ENSG00000007372	0.177482028787067
ENSG00000049449	-0.644973149656041
ENSG00000149100	-0.0703707066579173
ENSG00000270903	-0.97227314879246
ENSG00000060749	0.212249563354149
ENSG00000121690	0.365241845708588
ENSG00000176148	0.324217893710836
ENSG00000213713	1.35072768505902
ENSG00000280798	0.891456625738244
ENSG00000110422	0.122728754722103
ENSG00000205177	-1.05695649575771
ENSG00000085063	-0.470073083212007
ENSG00000135363	-0.844199038925835
ENSG00000135387	0.218627473083403
ENSG00000135372	-0.212303272956608
ENSG00000255521	0.0135366616827416
ENSG00000026508	-0.470791812089415
ENSG00000110436	-1.20888579556534
ENSG00000255542	-1.05258964680288
ENSG00000149090	-0.821498315283112
ENSG00000179431	-0.950756623751942
ENSG00000166326	0.650735249160236
ENSG00000110442	-0.0859907368157171
ENSG00000175104	-0.143665519957951
ENSG00000279675	0.570270898855703
ENSG00000052841	-0.0944662711636368
ENSG00000283341	0.318089652044545
ENSG00000149084	-0.234329860460281
ENSG00000166199	-0.245565556118849
ENSG00000213693	-0.458976454776987
ENSG00000187479	-1.37313411649964
ENSG00000151348	-0.135631972778577
ENSG00000175274	0.41401035042562
ENSG00000019505	0.298000780457023
ENSG00000254427	-0.0304892368037958
ENSG00000205106	-1.1272969982263
ENSG00000181830	-0.233489657057019
ENSG00000121671	-1.08409134236743
ENSG00000121680	-0.286700684805221
ENSG00000135365	0.167127696538394
ENSG00000157613	0.114954498887624
ENSG00000149091	-0.032126841273914
ENSG00000110492	-1.57949943844743
ENSG00000175224	0.0539915206566213
ENSG00000175213	-0.34354793692642
ENSG00000149182	-0.336064876482206
ENSG00000243802	-0.662684324159438
ENSG00000134574	-0.17335409503975
ENSG00000134575	-0.254847648891505
ENSG00000025434	-0.328716635879703
ENSG00000110514	0.43413619463942
ENSG00000066336	0.830801979096942
ENSG00000255197	0.517599724062158
ENSG00000123444	0.01212809562629
ENSG00000196666	-0.592645922449849
ENSG00000172247	-0.748123751423638
ENSG00000109919	0.11302655035839
ENSG00000254567	-0.207539610233058
ENSG00000183908	0.673064230501836
ENSG00000149136	-0.0513542601394612
ENSG00000134802	-0.369020201895201
ENSG00000186907	0.144848910836462
ENSG00000149150	-0.198792634606068
ENSG00000134809	-0.24327506952769
ENSG00000156587	-0.155779595382509
ENSG00000149131	-0.828481817967015
ENSG00000166793	0.846705741688792
ENSG00000172409	-0.378917633731721
ENSG00000156599	-0.0329323497818778
ENSG00000156603	-0.507850134940821
ENSG00000186660	0.739569647578929
ENSG00000166801	-0.147133141330924
ENSG00000197629	1.04806485928621
ENSG00000166900	-0.0312187788126326
ENSG00000254477	0.0572485680132092
ENSG00000234964	0.18628992929667
ENSG00000166902	-0.11629742434363
ENSG00000110077	1.59064682877774
ENSG00000166927	1.43651714878888
ENSG00000166928	1.09766559077218
ENSG00000110104	-0.153156150512458
ENSG00000183134	0.291688404717508
ENSG00000110107	-0.071408040583085
ENSG00000110108	-0.274007057383892
ENSG00000256196	-0.0855587455186032
ENSG00000110446	0.31390477866418
ENSG00000013725	0.0619620111467216
ENSG00000167987	-0.151453869299507
ENSG00000167986	-0.356128241138981
ENSG00000162144	0.0440175030921904
ENSG00000279246	0.229120536439692
ENSG00000149483	-0.202805817982306
ENSG00000187049	-0.176691474688452
ENSG00000149532	-0.124907989532258
ENSG00000167985	-0.416073486325371
ENSG00000162148	-0.508798639013233
ENSG00000255931	-0.235416977803846
ENSG00000011347	0.142147751955598
ENSG00000124920	0.696218617158801
ENSG00000168496	0.114163630031523
ENSG00000134824	-0.368219977661491
ENSG00000149485	-0.269930285839872
ENSG00000221968	-0.866946049579773
ENSG00000167995	-0.163474386021909
ENSG00000124935	-1.40132624059037
ENSG00000162174	-0.682462955155095
ENSG00000124942	-0.334070509013269
ENSG00000254772	-0.215076647170455
ENSG00000149016	-0.509624393532031
ENSG00000149480	-0.736508957209346
ENSG00000149499	-0.591259312269081
ENSG00000149489	-0.451844395044124
ENSG00000149541	-0.551753250921345
ENSG00000185085	-0.220940442540231
ENSG00000214756	-0.0101389612736819
ENSG00000204922	-0.0435274221438145
ENSG00000162191	0.0281429251633551
ENSG00000177363	-0.276513735316425
ENSG00000162188	0.462318590388266
ENSG00000214753	0.345557244563927
ENSG00000162222	0.24333131911133
ENSG00000168002	-0.540600987554785
ENSG00000267811	-0.453010859740823
ENSG00000162227	0.0756201302091527
ENSG00000185475	-0.581863812501868
ENSG00000162231	0.647551752712215
ENSG00000162236	-0.362615335127471
ENSG00000133316	-0.151781762360407
ENSG00000168003	-1.11253492178562
ENSG00000133321	-0.322580823815034
ENSG00000188070	-0.636015688715939
ENSG00000168005	-0.0583279491912432
ENSG00000072518	-0.0214864467707757
ENSG00000167771	0.0736476932673441
ENSG00000289486	-0.690967202017123
ENSG00000168439	0.129125937526267
ENSG00000149781	0.612719510977326
ENSG00000149761	-0.224908299582704
ENSG00000110011	-0.0336205660142729
ENSG00000173511	-0.00303972071491646
ENSG00000173457	-0.207091668547888
ENSG00000149782	-0.167352190144447
ENSG00000002330	-0.31465796968859
ENSG00000182450	-0.147311459662487
ENSG00000173113	0.234747226354669
ENSG00000162302	0.143029132618183
ENSG00000231680	0.470034359511664
ENSG00000181908	0.769723497700218
ENSG00000110076	0.16518250974139
ENSG00000289058	0.372072298693686
ENSG00000269038	0.265786347702191
ENSG00000168067	0.167799991938784
ENSG00000110047	-0.742686271947786
ENSG00000068971	0.275133055383444
ENSG00000168062	-0.343419975551593
ENSG00000213465	-0.220670028630906
ENSG00000110025	0.0950979812897248
ENSG00000168060	-0.398766533423461
ENSG00000149792	-0.337248288427566
ENSG00000255200	-0.273724108960999
ENSG00000014138	-0.0207020550284992
ENSG00000133884	-0.00196669284946888
ENSG00000126391	-0.450474300651048
ENSG00000173727	0.270245857460838
ENSG00000260233	0.608293851767807
ENSG00000173465	-0.475989412465286
ENSG00000176973	0.233674763969208
ENSG00000173442	-0.302537792023409
ENSG00000285533	0.2224168306903
ENSG00000172977	0.0859205627714149
ENSG00000172922	0.462517798918798
ENSG00000254470	0.349604673055978
ENSG00000172757	0.0521261444356132
ENSG00000172732	-0.0466159913415397
ENSG00000172638	-0.515273758378859
ENSG00000172500	-0.143946168437871
ENSG00000175592	-1.17239266028238
ENSG00000175376	-0.145149473476531
ENSG00000175334	0.208670727140072
ENSG00000175229	0.101208699629625
ENSG00000087365	-0.22876583410487
ENSG00000174996	0.332993788814973
ENSG00000254461	-0.430138474922391
ENSG00000174903	-0.38356370055911
ENSG00000174871	0.10253419733867
ENSG00000174744	-0.266328802196504
ENSG00000174669	-0.692561922446056
ENSG00000174576	-0.272743436988944
ENSG00000174547	-0.296544235303352
ENSG00000254986	-0.237087487998932
ENSG00000174483	-0.180642895449159
ENSG00000174165	-0.455922134176658
ENSG00000173992	-0.48820303255607
ENSG00000239306	-0.461740945248605
ENSG00000173933	-0.0900585037610908
ENSG00000173914	0.40082423400493
ENSG00000173898	0.407069258874165
ENSG00000173715	-0.0744186323330503
ENSG00000173156	-0.453651091167844
ENSG00000173020	0.556962000812796
ENSG00000172932	0.135601375501192
ENSG00000172830	-0.4262658772676
ENSG00000172613	-0.137293457316392
ENSG00000175482	-0.407261385634908
ENSG00000175505	-1.26795575960362
ENSG00000172508	0.784602944074101
ENSG00000175544	-0.162299115650237
ENSG00000110711	0.139943326505361
ENSG00000110697	0.1893079412689
ENSG00000167797	0.00791397473306843
ENSG00000084207	-0.536661707578468
ENSG00000231793	0.0499347776534767
ENSG00000132744	0.848678896517995
ENSG00000110057	0.0101823350455065
ENSG00000110719	0.264252155123368
ENSG00000110066	0.132403355042745
ENSG00000286369	-0.105079704660943
ENSG00000162337	-0.207455409211688
ENSG00000110075	-0.0712268379749728
ENSG00000110090	-0.318387971681495
ENSG00000255980	1.46220340673634
ENSG00000110092	0.66911697576724
ENSG00000168040	-0.257584948074544
ENSG00000131626	-0.183648754086033
ENSG00000172890	0.105001011273672
ENSG00000254924	0.233528001718239
ENSG00000286948	-0.253591098459537
ENSG00000204572	-0.238625312389222
ENSG00000137522	-0.213475039683519
ENSG00000137496	-0.443349397300803
ENSG00000137497	-0.044063171931611
ENSG00000184154	-0.471667333784309
ENSG00000149357	-0.454719076598094
ENSG00000110200	-0.00237395347992661
ENSG00000110195	-0.35448634669772
ENSG00000165457	1.12683799940167
ENSG00000165458	-0.415077244294198
ENSG00000227467	0.177840992487108
ENSG00000186635	0.395505739770897
ENSG00000286555	0.229719850325566
ENSG00000168010	0.583949708433919
ENSG00000175591	-0.248178979252656
ENSG00000171631	0.110041917461839
ENSG00000257038	-0.0553046310473522
ENSG00000054967	-0.356612886200168
ENSG00000054965	-0.119273080321705
ENSG00000175581	0.256135489130597
ENSG00000175575	0.083744217421975
ENSG00000175567	0.507078042516174
ENSG00000175564	0.250332352776304
ENSG00000168014	0.00824192243678112
ENSG00000165434	0.275580801554117
ENSG00000175538	0.243845932851526
ENSG00000254837	0.556340343742921
ENSG00000286943	0.182872179755354
ENSG00000162139	-0.0943363459924775
ENSG00000137491	0.134883337668862
ENSG00000137486	-0.26108545326698
ENSG00000158555	-0.118930015013443
ENSG00000149257	-1.47935524257947
ENSG00000255434	-0.165986749674208
ENSG00000179240	0.282888723539713
ENSG00000158636	-0.0172926757032029
ENSG00000137507	-1.12192617714437
ENSG00000182704	-1.00289329445348
ENSG00000149260	-0.377728840184939
ENSG00000137474	0.412478597027617
ENSG00000149269	0.402089541704035
ENSG00000074201	-0.0256174256115855
ENSG00000178301	-0.27796327384446
ENSG00000048649	0.130972501300404
ENSG00000227097	0.0823851790894693
ENSG00000137509	-0.832988017760922
ENSG00000137502	0.138263800957014
ENSG00000137504	0.408016625527739
ENSG00000179071	-0.115739049276318
ENSG00000074266	0.18227121548066
ENSG00000255222	0.564659927678839
ENSG00000150687	-0.423028831613805
ENSG00000197882	-0.565607177790421
ENSG00000280339	-0.544756139189397
ENSG00000109861	0.470007806483999
ENSG00000110172	0.351830824796374
ENSG00000166002	-0.0267468540148854
ENSG00000166004	0.0744987188716616
ENSG00000279696	0.289903431087471
ENSG00000182919	0.103195147683577
ENSG00000042429	0.0965766728255429
ENSG00000214376	0.143352115546857
ENSG00000110218	0.0923585675102642
ENSG00000020922	-0.00771569879186811
ENSG00000168876	0.10585731514288
ENSG00000196371	0.146024305041565
ENSG00000166025	-0.406241339995548
ENSG00000277984	-0.50730457379282
ENSG00000263465	0.138378667634946
ENSG00000149212	-0.208817351742548
ENSG00000166037	-0.0296835004343469
ENSG00000248027	-0.0944670542897854
ENSG00000255504	-0.327123879542892
ENSG00000277459	-0.652092395771345
ENSG00000137693	-0.355147345508828
ENSG00000152558	-0.448250050513662
ENSG00000255337	0.144548675698172
ENSG00000196954	-0.187057065650737
ENSG00000137752	0.776912080522736
ENSG00000204397	0.0308733609128576
ENSG00000152578	0.447877482786135
ENSG00000182359	0.0537090109624946
ENSG00000152404	0.100851755044925
ENSG00000075239	-0.178187502021807
ENSG00000149311	0.296987856693139
ENSG00000178202	-0.471758422304268
ENSG00000137710	0.307532185585468
ENSG00000287245	-0.103263183859107
ENSG00000149289	-0.0518402651523561
ENSG00000196167	-0.180398519374321
ENSG00000214290	-0.392157427696135
ENSG00000086848	-0.221602151735913
ENSG00000255561	0.0181225617296787
ENSG00000137720	-0.382524872666937
ENSG00000150773	-0.376493752938574
ENSG00000150776	0.335047487188111
ENSG00000150779	-0.330329162756398
ENSG00000150782	0.823158311740733
ENSG00000197580	0.19003333340788
ENSG00000150787	0.0165533573261256
ENSG00000247416	-0.138435571868271
ENSG00000149292	-0.367401054330401
ENSG00000170209	-0.196104551176762
ENSG00000149295	-0.152503577736339
ENSG00000086827	-0.112234754136082
ENSG00000048028	0.0452151778940121
ENSG00000109906	0.342330307887246
ENSG00000180425	0.352400845242736
ENSG00000076053	0.0394957046470995
ENSG00000246100	-0.0274334540626415
ENSG00000160584	0.0199559938060785
ENSG00000149577	-0.0271155431357089
ENSG00000160613	-0.123783043717107
ENSG00000278768	0.187230046555758
ENSG00000276505	0.434299795301217
ENSG00000177103	0.0862130520347085
ENSG00000110324	0.79232955014861
ENSG00000149573	-0.951939863501504
ENSG00000198851	-0.0714471163701878
ENSG00000167286	-0.241300580385334
ENSG00000110344	0.10227580146849
ENSG00000118058	0.122010043522584
ENSG00000255435	0.0747483128817071
ENSG00000118096	-0.00133150212098187
ENSG00000019144	0.181235635560436
ENSG00000255176	-0.495285483871343
ENSG00000110367	0.170579627465801
ENSG00000278376	-0.151090712715007
ENSG00000254909	-0.805584021560564
ENSG00000196655	-0.389371162309787
ENSG00000137700	-0.0141656106354552
ENSG00000149428	-0.0413341207973343
ENSG00000188486	-0.535413133719657
ENSG00000172269	0.265950106671768
ENSG00000172273	-0.0425294528188879
ENSG00000172350	0.438733707523834
ENSG00000160703	-0.328494946923881
ENSG00000036672	-0.947631053327433
ENSG00000154096	0.617513894149389
ENSG00000230716	-0.588287505393737
ENSG00000255216	0.150334910509546
ENSG00000181264	-0.474088843497218
ENSG00000196914	-0.000283044291908695
ENSG00000154114	0.103974142970335
ENSG00000137642	0.492920390585684
ENSG00000255248	-0.031384489127175
ENSG00000154127	0.0160307310823266
ENSG00000200879	0.457088805692119
ENSG00000166257	0.102642180485044
ENSG00000110002	0.0240832386654424
ENSG00000120458	0.159345968992285
ENSG00000154134	-0.584877947420613
ENSG00000165478	-0.519747198016825
ENSG00000285825	-0.349354480664264
ENSG00000134955	0.704264388052264
ENSG00000150433	-0.0943977893096588
ENSG00000134910	-0.26919337460044
ENSG00000198331	0.28525597447752
ENSG00000110060	0.0443601681378622
ENSG00000165526	0.466163327708977
ENSG00000197798	0.0652967950088063
ENSG00000182934	0.0521570190371827
ENSG00000110063	-0.0687015968833818
ENSG00000280832	-0.0740467919838946
ENSG00000134954	-0.264808094400573
ENSG00000151702	-0.15821552198767
ENSG00000254703	-0.66069664038232
ENSG00000120457	0.538241937602737
ENSG00000134909	0.00292513155289483
ENSG00000233220	-0.485210429067405
ENSG00000255057	-0.124160089660589
ENSG00000084234	-0.348622228798898
ENSG00000196323	0.299227643587536
ENSG00000120451	0.346200019168501
ENSG00000224795	0.0906857588211996
ENSG00000080854	0.0370579425770082
ENSG00000204241	-0.198360776354346
ENSG00000254648	-0.347255077408599
ENSG00000151503	0.21298415886183
ENSG00000151500	0.122459132071994
ENSG00000151498	0.108781070725966
ENSG00000120645	0.192661011413282
ENSG00000111181	0.234557984325805
ENSG00000010379	-0.036783762663513
ENSG00000261799	0.298136447771742
ENSG00000177406	-0.0910362599325266
ENSG00000060237	0.629031056816173
ENSG00000002016	-0.0659941475653764
ENSG00000250132	0.152048479962059
ENSG00000006831	0.220105847892924
ENSG00000235049	0.64568817227248
ENSG00000151065	-0.0754632354662606
ENSG00000256271	-0.342071763001664
ENSG00000274659	0.397957151327646
ENSG00000004478	-0.295056102666093
ENSG00000111203	-0.0942087468993547
ENSG00000053702	0.69700795615527
ENSG00000171792	-0.222176734518411
ENSG00000078246	-0.12268040399322
ENSG00000197905	-0.260433563453367
ENSG00000250899	-0.535772335914424
ENSG00000118971	0.469003144183404
ENSG00000078237	0.134717564424039
ENSG00000139180	-0.227743206460196
ENSG00000130035	0.0540785693915571
ENSG00000130037	0.690947809093091
ENSG00000110799	-1.42291333523922
ENSG00000067182	-0.512203140964934
ENSG00000111321	-0.0609093475493091
ENSG00000256433	0.127590390745011
ENSG00000213942	0.170350390299449
ENSG00000215039	-0.0922045957281547
ENSG00000139193	0.0468901996406401
ENSG00000139192	-0.622785042746993
ENSG00000010292	0.269566019727324
ENSG00000010295	0.329119283903465
ENSG00000111642	0.0372953949944763
ENSG00000184574	1.21553989064151
ENSG00000111644	0.239310374178332
ENSG00000111653	0.284352624195482
ENSG00000126746	0.107097982088818
ENSG00000139200	0.65357149223248
ENSG00000111652	-0.185633030372141
ENSG00000269892	-0.352999573103854
ENSG00000159335	0.158692774741294
ENSG00000089692	0.330823399016126
ENSG00000010610	0.641497415198618
ENSG00000250510	0.728621667580326
ENSG00000111667	-0.158582090462114
ENSG00000111671	-0.15166444574748
ENSG00000111674	0.277618317897205
ENSG00000111679	0.949243483729936
ENSG00000215021	-0.349682483052056
ENSG00000238795	0.0585460600027125
ENSG00000111684	-0.0540520618379695
ENSG00000182326	-0.831151417201701
ENSG00000159403	-1.07304951240634
ENSG00000139178	-0.349591600549945
ENSG00000139194	-0.312507153945947
ENSG00000256967	-0.398049935899811
ENSG00000139182	0.288808378032319
ENSG00000139197	0.257556606393781
ENSG00000177575	0.303673025479427
ENSG00000059804	0.196988107198824
ENSG00000255581	0.730650199658747
ENSG00000171860	1.46519978353994
ENSG00000089818	0.206330483147425
ENSG00000279865	-0.0568866885014006
ENSG00000111729	-0.00108082185693134
ENSG00000226711	0.0525687880447101
ENSG00000276417	0.214167946546231
ENSG00000275367	-0.131460666219753
ENSG00000242661	-0.568577909483212
ENSG00000166523	-0.123657431429868
ENSG00000166532	-0.27822937901973
ENSG00000249790	-0.292787999342001
ENSG00000166535	0.0489812750111699
ENSG00000003056	0.161239466456883
ENSG00000245105	-0.063249154127471
ENSG00000175899	-0.500481636526695
ENSG00000237248	0.299509384739239
ENSG00000256427	0.469852940882785
ENSG00000110848	0.4081474735652
ENSG00000110852	-0.433423866547839
ENSG00000197992	0.375019786252137
ENSG00000172243	1.29356283874027
ENSG00000173391	2.15449772248268
ENSG00000165685	0.307957484166765
ENSG00000183542	0.426339746758824
ENSG00000205810	0.528849700152646
ENSG00000111196	-0.196556381229672
ENSG00000060138	-0.464990885582997
ENSG00000111215	0.293497776547638
ENSG00000139083	-0.0439195629779976
ENSG00000070018	0.0654154929710765
ENSG00000243141	-0.094947655146158
ENSG00000205791	-0.188788306698756
ENSG00000111269	0.91177692010482
ENSG00000183150	-0.0248315208855215
ENSG00000111276	0.582645941214223
ENSG00000178878	-1.02784272480807
ENSG00000013588	-0.347875116912255
ENSG00000013583	-0.355207521398035
ENSG00000183935	-0.503514056462457
ENSG00000134531	-1.82342771194754
ENSG00000171681	0.172585516202943
ENSG00000246705	-0.587787171293793
ENSG00000084463	0.344904842971573
ENSG00000023697	0.0677994349529976
ENSG00000008394	-0.681782843009849
ENSG00000287074	0.464103004284378
ENSG00000139155	-0.17846334161961
ENSG00000084453	0.608956369582779
ENSG00000004700	-0.0481663228676263
ENSG00000111711	0.115337316747435
ENSG00000134548	-0.0878646013156991
ENSG00000111716	-0.333657954536441
ENSG00000121361	-0.393715288720824
ENSG00000069431	-0.230156262973697
ENSG00000060982	0.159286653045254
ENSG00000205707	0.474777177641352
ENSG00000275197	0.0510545546692925
ENSG00000246695	0.116336500913299
ENSG00000123094	0.06271870545534
ENSG00000123095	0.606009532668008
ENSG00000123096	-0.0306161599134423
ENSG00000111790	0.304750023786673
ENSG00000064115	0.144019355638257
ENSG00000152944	0.233298571106287
ENSG00000275764	0.362609369089137
ENSG00000276261	0.342174269621715
ENSG00000061794	-0.114438202234151
ENSG00000273989	-0.775593273632871
ENSG00000273680	0.321342880341646
ENSG00000133704	-0.0154234223549728
ENSG00000110900	-0.222263279566688
ENSG00000013573	0.193810126810454
ENSG00000139146	-0.0813505137197802
ENSG00000139160	0.034506996093278
ENSG00000174718	0.253944600468792
ENSG00000276136	0.399793139444599
ENSG00000277342	-0.564031823431824
ENSG00000274964	-0.209163011216241
ENSG00000139132	-0.111104159199643
ENSG00000276148	0.0739343396308781
ENSG00000139131	-0.103244950317484
ENSG00000139133	-0.0171451855399505
ENSG00000175548	-0.267750542388159
ENSG00000257718	-0.728846591365728
ENSG00000173208	-0.106689761566211
ENSG00000188906	0.27850770841199
ENSG00000151233	-0.0018877992550196
ENSG00000015153	-0.0166962515529495
ENSG00000134283	-0.0549615233562724
ENSG00000139168	0.279100898417722
ENSG00000198001	-0.0784225092849584
ENSG00000151239	0.50293793503073
ENSG00000185610	-0.130378172533631
ENSG00000177119	-0.240262912976969
ENSG00000273015	0.151382683924481
ENSG00000139218	-0.0931939211999642
ENSG00000289046	0.0798802541399985
ENSG00000134294	0.910557797269068
ENSG00000247774	1.02642993747143
ENSG00000276390	-0.729557631503219
ENSG00000257433	-0.439479895488001
ENSG00000111405	-0.406796613199297
ENSG00000280054	-0.626906581379812
ENSG00000079337	-0.313705518659033
ENSG00000061273	-0.580996368758447
ENSG00000268069	-0.0375762059835848
ENSG00000276691	-0.0630195493400646
ENSG00000079387	-0.130961299785486
ENSG00000177981	-0.0863296885044036
ENSG00000274124	-0.699012063621059
ENSG00000177875	0.298009426157679
ENSG00000172640	0.0268617105848119
ENSG00000167528	0.248194619187689
ENSG00000257763	0.0770273228585509
ENSG00000273765	-0.245141713441381
ENSG00000226413	0.054586070408623
ENSG00000167535	-0.025788680706191
ENSG00000174243	0.361553935230589
ENSG00000172602	0.143236130493962
ENSG00000239617	-0.533318574293943
ENSG00000134285	-0.0684634773113059
ENSG00000181929	-0.136494580188835
ENSG00000277672	-0.412180049238232
ENSG00000123416	-0.0387956658174917
ENSG00000167552	-0.225843355586267
ENSG00000167553	-0.381690328830017
ENSG00000135406	0.602162269992171
ENSG00000187778	-0.0109579068860162
ENSG00000161791	-0.0330493423109512
ENSG00000139644	-0.456542007724969
ENSG00000258057	-0.0820345046096739
ENSG00000186666	0.0565064842093361
ENSG00000086159	0.35228825507202
ENSG00000161800	0.214234893704382
ENSG00000110881	0.238579450690534
ENSG00000167588	0.249348025493465
ENSG00000161813	0.00894087195972557
ENSG00000123268	0.215697731649573
ENSG00000185432	-0.241149441614014
ENSG00000110911	0.391167264703416
ENSG00000050426	0.0200177253486686
ENSG00000135457	0.00756750783519586
ENSG00000183283	0.28326829951988
ENSG00000110934	0.7977066399155
ENSG00000050438	0.115098611041284
ENSG00000284730	-0.595031213791351
ENSG00000139567	-1.42312376721822
ENSG00000161835	-1.39163054591727
ENSG00000123358	-0.741319912900838
ENSG00000259884	1.03798561708309
ENSG00000287051	0.0823829601874923
ENSG00000205420	0.312975040214519
ENSG00000186081	0.639331294261505
ENSG00000170477	0.129593272607817
ENSG00000063046	0.603962479958943
ENSG00000111077	-0.126811631908258
ENSG00000139631	-0.00883927500042158
ENSG00000139651	0.294138984154163
ENSG00000172819	-0.374880123472317
ENSG00000182544	-0.108451941191572
ENSG00000139637	-0.0798612353639354
ENSG00000094914	-0.169974569282025
ENSG00000185591	0.166549828623557
ENSG00000205352	-0.101546582846341
ENSG00000270175	-0.221184657990411
ENSG00000139546	0.0268831281294915
ENSG00000139574	0.347637450391348
ENSG00000170653	-0.0559638698482626
ENSG00000135390	-0.0694635618236943
ENSG00000012822	0.251523805147922
ENSG00000250742	0.724907388018534
ENSG00000260470	-0.0835479933619087
ENSG00000094916	0.487621617785674
ENSG00000123405	0.098761413484829
ENSG00000111481	-0.329711806188196
ENSG00000139572	0.919224617998427
ENSG00000161642	0.189377681583202
ENSG00000161638	-1.00053552996017
ENSG00000123338	0.692891527182355
ENSG00000161634	0.356658178947102
ENSG00000170439	-0.711639625019
ENSG00000135404	-0.516954164040682
ENSG00000258056	0.380092715390067
ENSG00000135414	0.646440769945162
ENSG00000205323	-0.183155439060522
ENSG00000123353	-0.50569875113177
ENSG00000182796	0.223956153920166
ENSG00000123342	-0.357831764315574
ENSG00000273973	0.0222452720367906
ENSG00000111540	0.279225522356279
ENSG00000237493	0.758809078821443
ENSG00000273890	0.405426025614299
ENSG00000197728	0.0860492819518229
ENSG00000065361	0.856151831303164
ENSG00000139641	-0.0827632893360985
ENSG00000092841	-0.339743231300053
ENSG00000139613	0.469555927169512
ENSG00000135469	0.152013285319628
ENSG00000257303	-0.240406075581533
ENSG00000135473	0.610329193082572
ENSG00000111602	0.171961547404519
ENSG00000176422	0.206956820788065
ENSG00000025423	-0.275370578399293
ENSG00000139547	0.104079681786191
ENSG00000166860	0.174308598765532
ENSG00000166881	-0.0754651760351993
ENSG00000182199	-0.0313327070099082
ENSG00000185482	0.57282516327271
ENSG00000179912	0.296430190148804
ENSG00000123329	1.11149110750449
ENSG00000166986	0.0298670544072208
ENSG00000175197	-0.680512336909293
ENSG00000166987	0.15935889879238
ENSG00000155980	0.702162308863542
ENSG00000240771	0.2694214259004
ENSG00000135454	-0.10578666977646
ENSG00000135506	-0.246554130673858
ENSG00000135439	0.481864476014501
ENSG00000135446	-0.427243164588255
ENSG00000037897	-0.584583082175506
ENSG00000135407	-0.059410644521775
ENSG00000175215	0.185156505283156
ENSG00000273805	-0.86493605762239
ENSG00000135655	0.105633072141827
ENSG00000257354	-0.379579695710897
ENSG00000275180	0.107758561956684
ENSG00000139239	0.404120369901844
ENSG00000118600	-0.128070767389687
ENSG00000255642	0.759719620328418
ENSG00000174206	0.175567765310428
ENSG00000183735	0.167696605563361
ENSG00000135677	-0.299259142104101
ENSG00000127334	0.202908910094587
ENSG00000111554	0.0972484276969197
ENSG00000127314	-0.107653554746742
ENSG00000111581	-0.126881925199675
ENSG00000135679	-0.379075119552618
ENSG00000166225	0.219160977448722
ENSG00000166226	-0.0407560567472195
ENSG00000127325	0.0411668818378546
ENSG00000277247	0.842982190757275
ENSG00000139292	0.1941961956086
ENSG00000277223	0.496143273968165
ENSG00000133858	0.204684916717621
ENSG00000173451	0.412685242718972
ENSG00000121749	0.208088172301385
ENSG00000253719	0.473255771421568
ENSG00000180481	-0.305500440623788
ENSG00000139278	0.598090803720275
ENSG00000139289	0.352789679134705
ENSG00000187109	0.53045866255458
ENSG00000179941	0.60094087609924
ENSG00000175183	-0.738395678285512
ENSG00000067715	0.225188850010702
ENSG00000177425	-0.278302855898441
ENSG00000257557	-0.0957438999907249
ENSG00000230291	0.798522191267461
ENSG00000111058	-0.104662161115412
ENSG00000133773	-0.0467854727799246
ENSG00000257431	0.0692559875910227
ENSG00000072041	0.3643041125291
ENSG00000133641	0.099048155850933
ENSG00000198707	0.0280193349072839
ENSG00000257594	-0.385687880956061
ENSG00000270344	0.164674367766465
ENSG00000133639	0.380164851629622
ENSG00000173598	-0.327453937184295
ENSG00000177889	0.101140235903379
ENSG00000246985	-0.113983565607438
ENSG00000120833	-0.481896401419744
ENSG00000186076	0.0258790573432455
ENSG00000271382	0.00165456170186865
ENSG00000258365	-0.197289283991291
ENSG00000057704	0.325428596857725
ENSG00000120798	0.1189060251675
ENSG00000074527	0.113926018471782
ENSG00000139343	-0.203571373463956
ENSG00000111144	0.0624061211739324
ENSG00000111145	-0.357990390335481
ENSG00000139350	-0.0207297278859166
ENSG00000227825	0.200859939112729
ENSG00000120802	0.354785732776988
ENSG00000075415	-0.213355191830807
ENSG00000166130	0.0761474168156759
ENSG00000120868	0.297049131933998
ENSG00000279148	-0.223316360175941
ENSG00000280088	0.404052425744025
ENSG00000136021	0.0359801340450752
ENSG00000258007	-0.270800353826854
ENSG00000120805	-0.0975553823527033
ENSG00000274560	-2.11227635633592
ENSG00000111666	-0.496490231456169
ENSG00000120860	-0.205667514665895
ENSG00000075188	-0.0745843685834648
ENSG00000139352	0.629981119079547
ENSG00000166598	-0.287132378980469
ENSG00000204954	0.0380242370898914
ENSG00000120837	0.672696202571939
ENSG00000198431	-0.601054095023893
ENSG00000136044	-0.263316662676737
ENSG00000074590	0.577078419573531
ENSG00000136026	-0.40700471722937
ENSG00000277715	-0.477434495678565
ENSG00000166046	-0.0759315876607193
ENSG00000111783	-0.438505776141251
ENSG00000257711	-0.453261465269874
ENSG00000120832	0.280659877098776
ENSG00000008405	-0.0534102094199998
ENSG00000136045	-0.215222620525949
ENSG00000174600	0.170700589972795
ENSG00000198855	-0.44211877991935
ENSG00000183160	1.71049261020949
ENSG00000110876	1.92625632763658
ENSG00000084112	0.191419821423746
ENSG00000274598	0.16511255373011
ENSG00000135093	-0.0985573338411225
ENSG00000189046	-0.388222513122398
ENSG00000076248	-0.406662184427517
ENSG00000076555	-0.494949030342511
ENSG00000151148	-0.0374773409596043
ENSG00000139428	-0.0920662304038115
ENSG00000110921	0.0325815924454354
ENSG00000139438	0.2677176451863
ENSG00000139433	0.134471218158752
ENSG00000139437	0.404609696203655
ENSG00000139436	0.239332486386399
ENSG00000277299	0.734729424614403
ENSG00000174456	0.499609569974677
ENSG00000286220	0.790870094626107
ENSG00000122970	0.0306946947800025
ENSG00000289311	0.260185367886389
ENSG00000196510	0.0146641945612829
ENSG00000111229	0.0227029230243732
ENSG00000111231	0.0199226755771246
ENSG00000241680	-0.477225872730371
ENSG00000278993	-0.159279150423984
ENSG00000204852	-0.454511634872373
ENSG00000122986	-0.619981306164242
ENSG00000186298	0.170585204094388
ENSG00000258240	0.0635442421815492
ENSG00000198324	-0.339205910174249
ENSG00000111271	-0.269468798094664
ENSG00000111275	-0.227107383493717
ENSG00000234608	0.223819722143865
ENSG00000198270	-0.170427040451487
ENSG00000089248	-0.0190523005662366
ENSG00000179295	0.613098609553167
ENSG00000089169	0.107838142070531
ENSG00000089127	0.107716935503647
ENSG00000111331	-0.349286250457522
ENSG00000111335	-0.346281251754553
ENSG00000135144	-0.385382378442603
ENSG00000123064	-0.2923456776634
ENSG00000166578	-0.232791440965109
ENSG00000186815	-0.455185348537598
ENSG00000089060	-0.220719451702449
ENSG00000151176	0.0759209872455638
ENSG00000135094	-1.34728453962219
ENSG00000139410	-1.12456179498567
ENSG00000135111	-0.650456608979874
ENSG00000123066	0.0561311664628529
ENSG00000196668	-0.0974023908399204
ENSG00000275898	-0.143075597559018
ENSG00000111412	0.128152707038276
ENSG00000135116	-0.0111248104730819
ENSG00000088992	-0.25697772677531
ENSG00000135108	-0.238892244350818
ENSG00000111445	-0.116018988551973
ENSG00000176834	-0.169120572593705
ENSG00000135090	0.343515900741966
ENSG00000270482	0.338588334609068
ENSG00000275759	0.362489119897425
ENSG00000255618	-0.205507273825712
ENSG00000111725	-0.505603976774185
ENSG00000122966	0.0464809999911058
ENSG00000135127	0.0534947652390558
ENSG00000111737	-0.235248796201036
ENSG00000277283	-0.142655539814817
ENSG00000089157	-0.490394859083205
ENSG00000255857	-0.160185944076445
ENSG00000123009	-0.404677754757203
ENSG00000089163	0.341678283647586
ENSG00000135097	-0.27391373898789
ENSG00000170855	0.063200745140773
ENSG00000219355	-0.753350345028152
ENSG00000088986	0.425256540699286
ENSG00000278344	0.822806582427405
ENSG00000110871	-0.163565609651395
ENSG00000022840	-0.0316799318392514
ENSG00000289401	-0.0294540776596804
ENSG00000167272	-0.220270011757399
ENSG00000157782	0.305791943417914
ENSG00000110917	-0.25870114113082
ENSG00000175970	-0.069316143758136
ENSG00000122971	-0.581839120605077
ENSG00000157837	-0.11790657559576
ENSG00000135114	-0.383054416793366
ENSG00000089041	0.479901136208274
ENSG00000286248	0.279151255901284
ENSG00000135124	0.0199124219849558
ENSG00000110931	0.310691839819708
ENSG00000170633	0.201692466240003
ENSG00000089094	0.103316198030481
ENSG00000212694	0.35967965314363
ENSG00000272849	0.17564934758337
ENSG00000110801	-0.261479036162057
ENSG00000110987	0.0168201377327862
ENSG00000256546	-0.219738801469824
ENSG00000158113	-0.0554577732697907
ENSG00000139719	-0.232152942884954
ENSG00000130779	-0.108677535568052
ENSG00000033030	0.0858393365640704
ENSG00000111011	0.133591762760837
ENSG00000274191	0.301153151976133
ENSG00000182782	1.09390800020788
ENSG00000255398	0.975944647701983
ENSG00000139726	0.37634858204383
ENSG00000130787	0.233038042446094
ENSG00000139722	-0.492732076320199
ENSG00000182196	0.203363714943
ENSG00000280120	0.287232856620139
ENSG00000130921	-0.0132633179256018
ENSG00000150977	-0.325817508479903
ENSG00000184209	0.221543639911186
ENSG00000111361	0.066210627022538
ENSG00000111358	-0.0434951653323091
ENSG00000279953	0.129265960583909
ENSG00000168778	-0.388846397046478
ENSG00000185344	-0.105842167815618
ENSG00000119242	0.268301758844334
ENSG00000270130	0.050303654642285
ENSG00000179195	0.504245328247594
ENSG00000256827	-0.757554513082071
ENSG00000196498	0.143485082399021
ENSG00000150991	-0.00669454335284011
ENSG00000241129	-0.196623370533355
ENSG00000150990	-0.062679738082145
ENSG00000278266	-0.0429451345865031
ENSG00000111432	0.163396044819161
ENSG00000111450	0.123938611829515
ENSG00000132341	0.241631874342231
ENSG00000177192	0.125942142199293
ENSG00000279640	-0.0501229727092065
ENSG00000185163	-0.332743861793735
ENSG00000277011	0.125066053097908
ENSG00000255916	0.0790509320839457
ENSG00000279113	0.434319634355444
ENSG00000280287	-0.00399570649360265
ENSG00000247077	-0.0971667619848151
ENSG00000176915	-0.201155089960596
ENSG00000196458	0.324998224623726
ENSG00000198040	0.249275086406615
ENSG00000214029	0.0574019070848655
ENSG00000256223	-0.275372825111095
ENSG00000090612	-0.103997548490922
ENSG00000196199	0.479052857108519
ENSG00000121390	-0.0821927765758115
ENSG00000132950	0.0888757231026044
ENSG00000289235	-0.388502044459495
ENSG00000121741	-0.0286238014604124
ENSG00000237672	-0.406761065019846
ENSG00000165474	-1.16564917304319
ENSG00000121742	-1.48896158603655
ENSG00000165475	-0.263291461993243
ENSG00000277020	0.285608057580819
ENSG00000032742	-0.0116450527531771
ENSG00000172458	-0.360471942194349
ENSG00000279135	-0.467706196317983
ENSG00000150459	0.117256189886995
ENSG00000233325	0.177236522053368
ENSG00000215571	0.506446211060242
ENSG00000180776	0.980163331343132
ENSG00000182957	0.0722195875114687
ENSG00000228741	-0.149546323902394
ENSG00000102699	0.035068728647711
ENSG00000165566	0.992023397007768
ENSG00000139496	-0.177193325943694
ENSG00000122035	-0.24043387209186
ENSG00000122034	0.454783239787129
ENSG00000261485	0.140254971246715
ENSG00000152520	-0.0220984650094958
ENSG00000139508	-0.0457621501516316
ENSG00000233588	-0.203261423951547
ENSG00000279149	-0.314049915486299
ENSG00000189403	0.247930870367334
ENSG00000213411	0.272260962586215
ENSG00000132965	0.963012532427488
ENSG00000102802	-0.395206489512085
ENSG00000120694	-0.0492993740445714
ENSG00000277151	0.089338852107997
ENSG00000133121	-0.00771079404426491
ENSG00000276672	0.288538427750881
ENSG00000133104	0.186905025666679
ENSG00000133111	0.365384066851767
ENSG00000120693	0.235519741704857
ENSG00000120697	-0.315170737096893
ENSG00000102710	0.0455278442944807
ENSG00000120685	0.0531549887419214
ENSG00000273507	0.0356947923251747
ENSG00000183722	-0.434855907327898
ENSG00000150907	-0.251807828820905
ENSG00000215482	0.284231238926031
ENSG00000120696	0.589437500706072
ENSG00000120662	0.215872435026556
ENSG00000277662	-1.17690570782223
ENSG00000102760	0.357503316919546
ENSG00000151778	-0.128787514432796
ENSG00000102804	-0.84360180468448
ENSG00000083635	0.0434920801824314
ENSG00000265802	-0.515821927404093
ENSG00000188342	-0.0506983771722115
ENSG00000180332	0.463226919305906
ENSG00000170919	0.0397842368529098
ENSG00000174032	0.159489053367055
ENSG00000123200	0.357705544598313
ENSG00000235903	0.39971321643417
ENSG00000136167	0.438021221594151
ENSG00000173988	0.105007011286309
ENSG00000102445	-0.134458490536365
ENSG00000285576	-0.580997854535906
ENSG00000136159	0.357226229855504
ENSG00000139687	0.153946413319197
ENSG00000139679	0.467262964650446
ENSG00000136161	0.417840055219815
ENSG00000225131	-0.590038730564483
ENSG00000275202	-0.470733494721123
ENSG00000102543	0.0105568388510957
ENSG00000136144	0.360037213513511
ENSG00000152213	0.573541906813237
ENSG00000123179	-0.224141116979318
ENSG00000198553	-0.361408539914508
ENSG00000150510	0.44732461745859
ENSG00000102786	0.0182276550510833
ENSG00000224892	0.287056621835551
ENSG00000139668	-0.039424442010475
ENSG00000102796	0.0311263427826237
ENSG00000231856	-0.220241330027914
ENSG00000123191	-0.161054345777587
ENSG00000273523	-0.120739427284562
ENSG00000136098	0.107565345986753
ENSG00000273723	0.320598714073537
ENSG00000165416	0.265002290765296
ENSG00000136099	-0.0274805554915634
ENSG00000288765	-0.302737433358442
ENSG00000083544	-0.012129932160962
ENSG00000280165	1.18577406937469
ENSG00000184226	0.213188614669814
ENSG00000083520	-0.169112766970331
ENSG00000188243	-0.0878837229265851
ENSG00000178695	0.153802597687407
ENSG00000102805	-0.422118344525752
ENSG00000274898	-0.20896819366673
ENSG00000136160	-0.472780541872768
ENSG00000152192	-0.367759775902806
ENSG00000178235	1.11317942772834
ENSG00000272515	0.613175542465394
ENSG00000165300	0.603638004736808
ENSG00000088451	-0.00833484342268994
ENSG00000227640	0.0331556760031986
ENSG00000125285	0.571509198747564
ENSG00000134873	-0.501714661548362
ENSG00000247400	-0.0263612589032852
ENSG00000102580	-0.174728455387623
ENSG00000276809	-0.278980506855837
ENSG00000139793	0.381243246290337
ENSG00000125249	0.703602445035204
ENSG00000152767	-0.237714757184832
ENSG00000102572	-0.10106031879624
ENSG00000224418	0.0604670327083887
ENSG00000088387	0.280710418056414
ENSG00000228889	-0.299303494339991
ENSG00000134882	-0.281121610931954
ENSG00000169508	0.694841705191273
ENSG00000280734	0.0324497353313534
ENSG00000139800	0.0587477216399761
ENSG00000043355	0.242872052301293
ENSG00000102452	0.171338599919524
ENSG00000276957	0.564383871893348
ENSG00000134900	0.144063373448646
ENSG00000151287	0.357104105858236
ENSG00000134901	-0.0280778863415085
ENSG00000134897	0.215786999547319
ENSG00000134884	0.236708138590515
ENSG00000276740	0.417322094155401
ENSG00000102524	0.202283438906323
ENSG00000274331	-0.557770321406955
ENSG00000275830	-0.179968526803541
ENSG00000276269	-0.130899857358749
ENSG00000279965	-0.762987842030078
ENSG00000187498	-0.479491329066483
ENSG00000134871	-0.624048876110187
ENSG00000139832	0.233144397797376
ENSG00000213995	-0.0806142985030693
ENSG00000134905	-0.196461318989577
ENSG00000153487	0.417105092544678
ENSG00000088448	0.110595298259285
ENSG00000277767	1.07486126389377
ENSG00000102606	0.106305917170834
ENSG00000126216	0.108658318661569
ENSG00000274922	-0.735258255563323
ENSG00000068650	0.181731638124145
ENSG00000126217	0.327750131868674
ENSG00000289354	0.581616066257808
ENSG00000269356	0.407589001341178
ENSG00000139842	-0.0114245849307022
ENSG00000150401	0.216424953897246
ENSG00000198176	0.366899685311533
ENSG00000279770	-0.657776425340735
ENSG00000184497	-0.155953065876825
ENSG00000233695	0.344173168854746
ENSG00000183087	-0.0678180829825336
ENSG00000185989	0.0469186076851047
ENSG00000169062	0.426348555331995
ENSG00000198824	0.213000762949893
ENSG00000260615	-0.187478712288817
ENSG00000258768	0.0489320435337823
ENSG00000287735	-0.134314211189574
ENSG00000129566	0.0310600748070097
ENSG00000100823	0.19002363224952
ENSG00000198805	-0.647969765757692
ENSG00000258818	-0.57371849865517
ENSG00000169413	2.08020971199595
ENSG00000129538	0.319669902375085
ENSG00000169397	0.945061669036927
ENSG00000136315	1.16267436845325
ENSG00000169385	0.988972754782351
ENSG00000165792	0.0596439711032052
ENSG00000165795	-0.477215300982859
ENSG00000258604	-0.432656670168008
ENSG00000165801	-0.0828565154345038
ENSG00000092199	-0.0307104432651678
ENSG00000092201	0.00899480052039475
ENSG00000092203	-0.0683635588808272
ENSG00000165821	0.141022568345765
ENSG00000129562	-0.587288904516458
ENSG00000100439	-1.07617350984503
ENSG00000242061	0.220518386447898
ENSG00000155463	0.0411325922261834
ENSG00000155465	0.51374810858414
ENSG00000157227	-0.534779385306916
ENSG00000197324	-0.919212670338523
ENSG00000100462	-0.341807040935343
ENSG00000100802	0.0548082338871933
ENSG00000280129	0.305738773428994
ENSG00000100813	0.289663014402582
ENSG00000179933	-0.0987201777028253
ENSG00000092067	0.135062159347646
ENSG00000092068	-0.313703338270643
ENSG00000215271	-0.0741016060598679
ENSG00000235194	0.47141469518271
ENSG00000129473	0.71382257321252
ENSG00000100836	0.637599602946692
ENSG00000197616	-0.498957317942892
ENSG00000092054	0.257293974475651
ENSG00000273618	0.276891739502471
ENSG00000259431	0.386210321199031
ENSG00000258727	0.571670341727263
ENSG00000092051	0.719425882964976
ENSG00000100867	-0.0549560700905576
ENSG00000215256	0.288868950456086
ENSG00000129535	-0.497954880934279
ENSG00000100889	-0.0767505771034717
ENSG00000092010	-0.249226609094835
ENSG00000100908	-0.226966882107912
ENSG00000100911	-0.472117017351338
ENSG00000092098	-0.550172612326372
ENSG00000213928	-0.0678873401936737
ENSG00000100918	0.171830037883887
ENSG00000196497	-0.497531945816514
ENSG00000287765	-0.316340166324175
ENSG00000100926	-0.618005429297556
ENSG00000278784	-0.00654299444281967
ENSG00000139908	0.115325168563098
ENSG00000092330	-0.169188680602945
ENSG00000100949	0.350580657869047
ENSG00000288044	0.374806379782977
ENSG00000196943	0.357131621304673
ENSG00000213906	0.0998826066458208
ENSG00000213903	0.285900568276855
ENSG00000139910	0.405245449397046
ENSG00000258548	-0.178345196878007
ENSG00000092140	0.101880413091661
ENSG00000092108	-0.0978723709339074
ENSG00000129493	0.247469296126897
ENSG00000129480	0.387484971362971
ENSG00000258655	-0.64076427475348
ENSG00000286527	-0.460537712701713
ENSG00000151320	0.204851515044606
ENSG00000129521	-0.126630741636084
ENSG00000165389	-0.0945298742092404
ENSG00000198604	-0.0185561639396425
ENSG00000100883	-0.0551369517767763
ENSG00000100890	0.00218339624857214
ENSG00000100902	-0.468158246676345
ENSG00000100906	-0.278689108337339
ENSG00000257272	0.0392056324429989
ENSG00000258844	0.322349568827579
ENSG00000252312	0.33736714328681
ENSG00000151332	0.0861323609149383
ENSG00000258708	-0.163399477962271
ENSG00000129514	0.222183375974492
ENSG00000258696	0.79284096271491
ENSG00000139874	0.807284974109284
ENSG00000258591	-0.352738901477539
ENSG00000182400	0.157084918601861
ENSG00000100941	0.263816011996506
ENSG00000289436	0.309181894822622
ENSG00000179476	0.0472104613492357
ENSG00000198718	0.228556041923936
ENSG00000185246	0.2296324794837
ENSG00000129534	0.0865082555749472
ENSG00000244053	-0.282876673391404
ENSG00000165501	-0.00581881826612706
ENSG00000168282	-0.0954880249295414
ENSG00000165506	0.143485081871539
ENSG00000165525	0.219409658382594
ENSG00000100485	0.497119865340903
ENSG00000087299	0.0293666112284976
ENSG00000125375	0.121338591735805
ENSG00000012983	0.0751730850240057
ENSG00000151748	0.268987085565347
ENSG00000100503	-0.123316277315982
ENSG00000100504	2.62346669076159e-05
ENSG00000131969	0.0355543400792109
ENSG00000139921	-0.00231622533821831
ENSG00000277050	-0.455482415203356
ENSG00000273888	-0.582895649121439
ENSG00000186469	0.352558181800751
ENSG00000087301	0.0678935917431505
ENSG00000180998	0.255839715867555
ENSG00000197930	-0.0443876294327663
ENSG00000198252	0.024701291321168
ENSG00000100522	0.172439675709192
ENSG00000073712	-0.517137236738018
ENSG00000125378	-0.098468836075611
ENSG00000100526	-0.00738180719291301
ENSG00000197045	0.651242997701594
ENSG00000100532	-0.167459523146154
ENSG00000020577	0.197050393199415
ENSG00000131979	-0.243014039811723
ENSG00000180008	0.151320446241181
ENSG00000168175	-0.212612461504721
ENSG00000289523	-0.0923216220922287
ENSG00000131981	-0.839192915112055
ENSG00000126775	-0.147919571657221
ENSG00000126777	0.249288951542183
ENSG00000275569	-0.425899102990866
ENSG00000070269	-0.0358059142810758
ENSG00000165588	-0.621138190418042
ENSG00000131966	-0.171202925807846
ENSG00000100567	-0.392741456663962
ENSG00000213598	-0.0394702999601078
ENSG00000181619	-0.227969020254593
ENSG00000100612	-0.299339717953179
ENSG00000100644	-0.358676650935129
ENSG00000023608	-0.177992628645339
ENSG00000279633	0.414504196387596
ENSG00000288802	0.634043918171364
ENSG00000270878	-0.341658167457821
ENSG00000140006	0.0671348591629903
ENSG00000284664	-0.372202090559335
ENSG00000100714	-0.0655508441213028
ENSG00000272909	0.318155594814131
ENSG00000089775	0.138796591754836
ENSG00000126804	0.280215899181585
ENSG00000126803	1.10078421401916
ENSG00000126822	0.303343320403734
ENSG00000139998	0.402967432133778
ENSG00000257365	-0.151808398716976
ENSG00000272158	0.387070647223631
ENSG00000125952	0.385124438303077
ENSG00000072415	0.378501853139369
ENSG00000198133	0.258190904153312
ENSG00000054690	0.64165982701233
ENSG00000259502	-0.365985660767515
ENSG00000259648	-1.07183070684062
ENSG00000286861	0.161764350624947
ENSG00000139988	-0.111493604408053
ENSG00000242941	0.369358416755967
ENSG00000185650	0.0386721718536196
ENSG00000289626	-0.0214121196444967
ENSG00000072110	-0.327319410532677
ENSG00000258967	-0.472010568400122
ENSG00000081177	0.0468900091924336
ENSG00000029364	-0.0991119404190716
ENSG00000100647	0.0153418491757066
ENSG00000100678	0.14346693800096
ENSG00000213463	0.441698029991418
ENSG00000133985	0.466279921145178
ENSG00000006432	0.356814732935444
ENSG00000119599	0.139353949212731
ENSG00000165861	-0.108595004459608
ENSG00000100767	-1.17586774623045
ENSG00000258944	0.141277155560662
ENSG00000133961	0.0268265434648708
ENSG00000119673	-0.131394333659944
ENSG00000279026	0.343708478972407
ENSG00000177465	-0.330177159538387
ENSG00000259065	-0.244770202399449
ENSG00000140043	0.0429377003293769
ENSG00000119725	-0.212550407479667
ENSG00000270140	-0.591160651993018
ENSG00000119723	-0.206300070676692
ENSG00000119711	-0.123560233673019
ENSG00000259005	0.240179255021208
ENSG00000119655	-0.293061444476622
ENSG00000119682	-0.168982669831086
ENSG00000119596	0.294254029461005
ENSG00000119689	-0.507123654272259
ENSG00000198208	-0.0733068605939119
ENSG00000119718	-0.189228670389706
ENSG00000119684	0.140727409840244
ENSG00000119640	0.0103941697502419
ENSG00000119638	-0.0996878533229932
ENSG00000289340	-1.34273827059285
ENSG00000170345	0.572069667179408
ENSG00000259687	-0.0781267620609223
ENSG00000119686	-0.0486766541809327
ENSG00000133935	-0.453877047380238
ENSG00000119650	-0.204504482287639
ENSG00000119699	-0.00899620467168425
ENSG00000071246	0.365074683627642
ENSG00000258819	-0.473890965346185
ENSG00000198894	0.614655416602401
ENSG00000165548	-0.601581804855835
ENSG00000177108	0.509510880774875
ENSG00000165553	0.703158584937277
ENSG00000009830	-0.264839229675379
ENSG00000100577	-0.0947629341455661
ENSG00000151445	0.0824061393350838
ENSG00000100591	0.383284624335452
ENSG00000100596	0.569912294065264
ENSG00000100601	-0.0489557879214561
ENSG00000119705	-0.184347085467832
ENSG00000063761	0.0771364518851411
ENSG00000211448	0.0159369485965497
ENSG00000165417	-0.0783889314569423
ENSG00000140022	-0.384322324711209
ENSG00000185070	-0.375663215867089
ENSG00000140030	0.895848506208254
ENSG00000100433	-0.0541743833594262
ENSG00000070778	0.0958717131881438
ENSG00000100722	0.206609570653764
ENSG00000165533	-0.184560688181562
ENSG00000258920	-0.878902578482316
ENSG00000042088	-0.156190663993617
ENSG00000100764	-0.358885069418391
ENSG00000119720	-0.0134155492552393
ENSG00000275198	-0.354520086703988
ENSG00000100784	0.0960434489815969
ENSG00000133943	-0.240168372772031
ENSG00000100796	0.0416213960478613
ENSG00000140092	-0.488775764946528
ENSG00000100815	0.0138044126579551
ENSG00000165934	0.0356643263073947
ENSG00000140090	-0.372569178500895
ENSG00000100599	0.229678098913237
ENSG00000100600	-0.729715975975968
ENSG00000066455	0.155372139426808
ENSG00000258499	0.233734040046439
ENSG00000100604	0.103767339300836
ENSG00000153485	0.407139961540502
ENSG00000012963	-0.0927355497008538
ENSG00000011114	-0.00827633457028568
ENSG00000140067	-0.221373038362538
ENSG00000165949	-1.06333627992386
ENSG00000197249	1.39465730199743
ENSG00000188488	0.383369090992817
ENSG00000196136	-1.65824235674391
ENSG00000240914	-0.25415643097486
ENSG00000235706	0.0773642751374892
ENSG00000165959	0.295001344295086
ENSG00000182512	0.0900698756938994
ENSG00000227051	0.192841940501113
ENSG00000168398	-0.089014256816584
ENSG00000090060	0.308626134844817
ENSG00000183576	0.242554110188002
ENSG00000066629	0.123490947849816
ENSG00000196405	0.160403402551077
ENSG00000100811	0.195989209670049
ENSG00000197119	-0.348789894662925
ENSG00000258666	-0.0479075320843265
ENSG00000140105	-0.520812056878704
ENSG00000258581	-0.235842035182101
ENSG00000185559	1.00468688715273
ENSG00000214548	1.1925199900963
ENSG00000254656	0.176320706378977
ENSG00000223403	0.599088395846704
ENSG00000272444	-0.00530714621086179
ENSG00000197102	0.113174136880996
ENSG00000240457	-0.0267781487043134
ENSG00000080824	0.0485433600216559
ENSG00000140153	0.0392089861054029
ENSG00000080823	-0.180103337826477
ENSG00000022976	-0.242236155901405
ENSG00000156381	-0.240209762187718
ENSG00000089902	0.0133024159515611
ENSG00000131323	0.198850075396895
ENSG00000198752	0.112615266241486
ENSG00000289207	0.113349603588411
ENSG00000185215	0.847737190676074
ENSG00000278071	-0.507401472890491
ENSG00000259775	-0.430016602527246
ENSG00000100664	0.286674153177718
ENSG00000260285	-0.102775013433038
ENSG00000166170	0.299124747614084
ENSG00000270108	-0.744232696411226
ENSG00000126215	-0.345398458045436
ENSG00000100711	-0.332577950785924
ENSG00000258986	0.0790545486394348
ENSG00000184990	-0.545505487157726
ENSG00000142208	0.0679589274181724
ENSG00000179627	-0.696413066032042
ENSG00000099814	-0.10162375447485
ENSG00000166428	1.17496794487803
ENSG00000185567	-0.178370728486424
ENSG00000140104	-0.705646070589035
ENSG00000170779	-0.329933959757082
ENSG00000183828	-0.0261421247527282
ENSG00000184887	-0.368062851287258
ENSG00000279495	0.0366230658820316
ENSG00000242085	0.962018233177055
ENSG00000185347	-0.0195563269190898
ENSG00000184986	-0.123832443280051
ENSG00000211890	-0.0495431759921162
ENSG00000211892	-0.0284668826473824
ENSG00000211893	-0.106643242967791
ENSG00000211895	0.737490840873239
ENSG00000211896	1.25428129664054
ENSG00000211899	0.558746917740639
ENSG00000211949	0.298186769351133
ENSG00000211962	0.136376933676263
ENSG00000211966	-0.0201844667501459
ENSG00000224373	0.0289094856664264
ENSG00000180229	0.540022283046315
ENSG00000278626	0.253640205305648
ENSG00000276550	0.361474234907469
ENSG00000277435	0.712460036461485
ENSG00000170113	0.91277509464732
ENSG00000140157	0.212584371263543
ENSG00000273749	0.155796301589404
ENSG00000275835	0.0390516649510152
ENSG00000179455	0.094087765833044
ENSG00000206190	-0.426271721618581
ENSG00000206149	-0.0149366397575284
ENSG00000254398	-0.247482223714781
ENSG00000188626	-0.119419483241484
ENSG00000260844	0.787201874927172
ENSG00000232431	-0.113928368532892
ENSG00000104067	0.00384565933795802
ENSG00000259523	-0.309252429504265
ENSG00000259647	0.113998251250965
ENSG00000260174	0.456852920096525
ENSG00000259448	0.394739725972254
ENSG00000169926	0.17060757416642
ENSG00000169918	0.124555399219376
ENSG00000166922	0.414247918456758
ENSG00000198838	-0.436960673784782
ENSG00000276702	-0.878175843422835
ENSG00000134153	-0.32959366433285
ENSG00000134152	0.0680949495923907
ENSG00000128463	-0.121772530098178
ENSG00000182117	0.0772712464715648
ENSG00000176454	0.572664658533343
ENSG00000159251	-0.627743000582515
ENSG00000021776	0.0244445006023908
ENSG00000231409	-0.375284251151776
ENSG00000198146	0.488737952459742
ENSG00000274444	0.414911634266628
ENSG00000137801	-0.367096760023019
ENSG00000261136	0.1416752698763
ENSG00000140319	-0.23925876810689
ENSG00000248508	-0.369640886008328
ENSG00000275636	0.596830223799849
ENSG00000104081	0.468160908721373
ENSG00000137843	-0.114462243173141
ENSG00000176753	-0.486286849724553
ENSG00000137841	1.27847272183529
ENSG00000188549	0.277485282210446
ENSG00000128928	-0.234001493411842
ENSG00000169105	-0.476102103674817
ENSG00000128891	-0.0372118713510285
ENSG00000245849	0.294384670532809
ENSG00000137824	-0.0937325407264943
ENSG00000166145	0.487763343007993
ENSG00000104142	-0.254965079153048
ENSG00000128965	-0.408971860477248
ENSG00000187446	0.259294320497306
ENSG00000137815	-0.142946944724907
ENSG00000174197	-0.00999691154726145
ENSG00000243789	-0.155665036563803
ENSG00000243708	0.477661603482356
ENSG00000137877	0.0735907357451773
ENSG00000103966	-0.200747722874591
ENSG00000166887	-0.233354266357485
ENSG00000103994	0.51791564085934
ENSG00000092531	-0.00135902491180545
ENSG00000137814	0.0173301582527258
ENSG00000260490	-0.144115602435776
ENSG00000159433	0.120938058648703
ENSG00000140326	-0.147566764350644
ENSG00000137842	-0.120305913177863
ENSG00000166946	0.204565328134079
ENSG00000168806	-0.169487818002842
ENSG00000137822	0.11910264183767
ENSG00000067369	-0.0342411930260228
ENSG00000166963	0.374934000130911
ENSG00000237289	0.66518268292701
ENSG00000223572	0.126501116583904
ENSG00000167004	-0.426149721703447
ENSG00000128886	-0.180699517376981
ENSG00000171877	0.152694755357223
ENSG00000166734	0.11172075749878
ENSG00000137770	-0.0172935955841948
ENSG00000179523	0.199826189200788
ENSG00000166710	-0.248915268797728
ENSG00000185880	0.0797934874967192
ENSG00000137857	0.0967178224140468
ENSG00000138606	0.0660345817337671
ENSG00000279014	0.30581165870648
ENSG00000259433	-0.1151085692722
ENSG00000171766	0.875584939380177
ENSG00000171763	-0.374082155797042
ENSG00000104154	0.204843383608279
ENSG00000104164	0.24308269934451
ENSG00000137767	-0.329433694704602
ENSG00000259509	-0.321397276426598
ENSG00000104177	0.222745343481014
ENSG00000128951	0.440310618005991
ENSG00000274654	-1.03782055190424
ENSG00000259705	-0.0148188185210473
ENSG00000185634	0.048190666871287
ENSG00000138593	0.545001453440883
ENSG00000275580	0.931568413392975
ENSG00000276593	0.842476974643583
ENSG00000259531	0.0545025411065687
ENSG00000104064	-0.0961755861344453
ENSG00000138592	0.196172750131674
ENSG00000092439	0.0493129003161741
ENSG00000138600	-0.252056869746116
ENSG00000138594	-0.025114427878762
ENSG00000128989	0.408020845272721
ENSG00000047346	0.134256896953974
ENSG00000069974	-0.0632162497068735
ENSG00000260916	-0.0112848591444557
ENSG00000274765	0.420681917449498
ENSG00000171016	0.0840196167239117
ENSG00000230183	0.20618050091176
ENSG00000181827	-0.00343815599276215
ENSG00000277245	-0.528989398329368
ENSG00000137871	0.0710551088445042
ENSG00000140262	0.228303150983804
ENSG00000247982	0.427141460051732
ENSG00000128849	-0.308654780982575
ENSG00000259250	0.555920428655414
ENSG00000137845	0.101147466790802
ENSG00000259353	-0.111501332753138
ENSG00000157450	0.216314467863419
ENSG00000137776	0.354725589940119
ENSG00000277144	-0.953064683640568
ENSG00000259732	-0.265675304422628
ENSG00000259657	-0.740855601642059
ENSG00000289162	-0.199644239430898
ENSG00000171956	-0.0373453630212511
ENSG00000182718	-1.08594572467654
ENSG00000128915	0.154046984103068
ENSG00000273792	-0.253767174591077
ENSG00000198535	-0.493385210831907
ENSG00000103642	-0.0258083766609281
ENSG00000185088	-0.342407330278257
ENSG00000166128	0.0139840351173962
ENSG00000138613	-0.278660953323671
ENSG00000074410	-1.63361339347804
ENSG00000140455	-0.238970560305137
ENSG00000197361	-0.395835407957176
ENSG00000035664	0.058477927900065
ENSG00000166797	0.43966524733805
ENSG00000157734	0.762276111856023
ENSG00000166794	-0.573841543839054
ENSG00000180357	0.195851447184099
ENSG00000241839	-0.632552747149367
ENSG00000090487	0.132490479276541
ENSG00000103707	-0.0286192254157978
ENSG00000186198	-0.423772016417723
ENSG00000090470	0.0463834319725389
ENSG00000166855	0.110933099634211
ENSG00000138617	-0.0325032153589912
ENSG00000174498	-0.246311938335533
ENSG00000103742	-0.413704165309757
ENSG00000074603	0.188936914647279
ENSG00000074696	-0.479378256017708
ENSG00000138614	-0.238084762828951
ENSG00000074621	-0.173243209085991
ENSG00000174485	-0.072290581615675
ENSG00000166938	0.297696441925011
ENSG00000075131	-0.004495683414954
ENSG00000103591	-0.210493943161112
ENSG00000188779	-0.0630066206842694
ENSG00000033800	0.0686737949530886
ENSG00000129007	0.285587751096596
ENSG00000103647	-0.205911716714328
ENSG00000140350	0.149520628964181
ENSG00000259286	0.154337859592474
ENSG00000140332	-0.120562920516921
ENSG00000259744	0.0367048084570232
ENSG00000259781	0.241971109969112
ENSG00000066933	0.00595798389299429
ENSG00000175318	-0.406861708381775
ENSG00000067225	-0.519035795519581
ENSG00000140488	0.123124202181793
ENSG00000260339	-0.238906733797397
ENSG00000243007	-0.409383747680157
ENSG00000271072	0.156260740679714
ENSG00000140463	-0.352227334663374
ENSG00000159322	0.325735981902491
ENSG00000138622	0.142750252294317
ENSG00000156642	0.00137419458651335
ENSG00000103855	-0.360569352799763
ENSG00000260469	-0.638778139506577
ENSG00000129038	-0.389485708676238
ENSG00000067221	-0.565792455559226
ENSG00000140464	-0.333826667441441
ENSG00000140459	-0.308015688690043
ENSG00000138623	0.361516321567578
ENSG00000286696	-0.230680039384593
ENSG00000179335	-0.113936549752435
ENSG00000179151	-0.197097637841969
ENSG00000140465	-0.0870359809799055
ENSG00000103653	0.0983773682594261
ENSG00000140497	-0.319352559882867
ENSG00000178718	0.0320214742818849
ENSG00000240366	-0.208881286781903
ENSG00000140365	-0.531973403344744
ENSG00000169375	-0.00493161267015046
ENSG00000169410	-0.225843753660977
ENSG00000274515	0.591964229379753
ENSG00000173548	-0.357664356505974
ENSG00000246877	0.0476447446506844
ENSG00000260685	0.194768586596173
ENSG00000140374	-0.212082842644856
ENSG00000140391	-0.319937591741873
ENSG00000278991	-0.205472365779889
ENSG00000269951	0.0504030467788861
ENSG00000173517	0.0366766768461995
ENSG00000140382	0.0475181392915133
ENSG00000169783	0.108118159798674
ENSG00000167202	-0.293968241140663
ENSG00000260988	-0.223840792390374
ENSG00000103740	-0.569871951783288
ENSG00000140403	-0.0088602630694688
ENSG00000136381	-0.0615081950138606
ENSG00000041357	0.0028739273635415
ENSG00000058335	0.469091976524238
ENSG00000177699	-0.0807618815839443
ENSG00000166557	-0.229066760204437
ENSG00000169330	0.15624590952061
ENSG00000136371	0.0954932749714745
ENSG00000180953	-0.0273272936142069
ENSG00000140379	0.925044306191373
ENSG00000086666	-0.0820772529683637
ENSG00000103876	-0.454487616819185
ENSG00000259417	0.0514235977835771
ENSG00000259495	-0.00491052969910941
ENSG00000172379	0.126058244487641
ENSG00000136379	-0.172781071756786
ENSG00000277782	-0.438692887997267
ENSG00000183496	0.577412679506975
ENSG00000188659	-0.0433716420529872
ENSG00000228141	-0.344258152522663
ENSG00000279758	-0.131447377654763
ENSG00000156232	-0.188628355593307
ENSG00000169609	-0.0524091946120343
ENSG00000064726	0.120767256269254
ENSG00000136404	0.267962702280364
ENSG00000140600	0.405624745824145
ENSG00000176371	-0.00482890657783246
ENSG00000177082	-0.102246810740339
ENSG00000197696	-0.199095521383174
ENSG00000136383	0.0402998404267243
ENSG00000170776	-0.0498640379464726
ENSG00000259407	-0.08169401922103
ENSG00000259762	-0.544648028185724
ENSG00000259416	-0.228812483042586
ENSG00000183655	-0.344211278211383
ENSG00000181026	-0.253284576363339
ENSG00000172183	-0.558742341643912
ENSG00000140511	-0.540596402586124
ENSG00000140526	-0.437017710273478
ENSG00000140522	0.166647725206286
ENSG00000140521	0.148189268435249
ENSG00000140519	-0.458920390966751
ENSG00000261478	0.395936549763372
ENSG00000166813	-0.189230408662015
ENSG00000166819	-0.744580049311026
ENSG00000166821	0.469757857892901
ENSG00000242498	0.337430235227592
ENSG00000140548	0.0155440036735549
ENSG00000259291	-0.685873401479203
ENSG00000182054	-0.836790232699427
ENSG00000185033	-0.613881879880527
ENSG00000185043	-0.715693791664826
ENSG00000213471	-0.318372273329867
ENSG00000271396	0.45141119646966
ENSG00000140575	-0.114829040462379
ENSG00000140564	-0.379923394434708
ENSG00000182511	-0.274244127892146
ENSG00000196547	0.486092158301613
ENSG00000184508	-0.11475899576812
ENSG00000140553	-0.302511639005553
ENSG00000184056	-0.293637345497649
ENSG00000258647	-0.00818632901767869
ENSG00000272888	-0.242898779025643
ENSG00000173575	-0.115091924199358
ENSG00000182175	-1.0797181294342
ENSG00000258611	-0.464293758930377
ENSG00000273923	0.0664968689821003
ENSG00000277135	-0.391109657553778
ENSG00000185551	-0.0710700530066706
ENSG00000275322	-0.655155050279817
ENSG00000259424	-0.050420766842717
ENSG00000140443	-0.141253234085111
ENSG00000278022	-0.997686954803268
ENSG00000103852	-0.0821182341377106
ENSG00000274294	0.21379812589787
ENSG00000279846	0.88039688258983
ENSG00000189419	-0.0524133080080863
ENSG00000140471	-0.0862604218207559
ENSG00000183475	0.059084007777166
ENSG00000232386	0.117449157245363
ENSG00000184254	-0.0141193606818301
ENSG00000154237	0.164737573315752
ENSG00000131873	-0.354182006404657
ENSG00000131871	-0.592614601359644
ENSG00000131876	-0.244986456101496
ENSG00000289028	-0.125953665037529
ENSG00000185418	0.24900954025159
ENSG00000234769	0.0103752687920176
ENSG00000007384	-1.04347620105674
ENSG00000103152	-0.666591842566162
ENSG00000103148	-0.242631901275846
ENSG00000206177	0.287158271312179
ENSG00000188536	-0.0843124845442104
ENSG00000206172	-0.437735041402257
ENSG00000086506	-0.953644670088693
ENSG00000007392	0.306014010985933
ENSG00000206168	-0.455231721939919
ENSG00000242173	0.124004641576484
ENSG00000185615	0.690049179105691
ENSG00000086504	-0.469914862180321
ENSG00000242612	-0.454756614864603
ENSG00000277142	-0.169951504411021
ENSG00000262528	0.399303416633822
ENSG00000103269	0.0574128237659105
ENSG00000127585	0.173342139490076
ENSG00000162004	-0.504823182557562
ENSG00000103253	-0.470018676934358
ENSG00000102854	0.165326757427139
ENSG00000007376	0.141597151534159
ENSG00000127588	0.318598979325697
ENSG00000103227	-0.0692236488883613
ENSG00000260022	-0.117674868608198
ENSG00000260439	0.175086319482659
ENSG00000276931	-0.204497425422087
ENSG00000260807	0.759438643640047
ENSG00000005513	0.360982333091761
ENSG00000184471	-0.232839467159021
ENSG00000103275	-0.16645253751996
ENSG00000007516	0.680437444008364
ENSG00000174109	-0.46015455090336
ENSG00000197599	-0.0911197286488508
ENSG00000187535	-0.0918003535018719
ENSG00000280327	-0.361101276765422
ENSG00000138834	-0.00506218305883031
ENSG00000103024	-0.182003227217189
ENSG00000197774	0.368949359826495
ENSG00000099769	-0.163301841933799
ENSG00000063854	0.00538967413243082
ENSG00000180185	0.217028165175095
ENSG00000198736	-0.319418384889725
ENSG00000140988	-0.528184254872692
ENSG00000183751	-0.320490950954816
ENSG00000127561	0.536214468060841
ENSG00000167964	0.441022257843888
ENSG00000182685	0.502805866817036
ENSG00000184207	0.00194816902634746
ENSG00000167968	0.973656894364803
ENSG00000205937	-0.0603380662670823
ENSG00000260778	0.421901591567641
ENSG00000259895	0.189453361529645
ENSG00000162068	-0.160274539069114
ENSG00000260293	0.479731357852769
ENSG00000185883	-0.0335601085560276
ENSG00000162066	-0.195362738864073
ENSG00000279162	0.157999949408385
ENSG00000172382	-0.231673608017262
ENSG00000205913	-0.0663423462078218
ENSG00000276791	-0.42447856934067
ENSG00000289222	-0.131254904312889
ENSG00000059122	-0.655604017557561
ENSG00000131650	-0.389333216893919
ENSG00000162073	0.464817722939526
ENSG00000272079	0.645892679655167
ENSG00000213937	0.921534319880916
ENSG00000006327	-1.17029721034225
ENSG00000103145	0.327726532545488
ENSG00000131652	0.388819131083194
ENSG00000008517	-0.484900340966817
ENSG00000262370	-0.0281910084171403
ENSG00000261889	-0.318181973884955
ENSG00000010539	0.0397706646779545
ENSG00000006194	-0.0615183257496535
ENSG00000162086	0.00720266075643292
ENSG00000262118	0.00542563953129942
ENSG00000263177	0.289784606232195
ENSG00000122390	-0.325680885161502
ENSG00000213918	0.0468612995033825
ENSG00000126602	-0.313764288475383
ENSG00000005339	0.069362256564157
ENSG00000090447	0.357162036525309
ENSG00000262686	-0.381588833968455
ENSG00000217930	-0.264360279269155
ENSG00000277440	0.097788769996609
ENSG00000153406	-0.225084096086036
ENSG00000103415	-0.0887308936507586
ENSG00000153443	0.0210344245702555
ENSG00000278700	-0.438885924029722
ENSG00000168101	-0.523798565113636
ENSG00000067836	-0.0481483608469423
ENSG00000103184	0.360046231591962
ENSG00000033011	-0.0682990034763854
ENSG00000153446	-1.15244011175358
ENSG00000118894	-0.0371190363327658
ENSG00000067365	-0.0344850946893778
ENSG00000279357	0.0998914257998513
ENSG00000183044	0.188919879869607
ENSG00000140650	-0.126179614116416
ENSG00000153048	-0.142988806269968
ENSG00000187555	0.136629933937474
ENSG00000182831	0.0851557149038126
ENSG00000103274	0.103239393323456
ENSG00000179583	0.599367088982075
ENSG00000038532	-0.314488560307164
ENSG00000185338	-0.747522456789061
ENSG00000184602	0.118334907368007
ENSG00000153066	-0.31580572648938
ENSG00000262420	-0.057831714776746
ENSG00000274505	-0.247447056179699
ENSG00000277369	-0.732319823921752
ENSG00000103342	0.13675171816348
ENSG00000262097	-0.209159863325105
ENSG00000186260	-0.329219968770103
ENSG00000262454	-0.28534502069065
ENSG00000140694	-0.100086411907805
ENSG00000103429	-0.225076210864005
ENSG00000183426	-0.118037582967861
ENSG00000179889	0.0185503730145082
ENSG00000275910	0.00110242880230066
ENSG00000157045	0.00933450992170907
ENSG00000085721	-0.0864598265084996
ENSG00000156968	0.209353810150393
ENSG00000166783	0.793279652064027
ENSG00000072864	0.203103607420903
ENSG00000280206	0.319328298235239
ENSG00000170540	0.307428162971961
ENSG00000167186	0.170413090844774
ENSG00000205730	0.0906293569387591
ENSG00000259871	0.661039702983208
ENSG00000006007	0.254288412260305
ENSG00000103540	1.2096190795122
ENSG00000103544	0.107319111829676
ENSG00000261195	0.346718107183104
ENSG00000183549	0.249590475399342
ENSG00000066654	0.0627244882335391
ENSG00000102897	-0.287470835175417
ENSG00000287809	0.152055911219074
ENSG00000261596	0.892874935192218
ENSG00000140749	1.12489820332834
ENSG00000260306	0.295606425014733
ENSG00000274460	0.214692844782616
ENSG00000283213	0.0152391422708547
ENSG00000103404	0.485359016376983
ENSG00000168434	-0.115446079897059
ENSG00000103356	-0.295602821616823
ENSG00000103353	0.12381178890451
ENSG00000083093	0.0862035100406594
ENSG00000166847	0.11677820094613
ENSG00000166851	-0.0110327315881909
ENSG00000166869	0.30263244689971
ENSG00000158865	1.0832270642405
ENSG00000140750	-0.0138727892108272
ENSG00000262155	-0.0898692468338216
ENSG00000262700	0.0257878207185805
ENSG00000274925	0.434148352850791
ENSG00000259940	0.191236531950511
ENSG00000077238	-0.514174698436683
ENSG00000047578	-0.108447674766643
ENSG00000250982	-0.138692759488489
ENSG00000188603	-0.0260464749211162
ENSG00000184730	1.68622023478418
ENSG00000176476	0.406171962884011
ENSG00000184110	-0.118107350698066
ENSG00000270424	-0.072505610591758
ENSG00000240634	0.528180637842602
ENSG00000178952	-0.516244020087164
ENSG00000178188	0.154381362121519
ENSG00000260442	-0.111967840174927
ENSG00000177548	0.0776733566676135
ENSG00000277999	-0.253547126647807
ENSG00000260727	-0.663049589341408
ENSG00000197471	1.06029497206181
ENSG00000185905	0.220303015405959
ENSG00000079616	-0.276871185741368
ENSG00000280789	0.00215887266554055
ENSG00000013364	-0.448998585269781
ENSG00000214725	-0.733543013639853
ENSG00000174939	0.135576619649849
ENSG00000149932	-0.448356928032072
ENSG00000149929	0.0700002165000162
ENSG00000149926	0.401587544423905
ENSG00000285043	-0.15226773940127
ENSG00000149925	-0.474030386159129
ENSG00000149923	-0.319987199020764
ENSG00000149922	0.399736762615131
ENSG00000090238	0.6817410485953
ENSG00000102886	-0.0806121497466173
ENSG00000102879	1.51967637757121
ENSG00000261052	0.134849909072163
ENSG00000260219	-0.447643078512732
ENSG00000169221	0.23996670785482
ENSG00000180035	-0.00177464659716021
ENSG00000179958	-0.112364917208569
ENSG00000179918	0.030273523702915
ENSG00000005844	0.392715222027889
ENSG00000169957	0.0582624105178986
ENSG00000169955	-0.0311488280316575
ENSG00000197162	0.140747709261665
ENSG00000156853	-0.0057428479406802
ENSG00000281991	0.0599227927810413
ENSG00000196118	-0.329445938519603
ENSG00000103549	-0.179524670681111
ENSG00000102870	-0.0908173223455503
ENSG00000260083	-0.00250423262173067
ENSG00000099364	0.26352807038179
ENSG00000175938	-0.479905840431104
ENSG00000099377	-0.106618171360247
ENSG00000099365	0.656968107262015
ENSG00000103496	0.158756037148961
ENSG00000260911	0.233334735618512
ENSG00000167394	-0.0148878029618807
ENSG00000167397	-0.500734565741316
ENSG00000103507	-0.256780801983794
ENSG00000278133	0.00331192456122931
ENSG00000103490	1.23486212178275
ENSG00000169900	0.118143600145813
ENSG00000169896	0.672333905461911
ENSG00000140678	1.70791370069697
ENSG00000261245	0.237391212881156
ENSG00000156885	0.672779281904911
ENSG00000176723	-0.339973413474247
ENSG00000260267	-0.802036150907546
ENSG00000140691	-0.123697565330108
ENSG00000169877	0.0108161944981591
ENSG00000131797	0.012965769534737
ENSG00000185947	-0.0271759612696359
ENSG00000166123	-0.231467379930762
ENSG00000102910	-0.178339153546714
ENSG00000196470	-0.0320380276225816
ENSG00000102921	0.145192505612443
ENSG00000102924	0.927556223441139
ENSG00000275155	-1.9190465905454
ENSG00000155393	0.177425188124446
ENSG00000121281	0.15848513891308
ENSG00000166164	0.447930769680838
ENSG00000140807	0.164215887006406
ENSG00000167208	0.512405024214112
ENSG00000083799	0.114017985892037
ENSG00000103449	0.504334614603465
ENSG00000103460	0.096345940087681
ENSG00000103479	0.388307467403367
ENSG00000279722	0.658130845479073
ENSG00000177508	-0.638203463167334
ENSG00000277559	-0.524271128596131
ENSG00000176842	-0.246417521218559
ENSG00000261997	0.296641004213786
ENSG00000256812	0.470247437022819
ENSG00000159461	-0.256055078965303
ENSG00000167005	0.17465625957776
ENSG00000087263	-0.383607244486608
ENSG00000125124	0.111123567207595
ENSG00000125148	-0.369204662226607
ENSG00000260549	-1.05207687729952
ENSG00000169715	-0.0732399119020502
ENSG00000205364	-0.165812258470816
ENSG00000255986	-0.0991188278009594
ENSG00000205362	-0.450079912495977
ENSG00000125144	1.18566888677726
ENSG00000205358	2.23173720077805
ENSG00000187193	-0.533168568342608
ENSG00000102900	-0.00176911196046566
ENSG00000261270	-0.236558704352351
ENSG00000140853	-0.117608871974129
ENSG00000279803	-0.444592983545287
ENSG00000172775	0.426695569938264
ENSG00000285979	0.166808890248462
ENSG00000159579	-0.222397720496802
ENSG00000276663	-0.0866824548078476
ENSG00000006210	-1.45688578173856
ENSG00000005194	-0.159339827758777
ENSG00000088682	-0.235362459677736
ENSG00000102978	-0.27847603223825
ENSG00000125170	0.0264716245787784
ENSG00000135736	0.0496606203563893
ENSG00000205336	-0.894331924422032
ENSG00000276166	-0.157422935735644
ENSG00000166188	-0.0202407097761629
ENSG00000103005	0.279563694172901
ENSG00000070761	-0.0423578845141569
ENSG00000260927	-0.0479570583821203
ENSG00000070770	-0.23828718615467
ENSG00000103021	-0.00878759092482158
ENSG00000103037	0.221528716507077
ENSG00000125107	0.160936486142739
ENSG00000103042	0.2122652754381
ENSG00000269986	0.726666735909477
ENSG00000140937	-0.346889819343063
ENSG00000246898	-0.528642528820663
ENSG00000166548	-0.145314501619059
ENSG00000217555	0.0631282783525344
ENSG00000289353	1.00770265066046
ENSG00000140931	-0.0554996446294589
ENSG00000183723	0.400599158069351
ENSG00000135720	0.783734007065489
ENSG00000159593	-0.0521139234516223
ENSG00000172831	-0.0929322494290576
ENSG00000172824	0.625766145112569
ENSG00000289415	0.260052961067384
ENSG00000280334	0.950381100104414
ENSG00000067955	-0.0674947618718654
ENSG00000125149	0.162348189534429
ENSG00000237172	-0.528236449899845
ENSG00000135722	0.258184500176015
ENSG00000140939	-0.171018042979648
ENSG00000196123	0.225789238167968
ENSG00000179044	-0.550920282188276
ENSG00000125122	-0.16846997584771
ENSG00000168701	-0.577994466629896
ENSG00000135740	-0.0631243021847325
ENSG00000159714	-0.43531961970226
ENSG00000159720	-0.307275039089033
ENSG00000270049	0.156525383544014
ENSG00000159723	-0.6812283353393
ENSG00000039523	-0.500238245503847
ENSG00000102974	0.403873842082091
ENSG00000159753	-0.0469777302414803
ENSG00000102981	0.0424907132194762
ENSG00000124074	-0.68721437035099
ENSG00000102904	-0.205530760936996
ENSG00000168286	0.227816040157297
ENSG00000102898	-0.220895986719307
ENSG00000188038	-0.0398300324827243
ENSG00000159792	-0.324050386662875
ENSG00000205220	-0.277512187254435
ENSG00000167261	-0.0969780081523538
ENSG00000182810	-0.622402164377621
ENSG00000103066	0.205595468772798
ENSG00000103064	0.0955588860421681
ENSG00000103061	-0.135355115564969
ENSG00000132600	-0.103197239882987
ENSG00000279693	0.0680259482482433
ENSG00000275383	0.316970080686639
ENSG00000260577	0.486608007248582
ENSG00000141076	0.0851781001315267
ENSG00000168807	-0.115436468221596
ENSG00000132612	-0.126370954341707
ENSG00000213380	-0.297708442892199
ENSG00000258429	-0.396415400296507
ENSG00000132603	0.259763744057078
ENSG00000103018	-0.295621965189374
ENSG00000102908	0.0961943065746612
ENSG00000181019	-1.31060906278869
ENSG00000141101	-0.0605322260307347
ENSG00000255185	-0.140400365757582
ENSG00000261556	0.19316035511853
ENSG00000157349	-0.282150756480426
ENSG00000168872	-0.140601406922142
ENSG00000157353	-0.179398554149661
ENSG00000103051	-0.296177468771006
ENSG00000189091	-0.220289957411601
ENSG00000132613	0.426725529949042
ENSG00000279569	-0.355772694347637
ENSG00000103043	-0.0421178521607542
ENSG00000214353	-0.377950239343936
ENSG00000279123	-0.598619972619689
ENSG00000172137	0.190554624658881
ENSG00000167377	0.365742755829534
ENSG00000166747	-0.0651217374372824
ENSG00000263232	0.174727559445128
ENSG00000102967	-0.447053341429875
ENSG00000140830	-0.277458127567714
ENSG00000257017	0.514505930036882
ENSG00000260664	0.363998515417576
ENSG00000271009	0.358978687896128
ENSG00000103035	0.146368201659688
ENSG00000140839	-0.261773417629203
ENSG00000168404	0.0533424617835602
ENSG00000103089	0.446541949829086
ENSG00000103091	-0.108386641903169
ENSG00000166816	-0.676946221029294
ENSG00000184517	0.0673449026840283
ENSG00000153774	-0.0741770704757521
ENSG00000274220	0.401329420593601
ENSG00000166822	-0.139055241485602
ENSG00000135702	-0.139484965431138
ENSG00000205084	-0.725535884967044
ENSG00000065427	-0.163750468608332
ENSG00000152910	0.522665847083706
ENSG00000103111	0.252237986980287
ENSG00000205078	-0.073987371928559
ENSG00000140876	-0.156101449377461
ENSG00000276007	0.479023174560839
ENSG00000260816	0.435973744194473
ENSG00000178573	1.14051570239646
ENSG00000278985	0.0871937848821067
ENSG00000166454	0.290132467292622
ENSG00000140905	-0.20570708984964
ENSG00000261609	-0.288006961567048
ENSG00000260788	0.828470183330511
ENSG00000140961	-1.11893794268554
ENSG00000103187	0.199461207159237
ENSG00000153786	-0.155391723886735
ENSG00000131153	-0.289503467313269
ENSG00000131148	-0.39926122066408
ENSG00000286510	0.20257329473927
ENSG00000140968	0.952012407513819
ENSG00000103248	-0.23722178316052
ENSG00000289336	-0.0318502266148383
ENSG00000140941	0.0651797156345591
ENSG00000276337	0.0288305826167359
ENSG00000154118	0.330564672323735
ENSG00000158545	0.168110169767706
ENSG00000167508	-0.47892177775855
ENSG00000260630	-0.142408613283342
ENSG00000185669	0.594746115221542
ENSG00000158717	0.407192886038886
ENSG00000278341	-0.539775379510759
ENSG00000103335	-0.633021801351982
ENSG00000198931	-0.125469586501659
ENSG00000167515	-0.189764894576729
ENSG00000259881	0.229058451951118
ENSG00000259877	0.165654722082168
ENSG00000197912	-0.23436029953815
ENSG00000167526	-0.186761087111546
ENSG00000178773	0.0383754602929452
ENSG00000275734	0.0373400515130057
ENSG00000185324	0.134019656460591
ENSG00000158792	-0.255045310325407
ENSG00000075399	0.274634870030706
ENSG00000141002	-0.199761742755781
ENSG00000258947	-0.219788326614051
ENSG00000140995	-0.170292867726938
ENSG00000177946	0.283712344270352
ENSG00000003249	0.089498520397493
ENSG00000221819	-0.615453004634924
ENSG00000222019	-0.329201736208796
ENSG00000261812	-0.116429985487482
ENSG00000262061	0.868226251203839
ENSG00000141252	-0.101247387508758
ENSG00000179409	-0.168419053348917
ENSG00000167693	-0.18214209598537
ENSG00000177370	-0.131289550581901
ENSG00000108953	0.166511860038064
ENSG00000236618	-0.0889356526364435
ENSG00000167703	-0.611476082813791
ENSG00000074660	-0.652623030593031
ENSG00000185561	-0.160290978598328
ENSG00000186594	-0.942307883571792
ENSG00000167716	-0.0554182583907158
ENSG00000132386	1.00239724310979
ENSG00000186532	-0.0673968241717507
ENSG00000132383	-0.132243270163744
ENSG00000263050	-0.48486928976195
ENSG00000070366	-0.0758559960639318
ENSG00000167720	-0.0426316032084391
ENSG00000262333	0.149347635268022
ENSG00000127804	0.144973852616007
ENSG00000132361	-0.520851211311654
ENSG00000132359	0.152145137624253
ENSG00000196689	-0.282407504932224
ENSG00000262692	-0.0741876451488738
ENSG00000074356	0.0267750914539408
ENSG00000108405	-0.0933404797431778
ENSG00000074370	-0.201355152446045
ENSG00000074755	-0.0938026735068192
ENSG00000185722	-0.0364292916294104
ENSG00000183018	0.166661937128013
ENSG00000132382	-0.0634717736532294
ENSG00000244184	0.279226415915239
ENSG00000141480	1.39236947180272
ENSG00000161920	0.516716455631699
ENSG00000161921	0.51440641150964
ENSG00000141497	0.330075750154376
ENSG00000280254	0.373803312827938
ENSG00000182327	-0.381811197316473
ENSG00000142507	-0.149238022422512
ENSG00000262165	-0.787843756845983
ENSG00000108523	-0.0935068991842998
ENSG00000108518	-0.31991762604235
ENSG00000196388	-0.212826195266842
ENSG00000227495	0.177860129699216
ENSG00000180787	0.396082936192877
ENSG00000180626	0.285717814749586
ENSG00000161929	0.306634899624465
ENSG00000108559	-0.123529373213242
ENSG00000263272	0.0890805095170989
ENSG00000108561	-0.130171072561127
ENSG00000005100	-0.167293303160674
ENSG00000072849	-0.465650383949559
ENSG00000091592	-0.00563132701677241
ENSG00000179314	0.397363918594006
ENSG00000129235	-0.140323948750615
ENSG00000256806	0.110634561503625
ENSG00000141485	-0.54347404469745
ENSG00000132530	0.0130307638304424
ENSG00000279296	0.109278909822775
ENSG00000215067	-0.0516398862146328
ENSG00000174327	-0.469846202421942
ENSG00000174326	-0.397706451800624
ENSG00000040633	0.0370601798787409
ENSG00000181885	0.479235318944856
ENSG00000132507	-0.0145508418671413
ENSG00000132522	0.363323049349676
ENSG00000213859	-0.050084224239225
ENSG00000205544	-0.277114928496381
ENSG00000181284	-0.306073582855575
ENSG00000161958	-0.590066457509211
ENSG00000174282	0.216636158157463
ENSG00000239697	-0.0693180139394835
ENSG00000161955	-0.778264099143049
ENSG00000161960	-0.372585538403766
ENSG00000129226	1.02970753430905
ENSG00000233223	0.257157452880756
ENSG00000141504	0.277873529925461
ENSG00000129244	-1.05700388106062
ENSG00000141510	-0.556711826967259
ENSG00000141499	-0.118872579252288
ENSG00000108947	0.185523501550823
ENSG00000182224	0.0897417236586721
ENSG00000170004	0.0870594476505004
ENSG00000170049	0.35868411611092
ENSG00000179593	0.885782147092362
ENSG00000214999	0.394226588883552
ENSG00000179094	-0.825037557873253
ENSG00000179029	-0.0361692680799579
ENSG00000178977	-0.18888986518436
ENSG00000178921	0.120420438298798
ENSG00000108961	0.100632794680395
ENSG00000184619	-0.203417774615393
ENSG00000166579	0.099296579043354
ENSG00000141506	0.327251016531816
ENSG00000133028	-0.0365334596430311
ENSG00000170222	0.0863426204517502
ENSG00000187824	-0.0877238417735637
ENSG00000263429	-0.4009767838514
ENSG00000233670	0.416059113886855
ENSG00000188803	-0.477147950220982
ENSG00000154957	-0.0500594591937128
ENSG00000006744	-0.290566745347987
ENSG00000239704	-0.252141297140863
ENSG00000175106	-0.0209783425005969
ENSG00000221926	-0.320252607863489
ENSG00000187607	0.239785888563951
ENSG00000214946	-0.173507418109049
ENSG00000179277	0.368040245343752
ENSG00000265519	0.265608456154252
ENSG00000170425	-0.320966124407879
ENSG00000011295	-0.378197265751177
ENSG00000141027	0.0883683361606722
ENSG00000166582	0.32131048128693
ENSG00000170315	0.0116625208287533
ENSG00000187688	-0.0209288303995627
ENSG00000141040	-0.164092938897506
ENSG00000197566	0.129169051756775
ENSG00000131885	0.419105246968901
ENSG00000278864	-0.454169165091344
ENSG00000179598	-0.255487693214618
ENSG00000154803	0.358317071124315
ENSG00000141030	0.0386991978257183
ENSG00000205309	-0.177453851151397
ENSG00000141026	-0.587736362192263
ENSG00000108551	-0.714979070058192
ENSG00000133027	-0.495247362849861
ENSG00000226746	-0.231606029116343
ENSG00000171953	-0.0889929030035122
ENSG00000280198	0.241110549824604
ENSG00000141034	0.211660312727508
ENSG00000108591	-0.335828525625635
ENSG00000177731	0.244587958219147
ENSG00000177427	-0.740589831629227
ENSG00000260647	-0.385613294107213
ENSG00000177302	-0.0723647295627248
ENSG00000176994	0.23578783722754
ENSG00000176974	0.056420290618795
ENSG00000240445	-0.172285365452909
ENSG00000171928	-0.169260082764104
ENSG00000188522	-0.107299351980536
ENSG00000108641	-0.311723376774936
ENSG00000166484	-0.54516209679095
ENSG00000128482	0.401688172608053
ENSG00000189343	-0.307807609253143
ENSG00000270091	0.780808896331075
ENSG00000108599	0.131970145009245
ENSG00000189423	0.332297142033266
ENSG00000188013	0.391082655178954
ENSG00000109016	-0.328056008056924
ENSG00000178307	0.0228034707397195
ENSG00000274180	-0.223646971767471
ENSG00000034152	-0.674719507378106
ENSG00000168961	0.371545414958141
ENSG00000232859	-0.517851959346214
ENSG00000109083	0.492255981403395
ENSG00000004142	-0.337610373637841
ENSG00000244045	-0.067901180096531
ENSG00000004139	-0.0229100400018093
ENSG00000279532	0.31631318389563
ENSG00000076351	-0.469795837950238
ENSG00000263266	0.557649132793138
ENSG00000109107	-0.131362607200703
ENSG00000007202	0.301944498801322
ENSG00000132581	-0.356861316699
ENSG00000109111	-0.0602978806314558
ENSG00000167525	0.240601216997938
ENSG00000109113	-0.989468434805873
ENSG00000264577	-0.177995110858428
ENSG00000160606	-1.31451120766547
ENSG00000160602	-0.82422583642633
ENSG00000173065	0.0877564782319101
ENSG00000132591	-0.164065721513363
ENSG00000179761	-0.235010096921158
ENSG00000063015	-0.197904914288428
ENSG00000196535	0.309094013054237
ENSG00000221995	0.462999620589022
ENSG00000264050	-0.205641426471935
ENSG00000108256	0.0151756115074596
ENSG00000160551	0.148054069896166
ENSG00000168792	-0.354001839126574
ENSG00000167543	-0.610498026561256
ENSG00000264290	-0.157854494846251
ENSG00000198720	0.314661025761145
ENSG00000141298	0.140862258327205
ENSG00000279431	-0.0993665579147596
ENSG00000176390	0.271628952497805
ENSG00000172171	0.1367921232519
ENSG00000230113	0.310551503117168
ENSG00000181481	-0.0910306329008603
ENSG00000264743	0.27852756257466
ENSG00000266865	0.019052790692956
ENSG00000264107	-0.161270708187716
ENSG00000126861	1.04650109884558
ENSG00000185862	1.10033991085193
ENSG00000126860	1.60037684770793
ENSG00000131242	0.196320971185874
ENSG00000178691	-0.011980094179921
ENSG00000214708	-0.205971609826667
ENSG00000108671	-0.108580181852694
ENSG00000176749	0.489679136339049
ENSG00000108691	-0.396014398478186
ENSG00000108700	0.191249794781677
ENSG00000132141	-0.312009924191323
ENSG00000198783	0.317211169873955
ENSG00000005156	-0.155466237220164
ENSG00000185379	-0.0363860172039027
ENSG00000073536	-0.181750786460239
ENSG00000266947	0.03611749258914
ENSG00000267547	-0.291256720787444
ENSG00000267648	-0.429725422325644
ENSG00000267102	-0.224240269982814
ENSG00000172123	-0.0203814636884297
ENSG00000108733	-0.109670599794933
ENSG00000006125	-0.122152113286935
ENSG00000270765	-0.603146344814333
ENSG00000271447	-1.25633578605082
ENSG00000277632	0.242999741523273
ENSG00000276085	-0.139315844479999
ENSG00000276070	-0.687598141192069
ENSG00000277161	-0.0662082860389349
ENSG00000278535	-0.155272005994555
ENSG00000278619	0.165485106042783
ENSG00000275720	0.516179741845644
ENSG00000278540	0.0820714255067064
ENSG00000276023	-0.318720267023622
ENSG00000278053	-0.074550410774747
ENSG00000274211	0.368606301449165
ENSG00000275832	0.360937259762192
ENSG00000276170	-0.280142411379565
ENSG00000277363	0.568437969500077
ENSG00000277969	0.335064646474332
ENSG00000275023	0.375897021858206
ENSG00000277972	-0.0422566915175656
ENSG00000277258	0.168838659050477
ENSG00000277791	-0.250457451735627
ENSG00000276293	0.320983137738661
ENSG00000273559	-0.112226235762356
ENSG00000263874	0.368055020280645
ENSG00000161381	-0.139554967088816
ENSG00000286443	-0.15325871452586
ENSG00000141750	0.913587080689848
ENSG00000125686	0.0698784604464653
ENSG00000167258	0.0261769575408996
ENSG00000273576	-0.00260896196827518
ENSG00000131771	-0.907928380280715
ENSG00000161395	-0.488149938824115
ENSG00000141736	-1.44872082572577
ENSG00000141741	0.0563034853191522
ENSG00000073605	0.239914745229354
ENSG00000172057	-0.321270422789962
ENSG00000108344	-0.186915735804832
ENSG00000108342	-1.50637301962028
ENSG00000008838	-0.232919180947148
ENSG00000126351	-0.192706404921291
ENSG00000126368	-1.20093701505989
ENSG00000108349	0.295654665757323
ENSG00000108352	0.486757070393301
ENSG00000171475	0.179464142826495
ENSG00000131759	-0.230908881369821
ENSG00000183153	0.0814263935308073
ENSG00000141753	-0.60288286408016
ENSG00000278834	0.234970149362401
ENSG00000213424	0.590044728928652
ENSG00000167920	-0.215536433858195
ENSG00000171401	0.774828116330672
ENSG00000173805	0.194179656259892
ENSG00000239542	-0.526722503425652
ENSG00000131473	0.0228042291084097
ENSG00000173786	0.422116039156875
ENSG00000168256	-0.384698851611708
ENSG00000267221	0.121803868955513
ENSG00000108771	-0.778027208961168
ENSG00000108773	0.413477655522163
ENSG00000260325	-0.47983474626041
ENSG00000108774	-0.423820854860502
ENSG00000126561	-0.0104514741456431
ENSG00000168610	-0.339376343424835
ENSG00000033627	0.057266329063318
ENSG00000108784	-0.432400110237146
ENSG00000266962	0.111419003986385
ENSG00000108786	-0.1572558347693
ENSG00000068120	-0.137414047299186
ENSG00000108788	0.172201388168696
ENSG00000131462	-0.296243658095996
ENSG00000184451	-0.44640079526553
ENSG00000108797	0.487724391289339
ENSG00000267765	0.575772191556865
ENSG00000108799	0.0475471087837947
ENSG00000273650	-0.0801959109797495
ENSG00000197291	-0.43676797615144
ENSG00000131477	-1.52364747575436
ENSG00000131475	-0.423411241253252
ENSG00000183978	-0.0436815444824118
ENSG00000176563	-0.0195306749323284
ENSG00000126581	0.378648590461939
ENSG00000131467	0.129678764585488
ENSG00000266967	-0.182735768293625
ENSG00000068079	-0.721431292985276
ENSG00000108830	0.0505148819985201
ENSG00000012048	0.0390569985471171
ENSG00000267002	0.0226365587905283
ENSG00000188554	0.277872183552724
ENSG00000184988	0.323533455271417
ENSG00000067596	-0.165457280024423
ENSG00000108861	0.314974412471372
ENSG00000161647	-0.0154816911304274
ENSG00000161653	-0.330093404613604
ENSG00000091947	-0.386582435405136
ENSG00000161654	0.047429526394984
ENSG00000141349	-0.600159790797008
ENSG00000108840	0.405125859420432
ENSG00000161664	0.0834887400874512
ENSG00000267080	-0.19376711033348
ENSG00000087152	0.508311192007528
ENSG00000108312	0.167382135294677
ENSG00000260793	-0.0671522936369752
ENSG00000004939	0.105280605286306
ENSG00000108309	0.107958611712449
ENSG00000288961	-0.33918365297892
ENSG00000030582	0.0460082640004713
ENSG00000186566	0.195141369256135
ENSG00000180340	0.754666803320589
ENSG00000279879	0.00123779397831715
ENSG00000073670	0.651557399881026
ENSG00000131097	-0.00430087219500877
ENSG00000108883	-0.153681470156533
ENSG00000131094	0.548801519683579
ENSG00000172992	-0.43372092623076
ENSG00000161714	-0.465869563642498
ENSG00000181513	-0.231328056683987
ENSG00000186834	0.675200800572508
ENSG00000168517	0.0486464039901525
ENSG00000267288	-0.379162113287915
ENSG00000267121	0.638000277916903
ENSG00000184922	0.860701208496471
ENSG00000233175	0.532860867774519
ENSG00000006062	-0.24086518999282
ENSG00000267344	0.585025289203541
ENSG00000225190	-0.454773745429792
ENSG00000266918	0.389538443552194
ENSG00000120071	0.170208682873252
ENSG00000214401	-0.0764355649309758
ENSG00000108433	-0.282788587790292
ENSG00000262879	-0.122061378698839
ENSG00000004897	0.103301932947346
ENSG00000259207	-0.178256245356827
ENSG00000276790	-0.322119683319531
ENSG00000108424	0.0256963622068973
ENSG00000198933	-0.206020397233512
ENSG00000006025	0.451455681701932
ENSG00000159111	-0.0104375857025732
ENSG00000167182	0.132311211944134
ENSG00000108439	-0.163549017592445
ENSG00000108465	0.163951772433893
ENSG00000005243	-0.152444970584201
ENSG00000082641	0.167324248447675
ENSG00000108468	0.256090961973187
ENSG00000173917	1.53298158649816
ENSG00000230148	0.623985051831078
ENSG00000136436	0.0638465581812042
ENSG00000230532	0.0802553425154229
ENSG00000289021	-0.768174621632723
ENSG00000167083	0.470847176579573
ENSG00000108798	0.645381391019075
ENSG00000173868	0.268367448679629
ENSG00000198740	0.576059866847744
ENSG00000121067	0.181062856271909
ENSG00000121073	-0.526477588720796
ENSG00000005882	-0.697409420725332
ENSG00000167100	0.0607424403479279
ENSG00000108819	0.721098629909197
ENSG00000188662	0.220800927108053
ENSG00000108826	0.2173388275471
ENSG00000154920	-0.109387539919557
ENSG00000108829	-0.125209838578641
ENSG00000167107	-0.35092572690816
ENSG00000136457	0.943594587244555
ENSG00000136444	0.469244893658227
ENSG00000250107	0.0720980489564647
ENSG00000006283	0.16090625759741
ENSG00000108848	0.338290706672685
ENSG00000141232	0.23109584025988
ENSG00000008294	0.436286402871607
ENSG00000239672	0.0282981792324171
ENSG00000011258	0.190389615227886
ENSG00000279089	-0.0403472337849126
ENSG00000011260	0.0763698939404699
ENSG00000108924	-0.166248706273818
ENSG00000166292	-0.017622756836019
ENSG00000141179	-0.217292044943775
ENSG00000183691	-0.892837350290309
ENSG00000121060	-0.0774352642473964
ENSG00000274213	-1.76874765228156
ENSG00000121064	0.391880107567378
ENSG00000263004	0.141584843113567
ENSG00000153944	-0.105691349711877
ENSG00000279555	-0.130891457182169
ENSG00000166329	0.301558453240696
ENSG00000136450	0.358024648499733
ENSG00000264364	0.400386637958665
ENSG00000279207	1.01726206279434
ENSG00000278627	0.437366549189329
ENSG00000011143	-0.280930517138929
ENSG00000005381	-0.457433720097024
ENSG00000289147	0.0015487712324746
ENSG00000263938	-0.0724959687072037
ENSG00000182628	0.403171340660393
ENSG00000068489	-0.117502403055075
ENSG00000167447	-0.167426628400922
ENSG00000175155	0.492696650759737
ENSG00000108406	0.252635086167701
ENSG00000141367	-0.0383628018163313
ENSG00000062716	-0.0604889959643526
ENSG00000108423	0.105974536770472
ENSG00000189050	0.317524450737597
ENSG00000267248	0.0277453652932359
ENSG00000167434	-0.448483902214901
ENSG00000170836	0.13973309085574
ENSG00000267280	-0.444219653955244
ENSG00000187013	-1.09646527937641
ENSG00000108506	-0.0520488222614497
ENSG00000108510	0.0550774014540926
ENSG00000279133	-0.429183634093665
ENSG00000087995	-0.0881571355305156
ENSG00000274565	0.184777539463189
ENSG00000011028	-0.0616595558839963
ENSG00000170921	0.125788296261922
ENSG00000159640	0.0100064201333165
ENSG00000136485	0.488047618214954
ENSG00000270587	-0.239862866637949
ENSG00000198909	0.0423547573412005
ENSG00000136490	0.455857502891923
ENSG00000279369	-0.155734119261277
ENSG00000198231	0.142171021649554
ENSG00000108604	-0.00474641125878764
ENSG00000007312	-0.33498801421088
ENSG00000264954	-0.268706853541282
ENSG00000224383	-0.9221293959058
ENSG00000178607	-0.0900544732237473
ENSG00000136478	0.189026379926835
ENSG00000261371	-1.16052821702882
ENSG00000271605	0.694451933972907
ENSG00000256525	-0.062043409982134
ENSG00000258890	-0.376420535508791
ENSG00000265298	0.736992953690149
ENSG00000214176	-0.116800885297405
ENSG00000176809	-0.0355954703462066
ENSG00000214174	0.0204478774910717
ENSG00000120063	0.50772327438601
ENSG00000168646	-0.289006669925153
ENSG00000154229	-0.296223216764795
ENSG00000075461	0.457561897908017
ENSG00000198265	0.0555876269515989
ENSG00000197170	0.0278393178822952
ENSG00000154217	-0.230042824028076
ENSG00000130935	0.0436146903737173
ENSG00000171634	0.244724932705588
ENSG00000186665	-0.165149163679546
ENSG00000182481	0.111443579603172
ENSG00000267472	0.01321666077942
ENSG00000196704	-0.15881204832841
ENSG00000274712	0.317650774805298
ENSG00000265100	-1.062875015272
ENSG00000108932	-0.957205094865978
ENSG00000070540	-0.142262011691047
ENSG00000141338	0.680209641452869
ENSG00000154258	0.176082677313995
ENSG00000154262	0.286570909180605
ENSG00000108984	0.227726978457142
ENSG00000153822	-0.148960858071312
ENSG00000267365	0.0605178651900956
ENSG00000123700	0.465909822470915
ENSG00000289371	1.60563999631955
ENSG00000256124	0.125824500442705
ENSG00000125398	-0.274587330424617
ENSG00000180616	0.0265035019491866
ENSG00000133193	-0.181371770227471
ENSG00000141219	0.31084325907399
ENSG00000179604	-0.392855243546748
ENSG00000246731	-0.263860418824288
ENSG00000196169	0.507417591832061
ENSG00000204347	-0.505237777806012
ENSG00000170412	-1.31578705433947
ENSG00000167851	0.913599529509049
ENSG00000167850	0.440072909726476
ENSG00000186407	0.184628002786077
ENSG00000172794	0.298123670531164
ENSG00000186074	0.627197057547935
ENSG00000161513	-0.583604761986726
ENSG00000167861	0.368883777650501
ENSG00000109089	0.463766111880909
ENSG00000180901	-0.088173579702955
ENSG00000170190	0.0223648663656274
ENSG00000125458	-0.0102757189123755
ENSG00000189159	-0.114136763008482
ENSG00000125450	-0.129604307033124
ENSG00000125447	0.296181142990808
ENSG00000125445	-0.356198067956162
ENSG00000125454	0.530171646366491
ENSG00000177728	-0.522894714817301
ENSG00000182173	-0.12551478702259
ENSG00000073350	0.0856420592077481
ENSG00000108469	-0.0855339900521816
ENSG00000161526	-0.218090420830092
ENSG00000132470	-1.06830578032052
ENSG00000108479	-0.0320206205130068
ENSG00000132475	-0.185355304680546
ENSG00000092929	0.210324609573826
ENSG00000267801	-0.0640968660426766
ENSG00000188878	-0.00951658713538124
ENSG00000161533	-0.575352421239552
ENSG00000257949	-0.153420253952833
ENSG00000167881	-0.0556104932094905
ENSG00000182473	-0.152622252467937
ENSG00000185262	-0.301715976072357
ENSG00000129646	0.175631300020323
ENSG00000176170	-0.211074993486504
ENSG00000129673	0.254050152887181
ENSG00000214140	0.436425663608032
ENSG00000267543	0.00195385090255448
ENSG00000163597	0.316853759701663
ENSG00000284526	0.0279686651341612
ENSG00000070495	0.0141037231716732
ENSG00000181038	-0.204354900019547
ENSG00000167889	0.059448196752958
ENSG00000129657	-0.359500351807339
ENSG00000262870	-0.107367188190519
ENSG00000184640	-0.168891866404578
ENSG00000078687	0.0787008129503806
ENSG00000141524	0.456579676172121
ENSG00000167895	1.09492875863134
ENSG00000108639	0.377583164963543
ENSG00000167900	-0.248379632262997
ENSG00000183077	0.522727031850392
ENSG00000204278	0.633033161477291
ENSG00000184557	-0.862035574521428
ENSG00000087157	-0.0620782982678114
ENSG00000108669	0.139608853165659
ENSG00000287539	0.105521312479221
ENSG00000035862	0.295044631580112
ENSG00000173918	-0.20835872447018
ENSG00000262188	0.356822000083649
ENSG00000181523	-0.608417973025516
ENSG00000181045	-0.33716073525688
ENSG00000276863	-0.563295938509328
ENSG00000173818	-0.132008582959819
ENSG00000176108	-0.376082877418733
ENSG00000280351	-0.354398578126705
ENSG00000226137	-0.102916465281237
ENSG00000181409	0.504813914065994
ENSG00000263167	-0.61409155756914
ENSG00000141577	-0.000392693509001101
ENSG00000167302	0.309430241596884
ENSG00000260005	0.365063171425947
ENSG00000185168	-0.533367241116075
ENSG00000287431	-0.314141473289326
ENSG00000262223	0.536306466618554
ENSG00000262877	0.552013401579964
ENSG00000266074	-0.0229893985391438
ENSG00000279692	-0.614022188867955
ENSG00000184009	-0.596971914156804
ENSG00000182446	-0.260616272190391
ENSG00000182612	-0.17270673369778
ENSG00000204237	0.146215397029641
ENSG00000185298	-0.115284508596459
ENSG00000214087	-0.184568982859818
ENSG00000185359	-0.101078590702407
ENSG00000275902	-0.24740928783948
ENSG00000262049	-0.371454085490409
ENSG00000185624	-0.44700074530578
ENSG00000141522	-0.120916118214051
ENSG00000183684	-0.529993910598099
ENSG00000185813	-0.531830405907515
ENSG00000197063	-0.0918561734459486
ENSG00000185105	0.190935885175463
ENSG00000169750	0.361079792958389
ENSG00000279372	-0.213995653513505
ENSG00000169733	-0.318622657803448
ENSG00000169710	0.0807190705242009
ENSG00000141526	0.292560589328225
ENSG00000141551	-0.377211469220179
ENSG00000287737	0.361818619959775
ENSG00000265692	-0.208475503015109
ENSG00000260563	0.533601243793398
ENSG00000141574	-0.142049873369182
ENSG00000260011	-0.0712403239613482
ENSG00000181396	-0.305411726431213
ENSG00000169660	0.31908618752227
ENSG00000178927	-0.122409793553531
ENSG00000265458	-0.575580092145772
ENSG00000141562	0.0915875930701061
ENSG00000266236	0.399208294767427
ENSG00000141568	-0.0274379706199153
ENSG00000262147	-0.19125779307877
ENSG00000141580	0.0586756112132334
ENSG00000141560	-0.105100162795984
ENSG00000176845	-0.881852457332162
ENSG00000274370	-1.53823285512214
ENSG00000261888	-0.53909923516796
ENSG00000079134	0.0329247318896809
ENSG00000288533	0.0882813158189013
ENSG00000176912	0.0514172718853214
ENSG00000266456	0.541276279154045
ENSG00000132199	0.0942189879953621
ENSG00000286975	-0.000968326518175369
ENSG00000101574	0.166601423383313
ENSG00000101605	-0.255720463177703
ENSG00000101608	-0.714367808628078
ENSG00000118680	-0.322644995293752
ENSG00000262001	-0.841620526856734
ENSG00000263753	0.443522983644863
ENSG00000198081	0.58598797933415
ENSG00000082397	0.623227271785471
ENSG00000206432	0.120336617736916
ENSG00000264707	0.475237135514146
ENSG00000101680	-0.332542892116156
ENSG00000265069	-0.426592158588544
ENSG00000286649	0.311718459373209
ENSG00000272788	0.173841952263681
ENSG00000288939	1.05859940649641
ENSG00000101745	0.066013828821802
ENSG00000017797	0.541693526154441
ENSG00000168461	-0.0818780784647829
ENSG00000272799	-0.662491323805907
ENSG00000154856	-0.0486318807516115
ENSG00000154864	0.178484803858393
ENSG00000141401	-0.145498336707082
ENSG00000267480	0.275236160646653
ENSG00000176014	-1.33238664553195
ENSG00000141385	-0.147522785369281
ENSG00000134278	0.363754170904852
ENSG00000267515	-0.34627646526372
ENSG00000128789	-0.185865756806676
ENSG00000101624	-0.0807243699124704
ENSG00000267249	0.0593191618674492
ENSG00000175354	0.0623077503391798
ENSG00000267570	0.154905262770077
ENSG00000085415	-0.0803623647127252
ENSG00000267690	-0.222869274300228
ENSG00000266954	-0.141450240308255
ENSG00000177150	-0.228286188524099
ENSG00000175322	0.0594990803213316
ENSG00000287723	0.144595688953063
ENSG00000286293	0.166095594283558
ENSG00000265015	0.402408911027342
ENSG00000158201	-0.206489885097961
ENSG00000101752	0.236749632496425
ENSG00000134508	-0.517036593424899
ENSG00000141452	0.181922717434814
ENSG00000141447	0.615774913422184
ENSG00000154059	0.0386812829307251
ENSG00000170558	-0.219921592936971
ENSG00000274578	-0.749327038537121
ENSG00000134755	0.00778247623063319
ENSG00000263823	0.00348018173367017
ENSG00000134758	0.11051581925027
ENSG00000134769	0.176931953276274
ENSG00000274400	0.0603763778937588
ENSG00000186812	0.308212206817725
ENSG00000186814	-0.180227217819318
ENSG00000279989	-0.120131627965849
ENSG00000274184	0.482698152266077
ENSG00000268573	-0.23254650537429
ENSG00000274918	0.00876757064068565
ENSG00000172466	0.40054600135174
ENSG00000186496	-0.0275177118995087
ENSG00000141429	0.0255779389720101
ENSG00000141425	0.411718917823535
ENSG00000288917	-0.0165119553145282
ENSG00000134759	-0.0662638460913073
ENSG00000267651	0.418886069023518
ENSG00000078142	0.182879456004414
ENSG00000132872	0.802409704080587
ENSG00000141469	-0.70751575279011
ENSG00000141622	0.0915161448579031
ENSG00000101638	0.341862169532464
ENSG00000274776	0.77690792930675
ENSG00000280212	0.601682170101402
ENSG00000134049	-0.00865901845178994
ENSG00000101665	0.225484980802785
ENSG00000263916	0.145321708359681
ENSG00000101670	0.128640354168307
ENSG00000167315	-0.653674696216305
ENSG00000154832	0.216389371637608
ENSG00000141639	-0.726585655253525
ENSG00000134042	-0.0312992411403724
ENSG00000082212	-0.034709252460146
ENSG00000141642	-0.121822624228492
ENSG00000141646	-0.00655920595590374
ENSG00000176624	0.0807168467783034
ENSG00000134046	0.189788754734595
ENSG00000101751	0.260944379799646
ENSG00000166845	0.0283922910316728
ENSG00000196628	-0.0393416955957031
ENSG00000267325	0.299884684838539
ENSG00000066926	-0.0447899909684456
ENSG00000074657	0.25073845794132
ENSG00000074695	-0.176711830996182
ENSG00000101542	-0.192988757770057
ENSG00000141664	0.0144745212291175
ENSG00000081913	0.0264340996086368
ENSG00000171791	-0.158000818346373
ENSG00000267390	-0.161860668207458
ENSG00000221887	0.0421853563745091
ENSG00000166401	-0.10990753289566
ENSG00000071991	-0.0239307571563212
ENSG00000260578	0.604354420529173
ENSG00000171451	0.425155452935449
ENSG00000260747	0.242848910242503
ENSG00000206052	0.296857264422203
ENSG00000176225	0.0350678644426365
ENSG00000170677	0.672488511894997
ENSG00000278971	0.026113662974357
ENSG00000075336	0.328213095986479
ENSG00000187773	-0.420439932992214
ENSG00000287689	0.79632633531029
ENSG00000150656	0.684195653340719
ENSG00000264340	-0.0842243355741529
ENSG00000264247	0.110736411128573
ENSG00000180011	0.310931135104414
ENSG00000179981	0.167803937073961
ENSG00000101493	-0.235929541629108
ENSG00000278107	-0.0940031607600051
ENSG00000266844	0.0371426790717328
ENSG00000279811	0.413437858915911
ENSG00000287680	0.882789331912643
ENSG00000278330	0.393710926259159
ENSG00000263146	-0.367745208159055
ENSG00000256463	-0.418077097205244
ENSG00000267655	-0.744885675494848
ENSG00000131196	-0.215488751140642
ENSG00000060069	-0.16693495645282
ENSG00000267127	0.424415547059738
ENSG00000261126	0.0826101284873583
ENSG00000101544	-0.411128864280853
ENSG00000282393	-0.0312536812673375
ENSG00000141934	0.300625855798422
ENSG00000099804	-0.354781839970791
ENSG00000172270	-1.13990442645693
ENSG00000099822	0.0452048917997865
ENSG00000070423	-0.077739437398237
ENSG00000099864	-0.614708983544434
ENSG00000272473	-0.523377768591591
ENSG00000172232	-0.247226115128555
ENSG00000197766	0.708591939334602
ENSG00000116017	0.0871074308926953
ENSG00000064687	0.539620181681119
ENSG00000064932	-0.127033604121029
ENSG00000099625	-0.538928656417679
ENSG00000167470	-0.975748375681477
ENSG00000099622	-0.31414894259431
ENSG00000267493	-0.417932481373201
ENSG00000160953	-0.252854200577187
ENSG00000115286	-0.095980811511964
ENSG00000280486	-0.236096952881804
ENSG00000248015	0.170704035177876
ENSG00000130005	-0.282869141553856
ENSG00000267317	0.167548629003595
ENSG00000119559	-0.614064407737467
ENSG00000115255	-0.593292335096035
ENSG00000267244	-0.25900828425985
ENSG00000261526	0.0274025397396965
ENSG00000133275	0.0385327624044856
ENSG00000133243	0.0501350808255866
ENSG00000267283	0.509042737752242
ENSG00000099875	-0.493373382361827
ENSG00000172081	-0.184453525708531
ENSG00000099840	-0.449805300796388
ENSG00000104885	-0.18401586754719
ENSG00000104886	-0.344809332977475
ENSG00000188305	-0.125798157415055
ENSG00000130332	-0.579029715073655
ENSG00000176619	-0.168042530599362
ENSG00000099860	-1.18736690479835
ENSG00000176533	-0.382858962126162
ENSG00000176490	0.641004182798339
ENSG00000261342	-0.0608241836216642
ENSG00000141873	-0.508969523102736
ENSG00000104969	-0.50989340164098
ENSG00000172009	-0.309317678155816
ENSG00000186300	-0.209923646566473
ENSG00000175691	-0.139062650089206
ENSG00000065717	0.148284260839311
ENSG00000104964	0.234125552839009
ENSG00000125912	-0.391543201676876
ENSG00000161082	0.131440107065946
ENSG00000064961	-0.0927345380016526
ENSG00000179855	0.119559312418839
ENSG00000186111	0.0166431993521271
ENSG00000007264	0.207251461782678
ENSG00000105278	0.219403330383258
ENSG00000167654	0.86561063951944
ENSG00000167657	-0.436596127624232
ENSG00000105229	-0.0634015632447426
ENSG00000178951	0.274352785518622
ENSG00000105246	0.826889453939287
ENSG00000105251	0.501506857519755
ENSG00000105255	0.557996671477458
ENSG00000178078	-0.0175874986496826
ENSG00000008382	-0.172352333029626
ENSG00000269318	0.0897887252006241
ENSG00000141985	-0.141491543516369
ENSG00000214456	-1.05495770399205
ENSG00000171236	0.242869187986535
ENSG00000167680	-0.0636532940213861
ENSG00000074842	-0.625113834160786
ENSG00000142002	-0.0659049535455107
ENSG00000205790	-0.125574089763149
ENSG00000287884	0.263861707225333
ENSG00000127666	0.193966876858815
ENSG00000276043	0.0804584524036175
ENSG00000127663	-0.0850004431291527
ENSG00000105426	0.164071368095544
ENSG00000130254	-0.036449916836615
ENSG00000160633	0.215351108222282
ENSG00000130255	-0.703470307716848
ENSG00000167733	0.0343648763854817
ENSG00000212123	-0.0510447601564923
ENSG00000105519	0.830432203859393
ENSG00000087903	-0.265021538346551
ENSG00000125656	-0.501730284877366
ENSG00000125652	-0.361779663760004
ENSG00000205744	0.8314448201046
ENSG00000275234	-0.682113002275776
ENSG00000125657	-0.144559755242386
ENSG00000276980	1.78000540611787
ENSG00000125733	-0.487460402089347
ENSG00000141968	0.284890679526788
ENSG00000171105	0.0634808317471906
ENSG00000104883	-0.391261890279255
ENSG00000198816	0.222016242485709
ENSG00000090674	0.515300386812727
ENSG00000032444	0.0888188466763558
ENSG00000076826	0.125669554031547
ENSG00000076944	0.702073404048625
ENSG00000104918	-0.135183986949187
ENSG00000183019	0.279793102600802
ENSG00000090659	0.296059815311941
ENSG00000142459	0.34757505041645
ENSG00000183248	0.47572849276714
ENSG00000076984	0.384833845875066
ENSG00000260001	0.193482899524253
ENSG00000104976	-0.459812218164787
ENSG00000269139	-0.27875732559013
ENSG00000286138	0.0550535453525577
ENSG00000066044	0.0116625941145015
ENSG00000167772	-0.300553573300199
ENSG00000133246	0.91359097674652
ENSG00000142347	0.558811239211834
ENSG00000167785	0.0575265825672632
ENSG00000269300	0.275028016792914
ENSG00000269400	0.218967246805193
ENSG00000130803	0.148909918197317
ENSG00000196110	-0.201166752308899
ENSG00000174652	-0.316198171032851
ENSG00000130818	-0.211456541816886
ENSG00000278611	-0.379191419713217
ENSG00000197961	-0.018380230593208
ENSG00000171469	-0.254575474337945
ENSG00000224689	-0.0797173884970961
ENSG00000277587	0.231758680643234
ENSG00000267612	0.429244350791455
ENSG00000267741	-0.146642827047845
ENSG00000127445	-0.213786684677894
ENSG00000130812	-0.0934717442753913
ENSG00000130810	-0.118461464869586
ENSG00000130816	0.295433971598657
ENSG00000105364	-0.483811070886594
ENSG00000090339	-0.999504435906186
ENSG00000220201	0.261337372800005
ENSG00000267673	-0.31811829847799
ENSG00000274425	-0.304362526170412
ENSG00000076662	0.269357542241966
ENSG00000065989	0.378740996227059
ENSG00000079999	0.0816780766868872
ENSG00000180739	0.388250284311791
ENSG00000129355	0.193928475619742
ENSG00000129353	-0.609275979966988
ENSG00000267100	-0.264684804355161
ENSG00000129351	-0.0288024084182595
ENSG00000213339	0.367519282642986
ENSG00000099203	-0.308445197985061
ENSG00000214212	0.160275135045015
ENSG00000142453	-0.0254894260172813
ENSG00000130733	-0.19173072221621
ENSG00000142444	-0.343294792470461
ENSG00000127616	-0.101656828039217
ENSG00000130164	-0.812683128664936
ENSG00000105518	-0.5617636128437
ENSG00000105520	-0.101067370997995
ENSG00000173928	-0.286282477322072
ENSG00000205517	-0.0115983548154303
ENSG00000196361	0.408370355782364
ENSG00000161914	-0.106151070563795
ENSG00000198551	0.0297932176639497
ENSG00000197933	-0.0143956427190537
ENSG00000197044	-0.404765612929718
ENSG00000171295	-0.137544376428473
ENSG00000171291	0.108603563266016
ENSG00000198429	0.0691540626331021
ENSG00000197054	-0.355080576073781
ENSG00000197647	-0.415032050606656
ENSG00000223547	-0.562253172935322
ENSG00000242615	-0.393981927500774
ENSG00000196646	-0.115528171593388
ENSG00000197857	-0.27629777412633
ENSG00000188868	-0.25625171942684
ENSG00000198342	-0.38343472719764
ENSG00000248406	-0.0018135744877425
ENSG00000180855	-0.222782264362131
ENSG00000249709	-0.0924423959977324
ENSG00000188033	-0.0210314031086102
ENSG00000173875	-0.0741443224378178
ENSG00000104774	0.596871041388492
ENSG00000105583	-0.372441203839692
ENSG00000095059	0.0838065707143671
ENSG00000198356	-0.381078511834274
ENSG00000095066	0.0517554845597452
ENSG00000171223	0.102802933703137
ENSG00000132026	0.11697689183522
ENSG00000105613	0.474043859622203
ENSG00000105612	-0.50286518091453
ENSG00000105610	-0.00681343286808817
ENSG00000105607	-0.578239865359404
ENSG00000179115	-0.185167756069667
ENSG00000179218	-0.351654900450265
ENSG00000179262	0.235363612812089
ENSG00000008441	0.331957447642512
ENSG00000104907	0.189109745212498
ENSG00000104915	0.169336415111102
ENSG00000160888	-0.632306834434133
ENSG00000187556	0.117272622977435
ENSG00000132000	-0.469182957476778
ENSG00000104998	-0.393548754682087
ENSG00000228887	0.79588186416473
ENSG00000141858	0.419853905805888
ENSG00000072062	0.0251957707554763
ENSG00000267783	0.513916324418147
ENSG00000267169	-0.0715634268713452
ENSG00000072071	0.394086339790535
ENSG00000123136	0.246435877399541
ENSG00000123143	-0.245336300824445
ENSG00000132002	-0.633198782464352
ENSG00000099797	-0.401316575222894
ENSG00000269378	0.21880713308822
ENSG00000160961	0.0528783748442374
ENSG00000127507	0.106865639505867
ENSG00000188269	1.63528078175524
ENSG00000105135	-0.527238251252855
ENSG00000141867	-0.109335605462742
ENSG00000105127	-0.0868653105299251
ENSG00000011243	-0.106923839671796
ENSG00000279716	0.523444573805048
ENSG00000105122	1.16477905848445
ENSG00000171903	-0.785834395621953
ENSG00000287961	0.192895277790909
ENSG00000072958	-0.139531125634636
ENSG00000127527	-0.175647423334828
ENSG00000289330	-0.019231144734454
ENSG00000105072	-0.194793214097123
ENSG00000269399	0.0298446803882939
ENSG00000127526	0.0347213860830406
ENSG00000279748	-0.402885626795249
ENSG00000268087	0.412927591263047
ENSG00000269044	-0.307576967253546
ENSG00000267904	0.0273009715296442
ENSG00000188039	-0.0113671332642317
ENSG00000127511	-0.0132665571310946
ENSG00000127533	-0.530587927787608
ENSG00000099330	0.339816243256302
ENSG00000160117	0.538611732443631
ENSG00000130299	0.0972769990719104
ENSG00000130300	-0.1398045004185
ENSG00000130303	-0.796867625096007
ENSG00000282851	0.00393454138407134
ENSG00000188051	-0.356919892920691
ENSG00000130313	-0.536460855387251
ENSG00000130309	0.474822248075693
ENSG00000130479	0.0205241768263731
ENSG00000130475	0.649031367201816
ENSG00000105639	1.02455709931363
ENSG00000105643	0.691124357168565
ENSG00000273654	0.121355671850444
ENSG00000099308	0.493555843887236
ENSG00000216490	0.657687868204263
ENSG00000254858	-0.748279794214959
ENSG00000105649	0.049677818706253
ENSG00000130518	-0.194218293996356
ENSG00000130522	0.00333389474012871
ENSG00000130517	-0.0415968327427031
ENSG00000130513	-0.769503044690977
ENSG00000175489	0.453386364787929
ENSG00000105655	-0.0894594242745444
ENSG00000105656	-0.00147945992212398
ENSG00000268030	0.424786318244469
ENSG00000167487	-0.491956151140671
ENSG00000105662	-0.0894818706489933
ENSG00000005007	-0.171591054669565
ENSG00000105669	-0.605036656847522
ENSG00000105676	-0.141215912835122
ENSG00000181035	-0.297792225945775
ENSG00000213999	-0.348841829400087
ENSG00000254901	-0.194873381997051
ENSG00000064490	-0.45348669145611
ENSG00000184162	-0.0685941436770206
ENSG00000167491	-0.384014901481915
ENSG00000178093	-0.234500519017005
ENSG00000250067	-0.246099581030053
ENSG00000064547	0.960319083525746
ENSG00000089639	0.563339298534275
ENSG00000105726	0.105336867244595
ENSG00000105708	-0.0690403954803402
ENSG00000266904	-0.0244657081386844
ENSG00000256771	0.212822080847205
ENSG00000267565	0.360684767617731
ENSG00000197124	-0.117132722741974
ENSG00000280079	0.753713966937801
ENSG00000237440	-0.0756391495955162
ENSG00000188171	-0.03281967888558
ENSG00000118620	0.0474946095548061
ENSG00000160352	-0.156166724036098
ENSG00000268322	-0.159306904257318
ENSG00000197013	0.140878330158262
ENSG00000197020	0.00882711099466528
ENSG00000198521	-0.0966180590432676
ENSG00000269345	-0.438601627449362
ENSG00000269837	-0.320568052811816
ENSG00000284428	-0.167311433952846
ENSG00000269397	-0.338618861514583
ENSG00000268362	0.0275709652178839
ENSG00000213096	0.100212706412783
ENSG00000267498	-0.514556718137172
ENSG00000276631	-0.586745394664318
ENSG00000187135	0.487263273027139
ENSG00000105171	-0.142620098562323
ENSG00000105176	0.512514388774957
ENSG00000266910	0.274012330308917
ENSG00000287859	0.0615972648711785
ENSG00000178904	-0.44090397867947
ENSG00000213965	-0.33875627667316
ENSG00000121289	-0.27879892775616
ENSG00000131944	-0.216219192868371
ENSG00000131941	-0.519294841360389
ENSG00000130876	-0.748224544941528
ENSG00000245848	0.964641365870256
ENSG00000267296	-0.1440552871522
ENSG00000153879	0.305286468285646
ENSG00000153885	-0.667004645563629
ENSG00000289539	-1.34064866848095
ENSG00000277013	-0.795406777084804
ENSG00000257103	0.0976853639328367
ENSG00000268751	0.391360351466798
ENSG00000089335	0.311021564022087
ENSG00000197841	0.382539185492761
ENSG00000153896	0.0167763674102202
ENSG00000270876	0.0918059660667713
ENSG00000089351	-0.129718223040287
ENSG00000105711	0.296672312435753
ENSG00000179066	0.167863055433799
ENSG00000089356	-0.134326159656955
ENSG00000153902	-0.884910166188854
ENSG00000279619	-0.447465777903676
ENSG00000221946	0.336391109141622
ENSG00000089327	-0.0789522742286041
ENSG00000105698	0.237100204687466
ENSG00000105697	1.29875638775777
ENSG00000012124	0.689611966969279
ENSG00000126266	-0.265365325180502
ENSG00000126262	0.270831271193367
ENSG00000189001	0.167526394850208
ENSG00000236144	-0.282698202532276
ENSG00000249115	0.0389736220003256
ENSG00000126254	-0.434697860671478
ENSG00000105672	0.355599367418578
ENSG00000126246	-0.180553477741599
ENSG00000205155	-0.449358041735873
ENSG00000004777	0.182310467491372
ENSG00000225872	0.25432238881658
ENSG00000126259	-0.225283269984744
ENSG00000167604	0.109777436837749
ENSG00000011600	1.52974639879347
ENSG00000126243	-0.0397653796145102
ENSG00000161277	0.222303072625839
ENSG00000126247	-0.0660575594207227
ENSG00000161281	0.248383381338811
ENSG00000267005	0.514362777279136
ENSG00000167635	0.404859203917669
ENSG00000232677	0.0369899620047411
ENSG00000267053	0.0694151321341403
ENSG00000142065	0.236059682763527
ENSG00000186017	0.200601402292114
ENSG00000254004	0.271778375594535
ENSG00000186020	0.0111078255699678
ENSG00000233527	0.0822161747522123
ENSG00000276071	0.106021759131053
ENSG00000225975	0.523562401955799
ENSG00000189042	0.0469313753579717
ENSG00000196967	-0.067094030683248
ENSG00000245680	0.103696225548016
ENSG00000188283	0.142420324368962
ENSG00000286449	-0.233971169147276
ENSG00000276846	0.381647406441893
ENSG00000189164	-0.078722180506235
ENSG00000171827	0.296089693371987
ENSG00000266916	0.16469377007703
ENSG00000267470	0.00363779014581707
ENSG00000171817	0.460347962555814
ENSG00000120784	0.269725301618792
ENSG00000196381	0.073375863452235
ENSG00000267319	-0.355772120276297
ENSG00000198182	0.0598177111452162
ENSG00000267640	-0.179211368043662
ENSG00000275132	0.0286951385000118
ENSG00000011332	-0.138192164897764
ENSG00000167642	-0.00169176861972753
ENSG00000099337	0.429813775726059
ENSG00000099338	0.0981606530250061
ENSG00000099341	-0.404255697990418
ENSG00000179168	-0.369832026522734
ENSG00000188766	-0.432505333011309
ENSG00000130244	-0.265469913655306
ENSG00000171777	0.40241972473834
ENSG00000104814	0.201476665298117
ENSG00000104823	-0.217877296910772
ENSG00000104824	-0.00191823561951212
ENSG00000269688	-0.114691768918178
ENSG00000187994	0.480237826467175
ENSG00000128626	-0.481998141445027
ENSG00000269486	-0.470530187812062
ENSG00000269190	-0.257083795599771
ENSG00000183760	0.0923160222100234
ENSG00000130669	-0.45508310422385
ENSG00000128011	0.203860345491946
ENSG00000130755	0.256167609899819
ENSG00000063322	-0.280556364280809
ENSG00000288919	-0.264647866103131
ENSG00000128016	0.297411991999286
ENSG00000105197	-0.232002320010702
ENSG00000276445	0.152417860728032
ENSG00000013275	0.0514122846852065
ENSG00000187187	0.147930388877152
ENSG00000128000	0.166490005811619
ENSG00000197782	0.275946668089119
ENSG00000174521	0.087600280137605
ENSG00000105221	-0.0401316527818462
ENSG00000105223	0.0407093595400586
ENSG00000105227	-0.717229528660354
ENSG00000167565	-0.316980855140774
ENSG00000090013	-0.676876527372658
ENSG00000160410	0.0809337776979841
ENSG00000090006	0.363864190872774
ENSG00000105245	-0.380875092762044
ENSG00000123815	-0.553994495517172
ENSG00000086544	-0.579892133938297
ENSG00000188493	-0.153899995698469
ENSG00000077312	-0.0836073095023762
ENSG00000261857	-0.0531514209875601
ENSG00000233622	0.588863679705628
ENSG00000279108	-0.299756527648669
ENSG00000167600	0.849072059333554
ENSG00000105323	0.143463215362531
ENSG00000105329	-0.183827279290556
ENSG00000286177	0.138597012332174
ENSG00000077348	-0.125618251976431
ENSG00000269800	0.852027397581419
ENSG00000270164	1.9467261920106
ENSG00000268027	0.306074904680164
ENSG00000007129	0.0173670549671437
ENSG00000076928	0.231134865291605
ENSG00000105409	0.361773520942306
ENSG00000028277	0.224879232820809
ENSG00000160570	-0.141629281130846
ENSG00000167625	0.0220598156656455
ENSG00000105723	0.25974255432399
ENSG00000079432	0.00984318296308756
ENSG00000079462	0.242871728873771
ENSG00000188368	0.0676080765468469
ENSG00000079435	0.20473028283188
ENSG00000225877	0.972002124407953
ENSG00000204936	0.264639936426395
ENSG00000176531	-0.435180305287788
ENSG00000105755	-0.377058613894741
ENSG00000073050	0.0168242685806594
ENSG00000167378	0.00191576877160458
ENSG00000131116	-0.583178890432831
ENSG00000011422	-0.0769680265718106
ENSG00000176222	0.149210755978806
ENSG00000278917	-0.323158334567403
ENSG00000267058	0.211649310413121
ENSG00000124459	-0.0455068026895636
ENSG00000277806	0.290053710818401
ENSG00000266921	0.520846437610403
ENSG00000159882	0.384066912637506
ENSG00000159885	0.0919787252046595
ENSG00000178386	-0.09299307540389
ENSG00000186026	0.180807067257743
ENSG00000267680	0.255765349706038
ENSG00000186019	0.241370687619329
ENSG00000256294	-0.0268036803370726
ENSG00000263002	0.100540570846862
ENSG00000167380	0.0279623303949369
ENSG00000131115	0.180946232781571
ENSG00000062370	0.233060584873371
ENSG00000267508	0.320016420369298
ENSG00000278318	-0.0549361308617265
ENSG00000073008	-0.458272063417331
ENSG00000069399	-0.505019441079146
ENSG00000130202	-0.875658454716562
ENSG00000130204	-0.383421635465574
ENSG00000130208	0.0379552375798124
ENSG00000267467	-0.00975379964361088
ENSG00000234906	1.577354663954
ENSG00000104856	-0.450208287029407
ENSG00000104866	-0.0924409815292759
ENSG00000179846	-0.15445758723821
ENSG00000007255	-0.470208504802761
ENSG00000189114	0.0984152954471227
ENSG00000125740	-1.32319996207239
ENSG00000125744	0.333214173692758
ENSG00000125741	0.0257936693604932
ENSG00000125746	0.41299946036495
ENSG00000010310	0.499514762005439
ENSG00000125743	-0.192496606551326
ENSG00000177045	-0.719183540576935
ENSG00000176182	0.358121487888347
ENSG00000008438	-0.112846324281365
ENSG00000268401	0.17196887321773
ENSG00000204869	0.101135163829299
ENSG00000268460	0.371315231236324
ENSG00000124440	-0.631418931121928
ENSG00000011485	-0.312622293637103
ENSG00000169515	-0.82747559363473
ENSG00000182013	0.217293193557466
ENSG00000204851	0.285626143275614
ENSG00000160013	-0.318710153605479
ENSG00000167414	-0.0974610416299302
ENSG00000197380	0.291140560463829
ENSG00000105287	-0.54251171037277
ENSG00000181027	-0.0399011485808676
ENSG00000105281	-0.0285314856886006
ENSG00000130751	0.0234426887596748
ENSG00000142230	-0.030812088967876
ENSG00000134830	0.478509997184735
ENSG00000105419	0.227156701170006
ENSG00000118162	-0.249014300656414
ENSG00000268061	-0.324554558062412
ENSG00000105373	0.00271766606934383
ENSG00000178980	-0.145705881040425
ENSG00000185453	0.0995968873744119
ENSG00000105483	0.366339810741839
ENSG00000268583	0.19809773146171
ENSG00000268001	0.0592079842400887
ENSG00000142227	-0.738540312297295
ENSG00000161558	0.13881094468139
ENSG00000105438	-0.406048580078514
ENSG00000105464	0.199128762113452
ENSG00000105447	0.00750706789238241
ENSG00000182324	-0.30375767786623
ENSG00000142235	0.342786416760175
ENSG00000063177	-0.421365151319143
ENSG00000063176	0.215711922749635
ENSG00000063180	0.698226098725261
ENSG00000142233	-0.328726875748251
ENSG00000176920	-0.000677842216998605
ENSG00000105552	-0.573196872207971
ENSG00000105559	-0.262173872795273
ENSG00000104805	-0.407855016369397
ENSG00000104808	-0.13978944369944
ENSG00000087088	-0.142695315996337
ENSG00000267898	0.0266188958195917
ENSG00000087086	-0.19348837187337
ENSG00000104812	-0.741799913515333
ENSG00000183207	-0.484100439814511
ENSG00000104863	-0.109715932303452
ENSG00000221916	0.293674678181085
ENSG00000177380	0.0817519356297446
ENSG00000130528	-0.0905813471362987
ENSG00000130529	-0.626670470309083
ENSG00000104894	1.88029630308556
ENSG00000074219	-0.442186540042331
ENSG00000161618	0.29150254385962
ENSG00000142541	-0.251147497641671
ENSG00000104870	-0.111666288305942
ENSG00000142552	0.129602756484866
ENSG00000142546	-0.162820521815073
ENSG00000126456	-0.292851934082802
ENSG00000126453	-0.299393839020505
ENSG00000126457	-0.417309571065328
ENSG00000224420	-0.897298722047561
ENSG00000169169	0.248694324245768
ENSG00000010361	-0.0369029316400489
ENSG00000104973	-0.0457859638234706
ENSG00000268006	-0.0944826664864517
ENSG00000039650	-0.180062202779522
ENSG00000104946	0.129793941522864
ENSG00000104951	0.102325803804129
ENSG00000213024	0.241197066506807
ENSG00000169136	-0.25268244535633
ENSG00000161643	0.326022189509281
ENSG00000105053	-0.0748977261807869
ENSG00000267890	0.480498900547376
ENSG00000131398	0.747791980342748
ENSG00000131408	-0.0945568104483661
ENSG00000131401	0.330534144282096
ENSG00000131400	-0.00322784254692323
ENSG00000062822	-0.110459760222746
ENSG00000142530	-0.507100018736196
ENSG00000204653	-0.489587577494929
ENSG00000131409	-0.0163492339502535
ENSG00000213023	0.371164986251131
ENSG00000161681	0.647524018029225
ENSG00000167747	-0.937019193679085
ENSG00000279676	0.0151283221762481
ENSG00000129437	-0.0522527350523051
ENSG00000142544	0.100640449744654
ENSG00000129450	0.934884305705537
ENSG00000168995	0.711429977227427
ENSG00000267895	0.15961538475529
ENSG00000268849	0.362495738647957
ENSG00000105383	0.567359659512009
ENSG00000142549	0.522407345299668
ENSG00000186806	0.277961818714374
ENSG00000105366	2.13944764248858
ENSG00000105497	0.155637803686947
ENSG00000267808	0.239239962144387
ENSG00000269959	0.255543583393957
ENSG00000182310	0.12932688273595
ENSG00000105509	-0.117370681571282
ENSG00000171051	0.598731874081725
ENSG00000187474	0.348450875952216
ENSG00000161551	0.0966001861309873
ENSG00000283236	0.502178377995498
ENSG00000269235	-0.12341193273227
ENSG00000197619	0.224265686953215
ENSG00000142556	0.141503691516368
ENSG00000256087	-0.0331777464258438
ENSG00000275055	0.715670868870574
ENSG00000260160	-0.0297834071949576
ENSG00000204611	0.211694446472769
ENSG00000196267	0.120374392599626
ENSG00000105568	-0.630133921518892
ENSG00000196214	-0.0543524185349911
ENSG00000198464	0.221935253993246
ENSG00000167554	0.0418039715834353
ENSG00000221923	-0.187849961395435
ENSG00000269834	-0.528983371844752
ENSG00000167555	-0.228151629919334
ENSG00000198633	0.0134367592122774
ENSG00000289102	-0.401798445732421
ENSG00000167766	-0.222524557193413
ENSG00000268970	0.297710280096508
ENSG00000288953	0.228748685161329
ENSG00000213020	0.0245746610766106
ENSG00000189190	0.104096987691049
ENSG00000198538	0.185803991439287
ENSG00000204604	0.0652632561775783
ENSG00000182986	-0.063011330892756
ENSG00000213793	-0.0175862559094398
ENSG00000180257	0.249952959476887
ENSG00000170954	0.399127493059681
ENSG00000197937	-0.0324141575595048
ENSG00000267809	-0.771677001027791
ENSG00000197928	-0.0469596940139171
ENSG00000213799	0.175820080453968
ENSG00000241015	-0.104515524398566
ENSG00000160336	0.189589009001755
ENSG00000126583	-0.1499702018954
ENSG00000105605	0.743605603465998
ENSG00000142408	0.531463898397473
ENSG00000170909	1.132506370562
ENSG00000105619	0.109147811776575
ENSG00000105618	-0.251648156634901
ENSG00000088038	0.166368759159081
ENSG00000105617	0.115451814549971
ENSG00000170892	-0.746666624343361
ENSG00000204577	0.898209728284984
ENSG00000235081	-0.273724351867438
ENSG00000244482	0.532850122848194
ENSG00000105609	0.206514191144151
ENSG00000131042	0.694192098158851
ENSG00000187116	0.354021709540757
ENSG00000239961	1.81692825414407
ENSG00000167613	1.39592669355864
ENSG00000167614	-1.10350321700731
ENSG00000268496	-0.748630156751535
ENSG00000267838	0.0479502165359562
ENSG00000275183	-0.112752509483374
ENSG00000167617	-0.681906562083404
ENSG00000239998	0.585329172024156
ENSG00000104972	0.632561246188978
ENSG00000186818	0.883586473255631
ENSG00000225370	0.59796145587252
ENSG00000125503	0.106776513020096
ENSG00000287170	0.147573185597923
ENSG00000129990	0.185356098233134
ENSG00000160469	0.483455355334028
ENSG00000133247	0.28286621659247
ENSG00000095752	-0.0162369639963131
ENSG00000187902	0.602941530709689
ENSG00000063241	-0.556346270560518
ENSG00000197483	-0.495057484483298
ENSG00000179943	0.303879966962737
ENSG00000171443	0.140811173502339
ENSG00000171425	-0.0481751564860195
ENSG00000173581	-0.340184825600871
ENSG00000267523	0.705524855881428
ENSG00000267117	-0.259305691630364
ENSG00000279959	-0.604739066987852
ENSG00000266932	0.359037957662457
ENSG00000285996	0.180217730063347
ENSG00000267192	0.108540097557065
ENSG00000267454	-0.164798573566783
ENSG00000198046	0.0450256969990107
ENSG00000196263	-0.169046731034721
ENSG00000267421	-0.315311700951748
ENSG00000269696	0.129558713721902
ENSG00000197016	0.420649455204616
ENSG00000197951	0.104706110337263
ENSG00000127903	0.134833678428183
ENSG00000198300	0.766412034479248
ENSG00000083844	0.0749731585118549
ENSG00000105146	-0.610720412907697
ENSG00000197714	-0.193176695416056
ENSG00000279541	0.539742704281114
ENSG00000288899	-0.57136562211362
ENSG00000178229	-0.197671525891995
ENSG00000268678	0.0570998377727474
ENSG00000256060	-0.439323549186131
ENSG00000186272	0.0651709993175676
ENSG00000197128	-0.137494569979386
ENSG00000105136	0.123198376039954
ENSG00000152439	-0.119349889801495
ENSG00000251369	-0.0658829869852807
ENSG00000171649	-0.104115350124854
ENSG00000183647	-0.130683658212298
ENSG00000204519	-0.136808770383191
ENSG00000152443	0.235015326721152
ENSG00000204514	-0.0106724451428873
ENSG00000198466	0.110444832947035
ENSG00000152454	-0.335162190471435
ENSG00000243234	-0.301495935326468
ENSG00000177025	-0.195319679683821
ENSG00000166704	-0.0527808782584798
ENSG00000176593	0.395919866983727
ENSG00000152467	-0.124147442858031
ENSG00000268660	-0.326977079144341
ENSG00000176293	-0.0391337107576319
ENSG00000121413	-0.658494509536907
ENSG00000269236	-0.182697809604227
ENSG00000268516	-0.126059429938952
ENSG00000283103	0.11975790306503
ENSG00000269054	-0.06574058196491
ENSG00000152475	-0.257041223879572
ENSG00000268307	-0.525317345696522
ENSG00000171574	-0.205633128465432
ENSG00000232098	0.166034909937966
ENSG00000131849	-0.0557270879728682
ENSG00000249471	-0.130747264815343
ENSG00000083838	-0.452555848765096
ENSG00000083807	-0.017532294604454
ENSG00000130724	-0.265809350459934
ENSG00000130725	0.0163388784273814
ENSG00000099326	0.285790773142229
ENSG00000247315	0.275629661825272
ENSG00000286158	0.0125858286057847
ENSG00000225377	-0.00410136336818502
ENSG00000177732	0.594147471474385
ENSG00000101255	-0.549959422135987
ENSG00000125826	-0.128128161726705
ENSG00000125875	0.130695998014451
ENSG00000271303	-0.551145581795005
ENSG00000101276	-0.730088798973106
ENSG00000125818	-0.0349983944605523
ENSG00000125775	-0.507801671860205
ENSG00000088832	-0.47503941017373
ENSG00000088833	-0.0879425819244747
ENSG00000196209	0.711694668331082
ENSG00000276649	-0.500798270657158
ENSG00000198053	-0.0438092011345052
ENSG00000125835	-0.411415845377214
ENSG00000101361	0.178515724987849
ENSG00000101365	0.0213955783941672
ENSG00000228293	-0.248593157489989
ENSG00000088881	-0.0154388519238018
ENSG00000088882	0.169128839718859
ENSG00000132635	0.222900779996782
ENSG00000215305	0.233546850677219
ENSG00000132670	-0.127658069854687
ENSG00000101200	0.770647368985972
ENSG00000185019	-0.278285315533358
ENSG00000215251	0.264391380287487
ENSG00000289183	-0.0958851061722018
ENSG00000198171	-0.0981780261118066
ENSG00000289494	-0.427403098111355
ENSG00000125877	-0.23879588482469
ENSG00000088827	0.0840385482626045
ENSG00000275582	0.0608253363280227
ENSG00000101236	-0.076106356500526
ENSG00000226608	0.147837342600819
ENSG00000088826	-0.813237595264261
ENSG00000089057	0.020818183262396
ENSG00000276768	0.697390415827757
ENSG00000132646	0.23445907665198
ENSG00000125772	-0.212801934966463
ENSG00000089195	0.21255834564797
ENSG00000125885	0.0529468774292268
ENSG00000088766	-0.202311108750067
ENSG00000125845	-0.179603182226839
ENSG00000132639	0.578141206432704
ENSG00000289505	0.547992068242622
ENSG00000132640	0.582931302492784
ENSG00000089006	0.387294095758025
ENSG00000125871	-0.127182791003017
ENSG00000149474	0.419714257345024
ENSG00000132664	-0.0110563263949388
ENSG00000232388	0.392541276375952
ENSG00000125821	-0.165328775349816
ENSG00000273148	0.0257992243219752
ENSG00000268628	-0.273268820799446
ENSG00000132669	0.0803914569738148
ENSG00000173418	-0.0789540417619748
ENSG00000101343	-0.0358679005231103
ENSG00000173404	0.0658434202077982
ENSG00000088970	0.138210048239698
ENSG00000214535	-0.524098529121368
ENSG00000275457	-0.656085694357235
ENSG00000088930	-0.0170508954223816
ENSG00000225280	-0.112501271535572
ENSG00000278041	0.328997672452659
ENSG00000125820	-0.0521664410215574
ENSG00000259974	-0.0816662263345923
ENSG00000125798	-0.232423861188948
ENSG00000178726	-0.509091630760889
ENSG00000125810	-1.09758323166632
ENSG00000101439	-0.874240095654669
ENSG00000225056	0.0591319486857943
ENSG00000077984	0.208944945642965
ENSG00000101474	-0.0659549490926248
ENSG00000154930	-0.379711426784734
ENSG00000275358	-0.471138347826846
ENSG00000100987	-0.108121672939014
ENSG00000100994	-0.802608746248797
ENSG00000100997	0.0228507985595203
ENSG00000170191	-0.257669745915232
ENSG00000278383	0.377648724314412
ENSG00000283020	0.326603519579998
ENSG00000238151	0.937023016133765
ENSG00000101294	-0.148441454394893
ENSG00000131055	-0.178533376459006
ENSG00000171552	-0.176450764891062
ENSG00000101306	-0.596973364994428
ENSG00000149599	-0.805090106136364
ENSG00000131044	-0.257813577974556
ENSG00000088356	-0.328403685098912
ENSG00000101336	0.536298916426492
ENSG00000101337	-0.0954821754404737
ENSG00000235217	-0.102958972768587
ENSG00000126003	-0.132043296289057
ENSG00000101346	-0.203825306118057
ENSG00000101350	0.216463986006189
ENSG00000197183	0.0526058542242242
ENSG00000101367	0.0677975622812773
ENSG00000101391	-0.245831716074335
ENSG00000101400	-0.679278224615796
ENSG00000078699	-0.0413834941614587
ENSG00000275223	0.254442286211505
ENSG00000125967	-0.313134657470288
ENSG00000101412	-0.317642990752504
ENSG00000101417	-0.215185359436589
ENSG00000131061	0.0296192528047109
ENSG00000101421	0.00539807636149925
ENSG00000287853	-0.288498465488286
ENSG00000101460	-0.363865450433565
ENSG00000198646	0.20177059324538
ENSG00000131067	0.312603377811905
ENSG00000131069	0.28917588410627
ENSG00000100983	-0.424160182471607
ENSG00000088298	-0.0412787037581583
ENSG00000242372	-0.386176476372164
ENSG00000125991	-0.273969498877079
ENSG00000214078	0.051708614424969
ENSG00000244462	-0.0664614049608369
ENSG00000244005	-0.308277735115588
ENSG00000125995	-0.510033735613031
ENSG00000131051	0.0555622677411486
ENSG00000025293	0.0148449608121252
ENSG00000171222	-0.39203294014818
ENSG00000260032	0.395246067056907
ENSG00000088367	0.401851809316861
ENSG00000232406	0.159425578637157
ENSG00000131043	-0.289235968186067
ENSG00000080845	-0.147794080667413
ENSG00000118707	-0.330999085693831
ENSG00000101084	-0.150755882311924
ENSG00000149639	0.294627158142636
ENSG00000101347	0.536148814363685
ENSG00000118705	-0.512381963877112
ENSG00000101363	-0.471406421261954
ENSG00000235044	-0.166543254504084
ENSG00000132792	-0.0363033659890706
ENSG00000132821	-0.000158347847944329
ENSG00000101407	-0.031397853954403
ENSG00000101413	-0.187972258995633
ENSG00000198959	-0.903092384959949
ENSG00000277829	0.386965827861114
ENSG00000196756	-0.905407820203403
ENSG00000174365	-0.440916176233156
ENSG00000101438	-0.0591821811098915
ENSG00000101445	0.464104941790322
ENSG00000204103	1.0708684391577
ENSG00000198900	0.097406853990752
ENSG00000124181	-0.350166409140691
ENSG00000174306	-0.131207824467003
ENSG00000101052	-0.137346688322242
ENSG00000124191	-0.0546647595207164
ENSG00000132823	-0.316406347083532
ENSG00000223891	0.207737316348167
ENSG00000124120	-0.127192721238939
ENSG00000132824	0.461952930773465
ENSG00000168734	-0.439044778071209
ENSG00000196839	0.0772985824865641
ENSG00000283440	-0.294374281777749
ENSG00000124249	-0.120735429897082
ENSG00000101098	0.244683492160051
ENSG00000166913	0.383958451906874
ENSG00000101104	-0.0961412952199978
ENSG00000025772	-0.685306975233929
ENSG00000101109	0.262854374761928
ENSG00000124102	0.102290444728911
ENSG00000124145	-1.76249118864286
ENSG00000275894	0.377923627000248
ENSG00000204070	0.144906550507399
ENSG00000124251	0.0789953359841705
ENSG00000277022	-1.03218046590402
ENSG00000101443	-0.703152075960619
ENSG00000101457	-0.530328321922099
ENSG00000124104	-0.771849534931963
ENSG00000168612	0.076456903940064
ENSG00000149634	-0.154105379102392
ENSG00000124257	-1.04355149347534
ENSG00000100979	-0.69308364849544
ENSG00000285796	0.304438519084711
ENSG00000100982	-0.0948114979013285
ENSG00000100985	0.072228795902219
ENSG00000124140	0.26012297303951
ENSG00000124160	0.0825797071542824
ENSG00000101017	-0.160524858337574
ENSG00000080189	-0.494674319651083
ENSG00000062598	-0.214555050698111
ENSG00000198185	0.165611123477357
ENSG00000273893	0.437102927017902
ENSG00000172315	-0.106713064466835
ENSG00000197496	-0.398093905613902
ENSG00000101040	-0.0611384499523424
ENSG00000124126	0.333187991573484
ENSG00000124214	0.418027711905231
ENSG00000158470	-0.0914751033982058
ENSG00000197818	-0.307017137213534
ENSG00000158480	-0.293082789394857
ENSG00000124216	-0.160039207519428
ENSG00000172216	0.568402773135452
ENSG00000196396	-0.355949518900167
ENSG00000000419	-0.229426282031342
ENSG00000124217	-0.252708000438794
ENSG00000171940	-0.298919067879752
ENSG00000124098	0.153680130207831
ENSG00000022277	-0.212472731878791
ENSG00000288946	0.18482816816414
ENSG00000101146	-0.292725903065668
ENSG00000132819	-0.602507270427049
ENSG00000124225	0.0287571926081986
ENSG00000278709	-0.120195612288342
ENSG00000124222	0.19060852111671
ENSG00000215440	-0.164472452495495
ENSG00000101160	0.0911656182183882
ENSG00000124205	-0.283850830840413
ENSG00000087495	0.399717861243398
ENSG00000238194	0.557739905685022
ENSG00000286232	0.170432662410755
ENSG00000130699	0.12811730462573
ENSG00000283078	0.194780781657801
ENSG00000101182	-0.289502793685515
ENSG00000101180	0.273296838605893
ENSG00000130703	0.0967045588814956
ENSG00000130706	-0.401777105954393
ENSG00000226332	0.226284320027541
ENSG00000130702	-0.575384253044181
ENSG00000101187	-0.499054922816306
ENSG00000276317	-0.155768470456955
ENSG00000232803	-0.62169017248818
ENSG00000101188	0.113421859316184
ENSG00000101191	0.0690055874225435
ENSG00000101193	-0.145607268937729
ENSG00000101194	0.627698775159598
ENSG00000225978	0.318991079238495
ENSG00000149658	-0.159708937486692
ENSG00000273821	-0.38387549623271
ENSG00000101198	-0.638492519850977
ENSG00000101203	0.29860324664438
ENSG00000101204	0.254865970072839
ENSG00000075043	0.270863493280048
ENSG00000101210	0.269660558559647
ENSG00000125534	-0.593827844220923
ENSG00000101213	-0.332623288525255
ENSG00000130589	-0.927455826212879
ENSG00000101216	-0.366280882938238
ENSG00000232442	0.352642188872172
ENSG00000243509	-1.11231791646617
ENSG00000203896	0.414764084660305
ENSG00000125520	-0.917497228226886
ENSG00000268858	-0.826133167093095
ENSG00000171700	1.03715496180517
ENSG00000196132	0.292678953143365
ENSG00000203880	0.46997501673685
ENSG00000277117	-0.130386858108009
ENSG00000275464	-0.223687414699087
ENSG00000280433	0.331642836214545
ENSG00000275993	-1.00850954407998
ENSG00000279414	-0.592481847986106
ENSG00000188681	-0.224028973679053
ENSG00000228600	0.456114778340469
ENSG00000180530	-0.0750878150127631
ENSG00000154640	-0.421168883473042
ENSG00000154642	0.753979262941956
ENSG00000198618	0.642170339893159
ENSG00000224924	0.528033334549904
ENSG00000154654	0.132463567880174
ENSG00000260583	-0.156409629904684
ENSG00000154719	-0.0585794658657659
ENSG00000154721	-0.775030409891699
ENSG00000287109	0.090790426271831
ENSG00000154727	0.219171458577963
ENSG00000142192	0.561983436217908
ENSG00000156239	0.261152990589466
ENSG00000176054	-0.243059933307859
ENSG00000156256	0.32174591668765
ENSG00000156261	-0.107640994220336
ENSG00000174680	0.060396952790646
ENSG00000142168	0.0172341304539953
ENSG00000166979	-0.176442685737397
ENSG00000159079	-0.241053393463179
ENSG00000238197	-0.0457657651880486
ENSG00000159086	0.296131452520989
ENSG00000205929	-0.112442691359073
ENSG00000205927	0.773435526395231
ENSG00000184221	0.709148799518272
ENSG00000223799	0.64560239020049
ENSG00000142166	-0.16987734498145
ENSG00000159128	0.126981794460719
ENSG00000231355	0.335525184205732
ENSG00000177692	0.411913611134952
ENSG00000159131	-0.233760192871929
ENSG00000159147	-0.206837230616036
ENSG00000243927	0.02367897053936
ENSG00000189089	-0.174004357215201
ENSG00000159231	-0.264914513386813
ENSG00000214867	0.0510990092447433
ENSG00000159256	0.214604750877256
ENSG00000231324	-0.123668657539506
ENSG00000185808	0.193909435488703
ENSG00000182670	0.487069055644508
ENSG00000270116	-0.202845613343189
ENSG00000242553	-0.416250774924823
ENSG00000272948	0.649001027248021
ENSG00000289404	-0.798663863434748
ENSG00000157557	-0.301970386737171
ENSG00000183527	-0.264249589334669
ENSG00000205581	-0.307677918339672
ENSG00000182240	-0.373325431984537
ENSG00000183486	-0.0581390639729717
ENSG00000157601	-0.503731549135834
ENSG00000141956	-0.0464262781419056
ENSG00000173276	-0.101576446587157
ENSG00000160179	0.209703523118804
ENSG00000160183	-0.887775166386874
ENSG00000235023	-0.0749629881623213
ENSG00000160193	-0.0399245725157081
ENSG00000160199	-0.0651153797843334
ENSG00000160200	0.178958338678944
ENSG00000160208	-0.0290662782508165
ENSG00000160213	-0.0791700356055622
ENSG00000160214	0.0272773464315866
ENSG00000226543	-0.23459545456158
ENSG00000160216	-0.138583495692211
ENSG00000160218	0.283836630844841
ENSG00000237604	0.331660792530248
ENSG00000160224	-0.24000712885478
ENSG00000141959	-0.344520783266298
ENSG00000160226	-0.0626129526079797
ENSG00000184441	0.0565824668799451
ENSG00000142185	0.609581762065861
ENSG00000183255	-0.705872322168391
ENSG00000289009	-0.746955882470096
ENSG00000160255	0.772513092723337
ENSG00000227039	0.998339870571102
ENSG00000183250	-0.442750810828282
ENSG00000160256	-0.177190335397881
ENSG00000197381	0.0421742287399453
ENSG00000223768	-0.16341524515346
ENSG00000182871	-0.247961746512607
ENSG00000173638	-0.220712268398321
ENSG00000160282	-0.034461902228031
ENSG00000160284	-0.38759401488698
ENSG00000160285	0.160043226027835
ENSG00000160294	0.341868865288773
ENSG00000239415	-0.182075660374012
ENSG00000160298	-0.0515477245330341
ENSG00000160310	0.286913012324545
ENSG00000177663	0.274690848549471
ENSG00000069998	-0.291307334074194
ENSG00000099954	-0.214121906420599
ENSG00000182902	-0.212800857153362
ENSG00000236754	-0.580099394108312
ENSG00000099968	-0.00389298704616128
ENSG00000243156	0.234238876876702
ENSG00000184979	0.027635069287069
ENSG00000100033	-1.03658711674757
ENSG00000286025	-0.0263500950150259
ENSG00000273311	-0.491062630975713
ENSG00000070371	-0.159496457707462
ENSG00000242259	0.250398568999541
ENSG00000185608	-0.395689401086698
ENSG00000185065	-0.39161125235718
ENSG00000070010	-0.192691210377173
ENSG00000287652	-0.710999729262459
ENSG00000184113	-1.41884178831713
ENSG00000184702	-0.0075882100562789
ENSG00000184470	-0.363638247085742
ENSG00000093010	-0.353572821399047
ENSG00000099901	-0.0843161510383467
ENSG00000234409	-0.132554888702156
ENSG00000128185	-0.368785847127512
ENSG00000185252	0.0614917651148226
ENSG00000236670	0.288809752902866
ENSG00000099917	-0.0943758746194358
ENSG00000226287	-0.129372318033385
ENSG00000099940	-0.182280893216061
ENSG00000099942	0.339571065420633
ENSG00000237476	0.141664559069247
ENSG00000099949	-0.0299742458417953
ENSG00000184436	-0.0568512500574035
ENSG00000099957	0.234925418024747
ENSG00000099960	0.100805101876039
ENSG00000206145	0.0835473306242191
ENSG00000185651	0.164672711118245
ENSG00000128228	-0.689954909315104
ENSG00000279278	0.509919440825143
ENSG00000274422	0.273856902489726
ENSG00000211644	0.180196794553508
ENSG00000211653	0.373745015880932
ENSG00000211662	0.280902378601835
ENSG00000211668	-0.0162845814565457
ENSG00000278196	0.285660897565552
ENSG00000211675	1.14161661192642
ENSG00000211677	0.737820714703643
ENSG00000211679	0.763856101052533
ENSG00000128266	0.176727212608408
ENSG00000283438	-0.92425830759541
ENSG00000100228	-0.636104395695802
ENSG00000128218	-0.78042939490814
ENSG00000099956	-0.392730132102609
ENSG00000272973	0.620114785999266
ENSG00000244425	0.479309152705094
ENSG00000273295	0.661691388991391
ENSG00000133433	-1.07387636672026
ENSG00000099998	-0.851948814380738
ENSG00000128262	-0.766551164095299
ENSG00000100028	0.217200955657249
ENSG00000178026	-0.20323868343851
ENSG00000100031	-0.102760559013506
ENSG00000197077	-0.276485222997932
ENSG00000272977	0.202502258352245
ENSG00000100077	0.192125454948196
ENSG00000100099	-0.118647749400508
ENSG00000100109	0.0524799582571898
ENSG00000128294	-0.394727521356335
ENSG00000180957	0.306227980096864
ENSG00000235954	-0.0388052807527846
ENSG00000100209	-0.158826679773914
ENSG00000159873	0.155274900017782
ENSG00000100219	-0.196712522136215
ENSG00000183579	-0.407626917829876
ENSG00000100249	-0.892843616940675
ENSG00000183762	-0.584031706012845
ENSG00000186998	-0.32713363956595
ENSG00000100263	-0.633663002807069
ENSG00000100276	-0.672148933131581
ENSG00000100280	-0.104589757168479
ENSG00000100314	0.923902815834727
ENSG00000100319	-0.400871213418028
ENSG00000100325	-0.279995990541009
ENSG00000100330	-0.119664261052491
ENSG00000227201	-0.150091441632139
ENSG00000128342	-0.985616371720642
ENSG00000268812	-0.0559310862199784
ENSG00000099985	1.21869776213449
ENSG00000279699	-0.479449780864534
ENSG00000239282	-1.02674782337923
ENSG00000099992	-0.794254942230541
ENSG00000099995	0.10700878136074
ENSG00000099999	-0.301069290849804
ENSG00000100003	-0.9354139970976
ENSG00000273350	-0.348466677467612
ENSG00000214491	0.147139885937288
ENSG00000100029	-0.157948475153361
ENSG00000185339	-1.02886346524602
ENSG00000100036	-0.229569095887414
ENSG00000167065	-0.0269454788637184
ENSG00000250318	0.151130343609817
ENSG00000133422	-0.0564595137909393
ENSG00000253352	-0.108898931076903
ENSG00000273387	-0.519172776005889
ENSG00000198832	-0.913599605143905
ENSG00000185133	0.458355426823425
ENSG00000138942	-0.200362674010505
ENSG00000182541	-0.583661185822343
ENSG00000100100	-0.572440645043912
ENSG00000100105	0.00465687307807385
ENSG00000241878	-0.169140514759049
ENSG00000128245	0.672855539911295
ENSG00000232346	-0.696261962590908
ENSG00000273325	0.238104658288509
ENSG00000100220	-0.260298571782612
ENSG00000100234	-1.21966359644367
ENSG00000100281	0.076403488202635
ENSG00000100292	-0.68272154912688
ENSG00000100302	-0.182353818673532
ENSG00000221963	-0.0542901094626638
ENSG00000279805	-0.509193350040693
ENSG00000128284	-0.405990410826111
ENSG00000100336	-0.421944223296737
ENSG00000128335	-0.0637221923487882
ENSG00000100342	-0.662026763666493
ENSG00000100348	-0.265821358158803
ENSG00000100353	-0.211607548884678
ENSG00000100360	-0.192852781980926
ENSG00000100365	1.04533850113771
ENSG00000100368	0.466260508221612
ENSG00000128309	-0.0227697579435608
ENSG00000287236	0.158293392570309
ENSG00000133466	-0.255143535704762
ENSG00000128340	0.537417437772933
ENSG00000100055	0.824218671183457
ENSG00000100060	-0.00927410231420206
ENSG00000100092	0.566310875962001
ENSG00000241360	0.260139998500989
ENSG00000100097	-0.379324543271532
ENSG00000273899	0.250196135754978
ENSG00000189060	0.646467302798085
ENSG00000100124	-0.384657489063122
ENSG00000100129	0.420951944802331
ENSG00000100139	0.00063768651972082
ENSG00000272582	0.557333981094807
ENSG00000100146	0.649359390034535
ENSG00000273214	0.688158451740344
ENSG00000100151	0.435917390503876
ENSG00000100156	-0.22708664885306
ENSG00000128298	0.230905400193753
ENSG00000272720	0.993553445303587
ENSG00000184381	0.0316162438042134
ENSG00000185022	-1.05377883621821
ENSG00000213923	-0.192134640664231
ENSG00000244627	0.0430275211815886
ENSG00000100201	0.228853519304374
ENSG00000100211	-0.261354502600505
ENSG00000228274	-0.158768601214131
ENSG00000100216	-0.108041276022003
ENSG00000100226	-0.401857472572342
ENSG00000273096	0.617907968365469
ENSG00000273076	0.671015012383824
ENSG00000100246	-0.212202014750809
ENSG00000221890	0.330664436420598
ENSG00000183741	0.336328470681072
ENSG00000128383	0.489908675270094
ENSG00000244509	0.645924720133861
ENSG00000128394	-0.128575986227669
ENSG00000279833	-0.0919077051905388
ENSG00000100316	-0.0654523100285809
ENSG00000100321	0.152430220320195
ENSG00000128268	0.416464307650854
ENSG00000227188	0.195107790118863
ENSG00000100335	-0.111016180731915
ENSG00000128272	0.10704204733934
ENSG00000100354	0.0150943593037502
ENSG00000239900	-0.136096366422648
ENSG00000100359	-0.0169297321196162
ENSG00000196588	-0.0250927329197622
ENSG00000128285	-0.377149709371282
ENSG00000100372	-0.0715251500891712
ENSG00000196236	-0.182409081041936
ENSG00000100387	0.264511537981862
ENSG00000100395	-0.0780674985863664
ENSG00000235513	-0.129376348702169
ENSG00000100401	0.134782512105019
ENSG00000100403	0.486653392817204
ENSG00000167074	-0.352597090200258
ENSG00000273424	0.280774358347042
ENSG00000183864	0.0441377659235122
ENSG00000100417	-0.483697553511794
ENSG00000196419	-0.392724323481171
ENSG00000184208	0.410052521196174
ENSG00000100147	-0.034320795307591
ENSG00000159958	0.953903708549365
ENSG00000205704	0.33907439183298
ENSG00000100167	1.06015962270555
ENSG00000198951	0.142744208606612
ENSG00000177096	-0.582765457466169
ENSG00000100207	0.0838992205087827
ENSG00000229891	-0.181889226961409
ENSG00000235568	0.285420103413674
ENSG00000189306	-0.677500582157763
ENSG00000183569	0.0128001908803966
ENSG00000100227	-0.172767699768358
ENSG00000100243	-0.683183465402372
ENSG00000242247	-0.306186124104374
ENSG00000100266	-0.0379234695080234
ENSG00000100294	-0.288619865495637
ENSG00000100300	-0.0100750708557247
ENSG00000159307	-0.307758645234407
ENSG00000186732	0.114101818067546
ENSG00000261251	-0.328303006155242
ENSG00000130540	0.302254647538051
ENSG00000188677	-0.323445628610609
ENSG00000138964	1.17527908217774
ENSG00000279933	1.49487352386466
ENSG00000138944	0.448356770361799
ENSG00000188636	0.473318641533514
ENSG00000186654	-0.0936835146844893
ENSG00000056487	-0.432252710778264
ENSG00000226328	0.346133482903063
ENSG00000273353	-0.428791488272152
ENSG00000100364	-0.0402205484381122
ENSG00000273287	0.4971416154075
ENSG00000273145	-0.0671341476387088
ENSG00000235159	-0.325833974166235
ENSG00000186951	-0.214201752398648
ENSG00000205643	-0.109854164501473
ENSG00000130943	-0.184735354444243
ENSG00000277232	0.222786453215967
ENSG00000075240	0.0297878597248821
ENSG00000205632	-0.443979276839246
ENSG00000286381	-0.173677308610081
ENSG00000235111	0.260884795566815
ENSG00000279345	-0.15422286081065
ENSG00000100426	0.0534449738347583
ENSG00000184164	-0.742313633656543
ENSG00000198355	0.0319668540600207
ENSG00000100427	-1.06696656402539
ENSG00000073150	0.172053866597592
ENSG00000170638	0.0979645237956536
ENSG00000196576	-0.684256748538978
ENSG00000128165	-0.000744494783707958
ENSG00000025770	-0.258439505840116
ENSG00000284194	0.072461453189488
ENSG00000025708	0.487446738757788
ENSG00000177989	0.0574758707272852
ENSG00000130487	0.554696307932826
ENSG00000205560	0.911435336899896
ENSG00000100288	0.119865127349784
ENSG00000205559	0.176952893004337
ENSG00000008735	0.213203192454243
ENSG00000184319	0.113728627157546
ENSG00000198223	0.708956094223647
ENSG00000185291	-0.173374286588658
ENSG00000169100	-0.14483127069633
ENSG00000169093	-0.485333792383455
ENSG00000214717	0.0955348422945502
ENSG00000002586	-0.557881658461675
ENSG00000006756	-0.299517818434411
ENSG00000228459	0.559603302175783
ENSG00000183943	-0.0887567576400606
ENSG00000006757	0.0310302539454236
ENSG00000101849	-0.148985662055477
ENSG00000101850	-0.593110583010452
ENSG00000047644	0.138501998807846
ENSG00000073464	0.715929091136507
ENSG00000196664	0.965765534725527
ENSG00000101916	0.22211063415023
ENSG00000288817	-0.467173507555692
ENSG00000197582	-1.11315186876262
ENSG00000176896	-0.00994760547418901
ENSG00000123595	0.154393511827413
ENSG00000046651	-0.134152638168247
ENSG00000046647	-0.202222150448684
ENSG00000165195	-0.187064923981933
ENSG00000169239	-0.334586789041181
ENSG00000169249	-0.19039301152624
ENSG00000047230	-0.0696307973739553
ENSG00000169895	-0.187153931389584
ENSG00000102054	-0.138640336318437
ENSG00000047634	-0.0963110762759647
ENSG00000044446	-0.0630120520629791
ENSG00000147010	0.28954242702216
ENSG00000173681	0.135100552020021
ENSG00000174028	0.236967683772391
ENSG00000165186	-0.221403457161664
ENSG00000226774	-0.359574850933504
ENSG00000123131	-0.559643481408933
ENSG00000123130	-0.167752184943683
ENSG00000130066	-0.0125815453230055
ENSG00000130741	0.0617200592059014
ENSG00000005889	0.140318701332297
ENSG00000223731	-0.00583482830253519
ENSG00000102230	0.147689413958445
ENSG00000227393	-0.103447962432344
ENSG00000120280	0.349830232929324
ENSG00000226781	0.287698821239166
ENSG00000147027	-0.401888664241493
ENSG00000219186	0.703953560380305
ENSG00000165168	0.997914121757094
ENSG00000165169	0.45069039628604
ENSG00000101955	-0.585258506184614
ENSG00000156313	-0.377075096340738
ENSG00000223486	-0.123780871676008
ENSG00000183337	0.205609677391893
ENSG00000288856	-0.420489410624267
ENSG00000185753	-0.213424403663406
ENSG00000180182	-0.124237920073632
ENSG00000215301	0.0368715219615097
ENSG00000171659	1.7208750422189
ENSG00000189221	-0.992941258600844
ENSG00000124479	-0.15165391635421
ENSG00000147113	-0.321029093738869
ENSG00000270069	0.107698217474872
ENSG00000147121	-0.0102423333122405
ENSG00000147119	-0.615097369976096
ENSG00000102221	0.133303845176481
ENSG00000130988	-0.0607637145776469
ENSG00000224975	-0.842738060729824
ENSG00000147124	0.204073863327467
ENSG00000196741	0.312178271246372
ENSG00000008056	0.2865167872758
ENSG00000102265	-1.28918079171009
ENSG00000126756	0.105959332391692
ENSG00000147118	0.267602306264093
ENSG00000221994	0.166958025753136
ENSG00000287757	-0.0442402698471846
ENSG00000068438	0.0231430916453506
ENSG00000147155	-0.362681410019648
ENSG00000068354	-0.0885777967358329
ENSG00000102317	-0.681869207364446
ENSG00000101940	-0.0910024023731622
ENSG00000101945	-0.501989190415616
ENSG00000233585	-0.718352669456387
ENSG00000102103	0.0464307158312261
ENSG00000126768	-0.316572311262928
ENSG00000102100	-0.437520278816796
ENSG00000102057	-0.272076214346598
ENSG00000068400	0.315352156047749
ENSG00000068323	-0.362413828994079
ENSG00000196998	-0.301986640995655
ENSG00000068394	-0.41421578421804
ENSG00000269313	0.105335316780032
ENSG00000102007	-0.69739534281868
ENSG00000012211	-0.163693716932946
ENSG00000102003	0.258593250071283
ENSG00000230216	-0.278876099804109
ENSG00000101997	-0.0111738616598687
ENSG00000049768	-0.334439836605696
ENSG00000234390	-0.0274629067452437
ENSG00000273820	0.521607449877206
ENSG00000179222	-0.395382299412255
ENSG00000184194	0.00787213001142869
ENSG00000184205	-0.317822909068571
ENSG00000232593	0.036715740502636
ENSG00000072501	0.461810563515406
ENSG00000072506	-0.579302635222838
ENSG00000184083	0.0342206868460166
ENSG00000158526	0.0657312187014541
ENSG00000067445	0.714912440458074
ENSG00000169188	-0.211173939178384
ENSG00000158578	0.139953970477531
ENSG00000182518	0.409140576058913
ENSG00000247746	-0.189020981907392
ENSG00000198205	0.0527673435957957
ENSG00000102053	0.226284108115143
ENSG00000001497	0.022939058970824
ENSG00000155659	1.68661197608941
ENSG00000089472	-0.617310622742736
ENSG00000131080	-0.0497800107839359
ENSG00000260118	-0.0266502610380486
ENSG00000228328	-0.0359419083474264
ENSG00000130052	-0.359872098084325
ENSG00000090776	-0.65305322504651
ENSG00000089289	0.179087935318566
ENSG00000130055	-0.891371322726036
ENSG00000184481	0.699649280205914
ENSG00000147168	0.243776406380255
ENSG00000196338	0.168208268427177
ENSG00000147133	-0.0500317410656313
ENSG00000147162	0.289733681670759
ENSG00000147174	0.046908028285029
ENSG00000125931	-1.15380902456715
ENSG00000067177	-0.396524483565794
ENSG00000186288	0.740691520931809
ENSG00000204118	-0.160698014184733
ENSG00000186462	0.306475557832828
ENSG00000234969	-0.139309566163637
ENSG00000271533	0.698612587498734
ENSG00000131269	0.0250184421469242
ENSG00000235447	0.744827566643807
ENSG00000102144	-0.190418323246002
ENSG00000147145	0.138443033581122
ENSG00000165288	0.0188345147718396
ENSG00000279437	-0.454442227900033
ENSG00000196767	-0.123112792542576
ENSG00000147180	0.403509982919479
ENSG00000102271	0.433530904437783
ENSG00000174740	0.17491866715152
ENSG00000186310	0.806953173590123
ENSG00000000003	-0.785588611047735
ENSG00000102362	-0.252459536983917
ENSG00000101811	-0.179269313711687
ENSG00000126950	0.198636759338412
ENSG00000102385	0.336214090907591
ENSG00000126953	0.0522168373805286
ENSG00000010671	0.445951146842243
ENSG00000102393	-0.281013348136393
ENSG00000196440	0.0288033831400543
ENSG00000234557	-0.47392526419667
ENSG00000102401	0.509435305088879
ENSG00000261101	0.0109528312519096
ENSG00000166432	-0.272461765933699
ENSG00000184905	-0.0813824114866002
ENSG00000184515	-0.0648443935330583
ENSG00000133169	-0.199646240313001
ENSG00000180964	0.484464625461294
ENSG00000204065	-0.0108918955361018
ENSG00000182916	0.712880638832744
ENSG00000133142	0.0944592322080279
ENSG00000279894	0.459220435008183
ENSG00000172465	0.658192460040279
ENSG00000123560	0.898792831156267
ENSG00000123570	0.439732541832583
ENSG00000123575	-0.0468008812941221
ENSG00000089682	0.264230585624652
ENSG00000147224	0.277288471231707
ENSG00000157514	-0.515363119413009
ENSG00000101844	-0.0926054348414757
ENSG00000188153	0.51955598471486
ENSG00000133124	0.119567398847809
ENSG00000101888	0.0634453651016931
ENSG00000176076	-0.414549353303731
ENSG00000068366	0.161747119215372
ENSG00000289365	-0.307155661982443
ENSG00000229939	0.0528761899346621
ENSG00000101901	0.0486266402685264
ENSG00000126016	0.0464187477332972
ENSG00000123496	-0.248926413524885
ENSG00000130224	0.105377536332483
ENSG00000213526	0.374113550111875
ENSG00000131724	-0.202185136116044
ENSG00000174460	0.112839434014707
ENSG00000101856	0.471697957388711
ENSG00000077713	-0.18733078130949
ENSG00000125354	0.116471394938391
ENSG00000187808	0.910388464532653
ENSG00000125352	0.439339419844384
ENSG00000182890	0.12994268607486
ENSG00000125675	0.227016120792401
ENSG00000125676	0.0805203713335657
ENSG00000101966	0.18271997823472
ENSG00000101972	0.184517129559234
ENSG00000198354	0.407965253084733
ENSG00000287024	-0.332169801940798
ENSG00000122122	1.01020797765331
ENSG00000102034	0.0866715498157975
ENSG00000134594	0.549367856575915
ENSG00000147255	-0.367996974979263
ENSG00000156531	0.284262311208086
ENSG00000165704	-0.104070547409442
ENSG00000223749	1.16046023931356
ENSG00000156504	0.486741178013729
ENSG00000286964	-0.308266822822533
ENSG00000196972	0.139718100974242
ENSG00000186376	-0.0151738810022204
ENSG00000173275	-0.0583427898326952
ENSG00000178947	0.2206283714028
ENSG00000165359	0.130075419091599
ENSG00000169446	-0.19254826081821
ENSG00000102241	0.134607362878619
ENSG00000129675	-0.125643075968261
ENSG00000225125	-0.599757792925814
ENSG00000232611	0.323172621572323
ENSG00000225400	-0.321281087828653
ENSG00000156925	-0.320031524388097
ENSG00000230707	-0.0838379467657829
ENSG00000203930	0.526782562042958
ENSG00000207041	-1.18889300762515
ENSG00000225660	0.479882020270193
ENSG00000271660	0.159157472912082
ENSG00000102081	0.48271990752735
ENSG00000219507	0.141597966425107
ENSG00000241769	0.167858725755712
ENSG00000197021	-0.322144230555757
ENSG00000234825	-0.273521057924976
ENSG00000171100	-0.145705651606923
ENSG00000029993	-0.0242377902905671
ENSG00000160131	0.154458710883495
ENSG00000130032	0.502211244585629
ENSG00000147383	-0.237504343517316
ENSG00000147394	-0.053485512485922
ENSG00000286939	0.198284795955897
ENSG00000183837	0.431580719962617
ENSG00000225110	-0.424047285724082
ENSG00000063587	0.215689237234014
ENSG00000189420	0.189227609516166
ENSG00000182492	-0.21092759224579
ENSG00000262919	0.0909219284679283
ENSG00000130829	-0.456157323600204
ENSG00000130822	0.0328563817681594
ENSG00000130821	0.151255656742775
ENSG00000185825	-0.355411158982277
ENSG00000180879	-0.335723629478607
ENSG00000198910	0.471918841942061
ENSG00000089820	0.602909448299437
ENSG00000102030	-0.252415628834823
ENSG00000184216	0.168728871161887
ENSG00000102119	-0.852523467496886
ENSG00000147403	-0.127519052135517
ENSG00000013563	-0.324308157077493
ENSG00000102125	-0.0889602779832519
ENSG00000196976	-0.496977961014327
ENSG00000126903	-0.426528109183376
ENSG00000160211	-0.25323519562996
ENSG00000269335	0.0380901086348716
ENSG00000160219	0.216747704156251
ENSG00000185010	0.0329752927094034
ENSG00000155962	0.0109009450497076
ENSG00000235001	-0.116436595947012
ENSG00000067048	-0.0532878403236703
ENSG00000012817	0.158439448088538
ENSG00000210100	-0.356528438111621
ENSG00000210112	0.688913160783826
ENSG00000210135	0.298166915110748
ENSG00000210140	-0.784416742831295
ENSG00000210144	0.264393794064531
ENSG00000210156	1.28069448605047
ENSG00000198695	-0.793984313024756
