Gene	Value
ENSG00000268903	1.06731071331414
ENSG00000269981	0.506999176746237
ENSG00000225630	0.675982137150171
ENSG00000228794	-0.028197440155895
ENSG00000187961	-0.00701716222656664
ENSG00000187608	-0.265547443608485
ENSG00000131591	0.137079829381697
ENSG00000186827	0.811893159045783
ENSG00000176022	0.0852160473324293
ENSG00000184163	0.0383389803744071
ENSG00000160087	-0.0794596366420441
ENSG00000242485	0.0141933541556674
ENSG00000225905	-0.0744210908185759
ENSG00000205116	-0.118195648803632
ENSG00000225285	0.428078190360761
ENSG00000179403	0.216595751837056
ENSG00000160075	-0.0858432039970173
ENSG00000215014	-0.0450210623552256
ENSG00000272106	0.0480237773943558
ENSG00000189339	-0.209040509121
ENSG00000269737	0.139878044379684
ENSG00000008130	-0.116808693797467
ENSG00000078369	-0.163021812096333
ENSG00000231050	0.497306442666366
ENSG00000067606	-0.0920770800719345
ENSG00000157911	-0.0815175278944609
ENSG00000149527	-0.0185108372650108
ENSG00000224387	0.0299439777419116
ENSG00000229393	-0.219069920689133
ENSG00000157881	-0.0729919462593276
ENSG00000238164	-0.181449767402546
ENSG00000157873	-0.0266378522016322
ENSG00000272088	-0.283704578242354
ENSG00000238260	-0.0958589317796865
ENSG00000227372	-0.181938820702686
ENSG00000235169	-0.161358489821481
ENSG00000130764	-0.0485875628533663
ENSG00000097021	-0.527257776666698
ENSG00000162408	-0.0361080797748043
ENSG00000116273	0.179923794849156
ENSG00000041988	0.0120161540482104
ENSG00000007923	-0.11010527603345
ENSG00000237436	-0.059322517593624
ENSG00000237402	0.222245005406947
ENSG00000270171	0.0294790328340649
ENSG00000269978	0.0809193097570606
ENSG00000269925	-0.182476708160012
ENSG00000049246	-0.111981561562765
ENSG00000116288	0.043137269115377
ENSG00000116285	0.140396048922413
ENSG00000162426	-0.136557679710283
ENSG00000142599	-0.0543144250939957
ENSG00000074800	0.314716320463967
ENSG00000142583	0.456969054775385
ENSG00000049239	-0.0648876000566088
ENSG00000284652	-0.279259311982781
ENSG00000284693	-0.110892440320045
ENSG00000171612	0.121631488695092
ENSG00000231181	0.608189093235695
ENSG00000188807	-0.0567428181145699
ENSG00000171608	0.0177043244767592
ENSG00000171603	-0.264839802438865
ENSG00000178585	-0.102669004981295
ENSG00000162441	-0.127415178172602
ENSG00000130939	-0.133923109975063
ENSG00000284735	-0.064097087744615
ENSG00000284642	0.0519959822267801
ENSG00000142655	-0.0877043363550982
ENSG00000009724	-0.0393094360611812
ENSG00000116649	0.106716722061432
ENSG00000171824	-0.00468122094589959
ENSG00000198793	-0.0250564995359054
ENSG00000120942	-0.142034670031441
ENSG00000284646	-0.25836370927336
ENSG00000116663	0.148376196174387
ENSG00000116670	0.0343644074917141
ENSG00000162490	-0.127455536124706
ENSG00000177000	0.0861037224637641
ENSG00000011021	-0.310880768631969
ENSG00000116685	-0.111511906443368
ENSG00000083444	0.0327273921417098
ENSG00000028137	0.396282188262335
ENSG00000048707	-0.0587837483246892
ENSG00000162493	0.113443623621193
ENSG00000116731	0.0425913371349086
ENSG00000189337	-0.10307863678116
ENSG00000171729	-0.222049031352077
ENSG00000142634	0.145375134568553
ENSG00000162458	0.434107638191504
ENSG00000179743	-0.22824888732621
ENSG00000065526	-0.0678647912645999
ENSG00000116809	-0.0177852979661135
ENSG00000183888	0.494827566340488
ENSG00000173641	0.25570380408591
ENSG00000232456	0.0442157011815028
ENSG00000185519	-0.524226626931107
ENSG00000142627	0.405952667378151
ENSG00000142632	0.158699465152396
ENSG00000288398	-0.0961856974774981
ENSG00000261135	-0.138501883678748
ENSG00000219481	-0.437700649726737
ENSG00000238142	0.132163159608348
ENSG00000117115	-0.199353009664127
ENSG00000179051	-0.304831998841943
ENSG00000117154	-0.159222024731059
ENSG00000272084	-0.257992259328615
ENSG00000127481	0.139288388186643
ENSG00000127463	-0.146321361517798
ENSG00000053372	0.0356948931785146
ENSG00000211454	0.0541746359096325
ENSG00000053371	0.0901656748711919
ENSG00000040487	-0.19675703427962
ENSG00000173436	-0.0772481114210283
ENSG00000236963	-0.127334028640632
ENSG00000289402	-0.0247892694629419
ENSG00000090432	-0.156824626921967
ENSG00000183114	-0.0160321076851561
ENSG00000158825	0.0118023639147905
ENSG00000117242	-0.123473528735057
ENSG00000127483	-0.093420699296515
ENSG00000075151	-0.172750597942494
ENSG00000117298	0.512337548687753
ENSG00000142794	-0.407350177099045
ENSG00000162551	-0.0179834609873685
ENSG00000090686	-0.0428653020056535
ENSG00000142798	0.709053283978112
ENSG00000070831	-0.0307313756067267
ENSG00000162552	0.118304095120498
ENSG00000173372	0.296360919907939
ENSG00000159189	0.349845205588476
ENSG00000173369	0.291107309958921
ENSG00000133216	-0.0994488314731222
ENSG00000169641	-0.24352563344543
ENSG00000125945	0.0768488046411021
ENSG00000249087	0.220452650808161
ENSG00000204219	0.163141368917394
ENSG00000088280	0.0775033805223526
ENSG00000117318	0.451485198283586
ENSG00000057757	-0.040069928478028
ENSG00000011009	-0.088283496522691
ENSG00000117305	-0.25583129617965
ENSG00000189266	-0.0895176206900046
ENSG00000001460	-0.166647397948018
ENSG00000117602	0.0700387729746054
ENSG00000020633	0.00881515690092115
ENSG00000233419	0.0707089614148876
ENSG00000117614	0.0360689816151294
ENSG00000284602	-0.212710652581464
ENSG00000117616	0.0285549429800158
ENSG00000204178	0.0323476263442172
ENSG00000157978	-0.322084761050781
ENSG00000117640	-0.109122917787029
ENSG00000117632	-0.119482839779026
ENSG00000229786	-0.464244025655539
ENSG00000158006	-0.156185107255786
ENSG00000158008	-0.403004495884981
ENSG00000197245	0.936010615980138
ENSG00000130695	-0.0737828957955481
ENSG00000270733	0.137418279691111
ENSG00000169442	-0.135796837036182
ENSG00000198830	-0.0728642783148474
ENSG00000117676	0.0195327058831395
ENSG00000260063	-0.0350348139821706
ENSG00000117713	-0.0732242222930393
ENSG00000060642	-0.187010508904909
ENSG00000204160	-0.0899794404129589
ENSG00000175793	0.219257865667135
ENSG00000090273	0.0630147107175983
ENSG00000090020	-0.179888562968087
ENSG00000142784	-0.168065239674263
ENSG00000186501	-0.0639454115578501
ENSG00000142733	0.318724143100594
ENSG00000142748	-0.0771298579604285
ENSG00000181773	0.141058473566816
ENSG00000126705	0.0655351712001559
ENSG00000000938	0.126913006329601
ENSG00000126709	-0.291861043525875
ENSG00000270031	0.716267152209633
ENSG00000117751	-0.0483850199526985
ENSG00000130775	-0.46234011993193
ENSG00000117748	-0.0116343059894027
ENSG00000158156	-0.156882594901692
ENSG00000169403	-0.377078787371364
ENSG00000130766	0.173842900004601
ENSG00000180198	-0.211212324412529
ENSG00000242125	0.159254059188257
ENSG00000120656	-0.068521830862409
ENSG00000198492	0.0626993851877493
ENSG00000116353	-0.143300176347438
ENSG00000060656	-0.18293030099852
ENSG00000162510	0.0019486743404815
ENSG00000186056	0.175832121146897
ENSG00000162511	0.183102620189232
ENSG00000168528	-0.039400149276388
ENSG00000162517	-0.0203247655192366
ENSG00000235790	0.0128153355035272
ENSG00000084636	0.0763015684271991
ENSG00000121774	0.0574087748247019
ENSG00000025800	-0.11257355895458
ENSG00000160050	-0.00306488548058907
ENSG00000084623	0.127386163160358
ENSG00000220785	-0.141129758747765
ENSG00000183615	0.498088942988666
ENSG00000116478	0.0946657434224581
ENSG00000175130	0.0594737950082228
ENSG00000233775	-0.257558800969662
ENSG00000160058	-0.210081480384193
ENSG00000160062	-0.0837885307550652
ENSG00000162521	-0.000450660227875237
ENSG00000162522	-0.103652774497361
ENSG00000134684	-0.133122263920043
ENSG00000116497	-0.0763171745851616
ENSG00000116514	0.0174901370957161
ENSG00000142920	-0.0999155553180099
ENSG00000116525	-0.0334204776682185
ENSG00000279179	-0.266213093970966
ENSG00000134686	-0.122207834624239
ENSG00000121903	-0.155956510435775
ENSG00000163866	-0.0194534443871029
ENSG00000187513	0.469719991376163
ENSG00000241014	0.177601773009814
ENSG00000243749	0.155055822315783
ENSG00000116560	0.148543375603582
ENSG00000146463	-0.102029378230126
ENSG00000126067	-0.118410575158482
ENSG00000142686	-0.555571599889071
ENSG00000134698	-0.182252216025851
ENSG00000171812	-0.0547344613348924
ENSG00000054116	-0.0228906386444611
ENSG00000116871	-0.0498173827715866
ENSG00000196182	0.117049939360485
ENSG00000181817	0.0429806481064077
ENSG00000116898	-0.170976112936222
ENSG00000163873	-0.110689439867737
ENSG00000116922	0.0617468099818122
ENSG00000183317	-0.123135484093686
ENSG00000185090	-0.528914422106158
ENSG00000197982	-0.233243036422385
ENSG00000183431	-0.101550852214755
ENSG00000183386	0.119723856643557
ENSG00000214114	0.0490618993270874
ENSG00000174574	-0.0177598487676249
ENSG00000168653	-0.16150598828951
ENSG00000183682	-0.291066708779382
ENSG00000090621	-0.249570364446331
ENSG00000163909	0.306974135965222
ENSG00000084072	-0.147185549762923
ENSG00000116985	-0.00153637154380848
ENSG00000043514	0.0500995230366878
ENSG00000116990	-0.122329206580321
ENSG00000117000	0.0871381763593327
ENSG00000084073	-0.0803203285675261
ENSG00000049089	-0.130428310173247
ENSG00000084070	-0.324513421781972
ENSG00000279667	0.0303150320166465
ENSG00000187815	-0.0861670739738633
ENSG00000066136	-0.0180431795506749
ENSG00000171793	0.0338743159416381
ENSG00000066185	-0.016401184946725
ENSG00000236876	-0.0123310228831739
ENSG00000234917	-0.442530390179332
ENSG00000065978	0.00767297717923723
ENSG00000117385	0.218502439735033
ENSG00000164010	-0.337318171485786
ENSG00000164011	-0.0478854208920689
ENSG00000117394	-0.0837695846099613
ENSG00000179178	-0.110120409415343
ENSG00000066056	0.421299232440397
ENSG00000234694	0.194118297018949
ENSG00000117399	0.184889845564132
ENSG00000066322	-0.104023050291902
ENSG00000288772	-0.179678121912265
ENSG00000159479	-0.0702087736812082
ENSG00000229431	0.0322202964960075
ENSG00000198198	0.00587815371092004
ENSG00000142949	-0.031421026798692
ENSG00000236200	-0.0816567680896285
ENSG00000117407	0.545476987276177
ENSG00000237950	-0.0448745584068589
ENSG00000288573	0.0238566302525009
ENSG00000117408	-0.0688676797249741
ENSG00000132768	-0.0149674902082736
ENSG00000117410	-0.542573353119552
ENSG00000117411	-0.0610953519895377
ENSG00000196517	0.0315045648285012
ENSG00000178028	-0.0824859412581795
ENSG00000117419	-0.130104575791572
ENSG00000233602	-0.17932638709698
ENSG00000198520	0.0126226373591164
ENSG00000173846	0.534561592490219
ENSG00000188396	-0.115783895119826
ENSG00000226499	0.145677269231761
ENSG00000126088	-0.184596782150152
ENSG00000186603	0.278092203955252
ENSG00000132773	-0.0686843843426698
ENSG00000070759	-0.0299917477900503
ENSG00000132763	-0.403224079656547
ENSG00000117448	-0.239611421502866
ENSG00000132780	0.0445252258293986
ENSG00000159592	-0.0308456933671275
ENSG00000117461	0.2316641666097
ENSG00000117472	-0.396463684972455
ENSG00000085998	-0.18512235783138
ENSG00000171357	-0.24630757828995
ENSG00000085999	-0.190581043997546
ENSG00000132128	-0.0242551482927101
ENSG00000117481	-0.0184087173236842
ENSG00000117480	-0.0735061828704756
ENSG00000079277	0.0263294305457159
ENSG00000142961	0.162423251414216
ENSG00000159658	-0.0635969496599451
ENSG00000162367	-0.439447935511897
ENSG00000237424	0.324014223302368
ENSG00000272491	0.266238053313148
ENSG00000224986	0.123677816917882
ENSG00000162373	-0.071179385947618
ENSG00000284700	0.209546920528797
ENSG00000085832	-0.0943782509148727
ENSG00000117859	0.0286323581041308
ENSG00000117862	-0.138475609480205
ENSG00000213735	0.413029850446728
ENSG00000154222	-0.292204352447175
ENSG00000272100	-0.685719334993671
ENSG00000134744	-0.0842858952961918
ENSG00000162377	-0.0269336805557682
ENSG00000230953	-0.590477818474661
ENSG00000174348	0.774900132893719
ENSG00000162383	0.607723000632039
ENSG00000157184	-0.0525907663743138
ENSG00000162384	-0.0791692815938846
ENSG00000162385	0.109415237654271
ENSG00000226754	-0.33137083977739
ENSG00000230138	-0.438755019159705
ENSG00000058799	-0.163673139738319
ENSG00000081870	-0.182374644135624
ENSG00000116209	-0.253503475383358
ENSG00000215883	-0.159593207956235
ENSG00000157216	0.116270621276843
ENSG00000198711	0.193126379368856
ENSG00000243725	-0.0212366530958543
ENSG00000116133	-0.424441903369874
ENSG00000162407	0.197233172131524
ENSG00000162600	-0.207853193177852
ENSG00000162601	0.152659310855339
ENSG00000134716	-0.100756157042021
ENSG00000162599	-0.0578176743651505
ENSG00000162604	-0.030379328169811
ENSG00000132854	-0.244721243332321
ENSG00000162607	-0.00672919260603672
ENSG00000125703	-0.0885186323432934
ENSG00000203965	-0.267099479531738
ENSG00000162437	-0.127113235314539
ENSG00000185031	0.397934461351344
ENSG00000162433	0.139713959337575
ENSG00000116675	-0.244722758410644
ENSG00000213625	0.280229521456888
ENSG00000184588	-0.111472549299633
ENSG00000289394	-0.0556671229208666
ENSG00000142864	0.0431620634361365
ENSG00000116717	0.977242153917848
ENSG00000116745	-0.102115216231321
ENSG00000066557	-0.0336406919230144
ENSG00000118454	0.0166633145558262
ENSG00000226088	-0.475526253149624
ENSG00000271992	-0.329021857059561
ENSG00000272864	0.09089956976121
ENSG00000116791	-0.297818556580851
ENSG00000162623	-0.18688405953577
ENSG00000181227	0.216067488075671
ENSG00000272855	-0.935809583588467
ENSG00000162616	0.169098665842963
ENSG00000273338	1.73322921772487
ENSG00000137959	-0.717981321670087
ENSG00000137965	-0.131805806924658
ENSG00000238015	0.448327957537207
ENSG00000174021	0.0275186680885791
ENSG00000117151	0.121487809247079
ENSG00000284882	0.0783113971197714
ENSG00000142867	0.197565570875318
ENSG00000122417	0.335822678467501
ENSG00000016602	-0.0745909037634596
ENSG00000143013	-0.187518287232018
ENSG00000137944	0.120301872746311
ENSG00000117226	-0.332323304713662
ENSG00000117228	0.38010789944872
ENSG00000234518	0.184055559819381
ENSG00000162645	0.762191605538639
ENSG00000162654	-0.000722703381563111
ENSG00000154451	0.00280920518105779
ENSG00000225492	0.0876444677682056
ENSG00000197147	0.0370452830749232
ENSG00000231999	-0.16210012841731
ENSG00000231613	-0.696385327233248
ENSG00000171492	-0.180480250237749
ENSG00000228175	-0.164152406963893
ENSG00000225446	-0.113337944005264
ENSG00000232882	-0.266983783015376
ENSG00000122482	0.0072537708852136
ENSG00000097046	0.0669927999794117
ENSG00000069702	0.238576126276728
ENSG00000189195	-0.27007957023426
ENSG00000273487	-0.0918051289721935
ENSG00000122484	-0.166347223088328
ENSG00000289544	0.111645902090018
ENSG00000223745	-0.365239482086162
ENSG00000117505	0.0123260064762287
ENSG00000067334	0.234092070670263
ENSG00000023909	0.218336868754248
ENSG00000137962	0.375175804963784
ENSG00000117525	0.520612003740557
ENSG00000117519	0.389245678313207
ENSG00000172339	-0.106923518606681
ENSG00000122481	-0.100147053628167
ENSG00000137970	-0.190280068017938
ENSG00000117569	0.0495565493395455
ENSG00000228057	0.119930380745296
ENSG00000162627	-0.250117427643496
ENSG00000099260	0.0186001203178474
ENSG00000223656	-0.0675755275509836
ENSG00000162688	-0.0771337791817489
ENSG00000117620	-0.100747288817054
ENSG00000288826	-0.419231700931153
ENSG00000122435	-0.064966299112055
ENSG00000137992	-0.0456314406781769
ENSG00000224616	-0.176209359555789
ENSG00000137996	-0.158042614986595
ENSG00000162692	1.07708438411523
ENSG00000162695	0.0962203774614841
ENSG00000170989	0.865386192555012
ENSG00000240038	0.0930060135138342
ENSG00000243480	-0.0118212513488855
ENSG00000198890	-0.317197512755784
ENSG00000289612	-0.938027659681988
ENSG00000162636	-0.376830626296669
ENSG00000162639	-0.230374762220862
ENSG00000116266	-0.0876311995253145
ENSG00000121957	-0.172977085104197
ENSG00000121940	-0.100900441172241
ENSG00000085433	-0.105206546890342
ENSG00000031698	-0.000373608531436118
ENSG00000143126	-0.281981905387976
ENSG00000134222	0.174616980322403
ENSG00000134243	-0.376143261659507
ENSG00000162650	0.0608781427466364
ENSG00000174151	-0.230322027398991
ENSG00000156097	-0.106730395618502
ENSG00000065135	-0.0151857107094988
ENSG00000213366	0.123697984576392
ENSG00000168710	0.0477906059877301
ENSG00000197106	-0.049658685782007
ENSG00000224965	0.183357790332826
ENSG00000162775	0.219671382874979
ENSG00000143119	0.196314010240163
ENSG00000121931	0.231320496514846
ENSG00000156171	-0.277222450099283
ENSG00000162777	-0.163052466048381
ENSG00000064886	-0.516451888338777
ENSG00000085465	0.098996678098514
ENSG00000260948	-0.211020948706411
ENSG00000116459	-0.170156795559183
ENSG00000143110	0.406233158231214
ENSG00000121933	-0.219244598212821
ENSG00000282608	0.0863788165770687
ENSG00000231346	-0.0902180309680165
ENSG00000273483	-0.1611371505336
ENSG00000155366	0.277585126674045
ENSG00000184599	-0.033024934749714
ENSG00000229020	0.45085680916125
ENSG00000198799	-0.0780015739149125
ENSG00000188761	-0.0204535193244434
ENSG00000235527	-0.128385867870954
ENSG00000116774	-0.0440412866780247
ENSG00000116752	0.162260068169922
ENSG00000213281	-0.00886553093278989
ENSG00000009307	-0.0829048952833036
ENSG00000134198	-0.204688963999679
ENSG00000177551	-0.373370389207136
ENSG00000163399	-0.113294261969664
ENSG00000203865	-0.0438199643729811
ENSG00000116815	-0.0103077112099568
ENSG00000143061	0.0448772966182687
ENSG00000116824	-0.0372899935719384
ENSG00000134253	-0.0396051354446883
ENSG00000271427	-0.570979001855933
ENSG00000196505	-0.0214294311591803
ENSG00000232780	-0.733738231503877
ENSG00000260941	-0.182162030664513
ENSG00000092621	0.145085825869249
ENSG00000134250	0.0331902119482148
ENSG00000275131	-0.0704998103938993
ENSG00000198019	0.436763497270334
ENSG00000213244	-0.0955819034877863
ENSG00000272583	-0.111902314947734
ENSG00000265531	0.364183768953396
ENSG00000272150	-0.224229196209524
ENSG00000265491	-0.0882099406258556
ENSG00000186141	-0.0281689423475288
ENSG00000131788	0.0610047785630235
ENSG00000143127	0.710257695865165
ENSG00000211451	-0.330704059328852
ENSG00000265241	0.0950233486878369
ENSG00000271601	0.0529006393165756
ENSG00000121851	0.0192613465033222
ENSG00000265972	0.378563716959836
ENSG00000268043	-0.0946961859021219
ENSG00000225603	0.136421867959972
ENSG00000180867	-0.050395008345334
ENSG00000131781	0.156408543009598
ENSG00000226015	0.121916966038879
ENSG00000162836	-0.000276655941458909
ENSG00000265107	0.457704562311769
ENSG00000188092	-0.154896128887597
ENSG00000274372	0.0279216301453378
ENSG00000225080	-0.471150164001344
ENSG00000150337	0.587037798810897
ENSG00000233030	0.0800728731196807
ENSG00000184260	0.858491164461868
ENSG00000184270	0.396075261802313
ENSG00000159164	-0.325808923198508
ENSG00000014914	0.162977642994694
ENSG00000136631	-0.113521381323698
ENSG00000023902	0.349584218568755
ENSG00000143401	0.139713564909123
ENSG00000118298	-0.376219178211468
ENSG00000117362	-0.0669231834964634
ENSG00000118292	0.251718310037826
ENSG00000159208	0.363447589898317
ENSG00000117360	0.114637910270873
ENSG00000143374	-0.188237536775258
ENSG00000143369	0.0356379933045433
ENSG00000143382	0.839129558743074
ENSG00000288880	0.200251546598645
ENSG00000143457	-0.0968989123065447
ENSG00000163131	-0.521255565960233
ENSG00000143409	-0.261611470097309
ENSG00000163141	-0.228604093560465
ENSG00000143443	-0.151379936584013
ENSG00000143458	-0.145309722920266
ENSG00000289288	0.214208270007958
ENSG00000163154	0.294087549782416
ENSG00000163156	-0.00958292939898651
ENSG00000163155	0.0868121272627958
ENSG00000143398	0.0741705596001232
ENSG00000143373	0.0451917017909782
ENSG00000143393	0.0415172207296275
ENSG00000273481	-0.0336973167222995
ENSG00000237976	0.143198190856509
ENSG00000159377	-0.116335650464694
ENSG00000143442	-0.00120051837696645
ENSG00000143376	-0.243058308293436
ENSG00000143450	-0.329842837343864
ENSG00000182134	-0.257019407811275
ENSG00000269489	0.289867054154541
ENSG00000225556	-0.50668648775837
ENSG00000234614	-0.306081985896001
ENSG00000196407	-0.361104467847456
ENSG00000159445	0.0172428105871622
ENSG00000163191	0.523381474643461
ENSG00000159450	-0.299743975050935
ENSG00000143536	0.201782677591077
ENSG00000169509	-0.0348312095917633
ENSG00000169474	0.0896030487726988
ENSG00000241794	0.2393887721349
ENSG00000159516	-0.115936716389837
ENSG00000163220	0.437876779644987
ENSG00000163221	0.617585315362226
ENSG00000143546	1.28602153714878
ENSG00000197956	-0.255689231728498
ENSG00000196154	0.294111015290581
ENSG00000188015	0.107739890086913
ENSG00000196754	0.192141145181773
ENSG00000188643	0.35951028901559
ENSG00000160678	-0.109994844702767
ENSG00000143621	0.0526881418565457
ENSG00000169418	0.420908742452171
ENSG00000143554	0.083204140557008
ENSG00000143614	0.00622705837706906
ENSG00000284738	-0.399677334681875
ENSG00000143570	0.32291630354967
ENSG00000282386	0.650102924575342
ENSG00000143543	-0.117698729505336
ENSG00000143545	-0.105893316391554
ENSG00000177954	-0.0434747483509811
ENSG00000143569	0.0236080150344736
ENSG00000160712	0.441490348925427
ENSG00000169291	0.253301115724152
ENSG00000160714	-0.132419394173583
ENSG00000163344	0.0788787933049174
ENSG00000163348	-0.150535209320082
ENSG00000160691	0.966968703026525
ENSG00000243364	-0.22487050265735
ENSG00000169242	0.536249681294754
ENSG00000169241	0.10599913344526
ENSG00000163463	0.0564081822172007
ENSG00000163462	0.141852513848684
ENSG00000173171	-0.175306203624985
ENSG00000160766	-0.32405284487568
ENSG00000177628	-0.231093288812529
ENSG00000160767	-0.266835620442393
ENSG00000160752	-0.0207537135044249
ENSG00000235919	0.245680439486198
ENSG00000125459	0.036587769812361
ENSG00000163374	0.0529282797534654
ENSG00000203761	0.272681182432029
ENSG00000116580	0.0494820508197159
ENSG00000132718	-0.403871210761378
ENSG00000132680	0.0469553221026139
ENSG00000116584	-0.0429149959481922
ENSG00000273002	0.262997398754637
ENSG00000163479	-0.000234050546026045
ENSG00000160803	-0.160799206105932
ENSG00000116586	-0.0930151585376843
ENSG00000254726	0.260444962416302
ENSG00000160789	0.54864019651902
ENSG00000160785	-0.0261445619578331
ENSG00000160783	0.0449676773796004
ENSG00000242252	0.391713807659654
ENSG00000163472	-0.235728823934418
ENSG00000163468	-0.296525068731219
ENSG00000163382	-0.0748458994449845
ENSG00000132702	-0.0587601045284348
ENSG00000272068	-0.260382425436724
ENSG00000132692	-0.0697091334746687
ENSG00000132688	0.101383168784545
ENSG00000143314	-0.0316887066758721
ENSG00000143294	-0.0286294583255852
ENSG00000117036	0.0584131878406103
ENSG00000183853	0.0738961550182582
ENSG00000158473	0.11214577268725
ENSG00000163563	-0.193705211899318
ENSG00000163565	0.474326444594676
ENSG00000213088	3.57492131999546
ENSG00000132693	1.08184407985455
ENSG00000288775	1.00366257717396
ENSG00000158716	0.893187168607372
ENSG00000158714	-0.313089071926452
ENSG00000158710	0.640306641385263
ENSG00000085552	-0.00121666167789441
ENSG00000177807	-0.231122429586771
ENSG00000143315	-0.232513421441691
ENSG00000162729	0.0515931835624236
ENSG00000018625	0.166573194227389
ENSG00000143318	0.00653902522305493
ENSG00000227741	0.0867316388038421
ENSG00000132716	-0.0227756846260492
ENSG00000162735	-0.114092795191528
ENSG00000171786	-0.330914835649952
ENSG00000066294	-0.502624237427999
ENSG00000117091	-0.298487752196967
ENSG00000158769	0.686829999377259
ENSG00000289121	0.100349657354905
ENSG00000186517	-0.0790114765938223
ENSG00000143256	0.0792811426702018
ENSG00000158796	0.0725354301004309
ENSG00000143222	-0.116414865408046
ENSG00000143258	-0.0194786218524289
ENSG00000143224	-0.107387495618122
ENSG00000158850	0.129972314670454
ENSG00000158859	0.144294021170661
ENSG00000158869	0.50987309048895
ENSG00000158874	0.508629190855568
ENSG00000158882	0.0132982322968093
ENSG00000143226	0.470862620601394
ENSG00000173110	4.32403227720952
ENSG00000203747	1.20795593914055
ENSG00000162747	0.00425753064166251
ENSG00000072694	-0.244559232058281
ENSG00000117143	0.401928636001519
ENSG00000162733	-0.0898833173727498
ENSG00000132196	0.242938358551803
ENSG00000269887	0.45661442437998
ENSG00000143171	-0.42013441479997
ENSG00000143198	-0.265308293686379
ENSG00000143149	0.113713337220052
ENSG00000143179	-0.0711598216946528
ENSG00000225171	-0.400190920175202
ENSG00000143195	-0.23567169633026
ENSG00000272205	-0.322752244213227
ENSG00000143190	-0.0741567637450044
ENSG00000143162	-0.229115227576699
ENSG00000198771	-0.203044081044463
ENSG00000143147	-0.15684198049606
ENSG00000213064	0.183303368633102
ENSG00000143153	-0.235478634030524
ENSG00000289466	0.398180769281067
ENSG00000117477	-0.061560573032892
ENSG00000188404	-0.422155394066137
ENSG00000007908	1.34600045128549
ENSG00000171806	-0.110397812266394
ENSG00000000457	-0.04102102509754
ENSG00000075945	-0.333089790336528
ENSG00000120370	0.141312661085537
ENSG00000116132	0.134941976169969
ENSG00000271811	0.458740622673491
ENSG00000094963	0.31151365693452
ENSG00000076258	-0.258168766266112
ENSG00000117523	-0.115248778327697
ENSG00000117533	0.0664808318447985
ENSG00000197959	-0.167149053108139
ENSG00000094975	-0.00284608457242829
ENSG00000226375	0.360641017264292
ENSG00000117592	0.0270514883203947
ENSG00000116161	0.0772113718754392
ENSG00000235750	0.649606245248444
ENSG00000116147	-0.166973171380467
ENSG00000228686	0.404976864398174
ENSG00000120341	-0.047726355033118
ENSG00000224687	0.101390776607012
ENSG00000075391	-0.0540951543363577
ENSG00000116194	0.154791272139055
ENSG00000289432	0.0303040452808249
ENSG00000143322	-0.0541926458426359
ENSG00000272906	0.214515410618574
ENSG00000135837	-0.106639050317237
ENSG00000116260	-0.283879234380849
ENSG00000153029	-0.0989354860416798
ENSG00000162783	1.38551066678083
ENSG00000135821	0.423401719510106
ENSG00000135828	-0.0153883568706317
ENSG00000143333	0.983180961434965
ENSG00000287808	-0.0583136836931896
ENSG00000135862	0.54241716808727
ENSG00000198756	-0.327477855824324
ENSG00000135842	0.0801652591796219
ENSG00000238061	-0.277307351362814
ENSG00000279838	0.0607429216701078
ENSG00000116679	0.0855840982951282
ENSG00000228238	-0.15597088188146
ENSG00000233196	-0.226917545156882
ENSG00000073756	1.51075849792529
ENSG00000273129	0.131976608376006
ENSG00000237457	-0.0361243835113362
ENSG00000150681	-0.179660222801231
ENSG00000023572	0.024164525486086
ENSG00000162630	-0.670667702658169
ENSG00000000971	0.872174321100203
ENSG00000221879	-0.347195925497975
ENSG00000081237	-0.125543303532672
ENSG00000174307	-0.00478225846616232
ENSG00000159176	0.424915397641948
ENSG00000224536	-0.0818793198192711
ENSG00000134369	0.0318807980908957
ENSG00000198700	-0.18706371181555
ENSG00000198892	0.119161378555366
ENSG00000163431	0.588461779976388
ENSG00000134375	-0.00646785079257937
ENSG00000234678	0.0987088218830489
ENSG00000170075	0.401242066693178
ENSG00000143862	-0.205264499525586
ENSG00000143851	0.0586112232888025
ENSG00000243323	0.14960722562405
ENSG00000236439	0.183053522898682
ENSG00000226862	0.111046973612191
ENSG00000183155	-0.347486305814557
ENSG00000117153	-0.253336238225105
ENSG00000163485	-0.0459784681510444
ENSG00000133048	0.0539247864695067
ENSG00000188783	1.59453852115615
ENSG00000058668	0.15561883913424
ENSG00000223505	0.103289942997711
ENSG00000143842	-0.0439674822620931
ENSG00000143845	0.0222040859785064
ENSG00000143850	-0.455576159627012
ENSG00000231691	-0.810330820612937
ENSG00000133056	0.157549158111551
ENSG00000170382	-0.184061286450778
ENSG00000240219	-0.0860629780674288
ENSG00000163531	0.0511234945716218
ENSG00000174529	-0.107441549859295
ENSG00000133059	-0.279373491944513
ENSG00000133069	-0.347546590020449
ENSG00000163545	0.0908001311479482
ENSG00000117266	-0.0959027765468413
ENSG00000158715	-0.160294539126314
ENSG00000117280	-0.213222310632858
ENSG00000133065	0.252977024948861
ENSG00000276600	-0.417163023756243
ENSG00000266028	-0.13925453579507
ENSG00000263528	-0.0175958643168838
ENSG00000266094	-0.197738604619798
ENSG00000143486	-0.0744881164715643
ENSG00000143479	0.178586824260771
ENSG00000123836	0.117449424343744
ENSG00000196352	-0.00530959665079208
ENSG00000234219	0.34317781400373
ENSG00000174059	0.138653504670509
ENSG00000076356	-0.00851591544126888
ENSG00000196878	-0.20638732521796
ENSG00000123689	0.456457593295554
ENSG00000117594	0.171024886097607
ENSG00000009790	-0.265007921656402
ENSG00000203706	0.16012678479304
ENSG00000287354	0.716133237883096
ENSG00000234233	0.6397440979384
ENSG00000117625	0.0164907160867149
ENSG00000153363	-0.254010867060037
ENSG00000170385	-0.0794504514687086
ENSG00000123684	-0.0755756890843601
ENSG00000143493	-0.134696072365771
ENSG00000066027	-0.171151189599905
ENSG00000065600	-0.525011137954381
ENSG00000117691	-0.0800175649942564
ENSG00000123685	0.386212111740801
ENSG00000203705	0.0677328589933147
ENSG00000162769	0.168623016189556
ENSG00000174606	-0.0151995887387523
ENSG00000117707	0.0782950552383595
ENSG00000274895	-0.240547319242689
ENSG00000143499	-0.302635411335577
ENSG00000136636	0.16280312404981
ENSG00000092969	-0.0466513990553915
ENSG00000143353	-0.0630795592727676
ENSG00000277007	-0.0406210000761898
ENSG00000116141	-0.163234810171481
ENSG00000162817	0.0240119218800452
ENSG00000117791	0.111546325197397
ENSG00000186205	-0.0375917312136992
ENSG00000136630	0.0996809915289094
ENSG00000225265	-0.258890398337607
ENSG00000272750	0.261193152890721
ENSG00000186063	-0.091603757466923
ENSG00000197520	-0.253565866472835
ENSG00000288824	0.319851023132555
ENSG00000287338	-0.494972941036694
ENSG00000187554	-0.256298121210831
ENSG00000162909	0.110646384642063
ENSG00000143514	0.057556157442921
ENSG00000288999	0.644486206501759
ENSG00000272645	0.133896173132538
ENSG00000185495	0.186409990003909
ENSG00000162923	0.0309793455547449
ENSG00000143815	0.210916015676423
ENSG00000154380	-0.0172457530480719
ENSG00000289602	0.310510429855596
ENSG00000143742	0.0876511295075336
ENSG00000143819	0.223103207382618
ENSG00000143811	0.142964888590018
ENSG00000272562	-0.173262301498749
ENSG00000182827	0.0905169551779716
ENSG00000143761	-0.0115706246766762
ENSG00000162910	0.107816919279544
ENSG00000280157	0.0397550150862393
ENSG00000198835	-0.146449304217551
ENSG00000203684	0.0517778646422398
ENSG00000181873	-0.0950408254602036
ENSG00000270110	0.0824221433318483
ENSG00000181218	-0.0718476915790823
ENSG00000168159	-0.0956200725837459
ENSG00000116574	0.137451168820264
ENSG00000177788	-0.303785474919218
ENSG00000237481	-0.105057563375074
ENSG00000154429	-0.0486026689448528
ENSG00000135801	-0.0797550090331233
ENSG00000135763	-6.18396901144367e-05
ENSG00000228058	0.00389501411516277
ENSG00000143641	-0.0750117503529238
ENSG00000177614	-0.288551972487356
ENSG00000119280	0.0640425843559436
ENSG00000143643	-0.132497825924487
ENSG00000173409	-0.295283966636683
ENSG00000182118	0.268327198668957
ENSG00000116906	-0.173739728606343
ENSG00000116903	-0.13404367346667
ENSG00000116991	-0.113078112470771
ENSG00000212916	-0.0829870365580231
ENSG00000135750	-0.486510839956871
ENSG00000236358	-0.523583320122599
ENSG00000273367	-0.43676881001103
ENSG00000168275	-0.0792924082336469
ENSG00000059588	-0.012168262128259
ENSG00000054267	-0.0259891924562829
ENSG00000152904	-0.0753515451302661
ENSG00000162885	0.0473808777891906
ENSG00000143669	-0.126218339428614
ENSG00000235674	0.343054813399173
ENSG00000116962	0.514873017126309
ENSG00000273058	0.277011948533027
ENSG00000119285	0.0027146466267902
ENSG00000077522	0.514572232656647
ENSG00000116984	-0.0225722999483484
ENSG00000091483	-0.103010094661915
ENSG00000203668	0.0672887870985326
ENSG00000143702	-0.233216560268603
ENSG00000227230	-0.0842839333783743
ENSG00000035687	-0.057947450003682
ENSG00000121644	-0.00814737395516684
ENSG00000203667	0.40324340158352
ENSG00000203666	0.116143350029169
ENSG00000228879	0.0373869354355187
ENSG00000260855	-0.279128171965533
ENSG00000227953	-0.2617970656437
ENSG00000153207	0.0963286473327111
ENSG00000221953	0.369039387378525
ENSG00000259865	0.512404922839878
ENSG00000227671	0.163413116260907
ENSG00000162714	0.17102149331707
ENSG00000162711	-0.1141869861898
ENSG00000162722	-0.196639962965604
ENSG00000203663	-0.247553466692495
ENSG00000196071	0.0128008008068151
ENSG00000175137	-0.229625213009289
ENSG00000171161	0.0416150844226599
ENSG00000171163	0.220090422882274
ENSG00000185220	-0.0231578486388078
ENSG00000035115	-0.0462640704180289
ENSG00000143727	-0.0914747121934745
ENSG00000151353	-0.0446274718412244
ENSG00000032389	-0.114264551997604
ENSG00000171853	-0.0546102319713602
ENSG00000271868	0.127893395234389
ENSG00000182551	0.055831974394732
ENSG00000242282	-0.0732476110742557
ENSG00000171865	-0.0708647130366898
ENSG00000171863	0.0169291425666209
ENSG00000289136	0.00883976201762674
ENSG00000236106	0.305702389713551
ENSG00000232044	-0.310541664657161
ENSG00000225964	-0.0754690718563803
ENSG00000134326	-0.11928663127184
ENSG00000134321	-0.0789075939163398
ENSG00000271947	0.934900705610307
ENSG00000228203	0.204914221984318
ENSG00000151692	-0.0649974871471245
ENSG00000235576	0.0703327847731622
ENSG00000289191	0.133513821482595
ENSG00000115738	0.385464437957708
ENSG00000134313	-0.0959570088141573
ENSG00000143797	-0.164322693948671
ENSG00000119185	-0.261427216434256
ENSG00000269973	-0.0610803512700345
ENSG00000172059	0.167668556733718
ENSG00000257135	0.0020865993060834
ENSG00000272275	-0.0756165467795579
ENSG00000143870	0.0406562793547114
ENSG00000162976	-0.122166634909569
ENSG00000169016	-0.0896822993723693
ENSG00000196208	-0.193743457418427
ENSG00000162981	0.0730562736200604
ENSG00000134323	-0.060395870987191
ENSG00000183891	-0.236550929978703
ENSG00000118965	-0.0342773209632441
ENSG00000068697	0.485407987139778
ENSG00000143878	0.378767078176178
ENSG00000269976	0.0179173271226912
ENSG00000233416	-0.0960082012316087
ENSG00000118961	-0.174475209695591
ENSG00000163026	-0.0666333990953465
ENSG00000115128	0.00187192770598665
ENSG00000219626	-0.0738098001836657
ENSG00000198399	-0.0678477872508931
ENSG00000242628	-0.0974507176483666
ENSG00000084676	-0.00857799865463749
ENSG00000184924	-0.144826825761046
ENSG00000138092	-0.0110778666979924
ENSG00000271936	0.0905928387821132
ENSG00000138101	-0.34916924695718
ENSG00000268412	-0.641400219467366
ENSG00000157833	-0.284193012263301
ENSG00000084754	-0.0991022260321677
ENSG00000286707	0.0493259420551995
ENSG00000157851	-0.282096491351451
ENSG00000119777	0.169299203111571
ENSG00000084693	-0.119971190982261
ENSG00000138080	0.597414515945782
ENSG00000143994	0.0271215360429081
ENSG00000138074	-0.216917802212626
ENSG00000163794	-0.104795258378451
ENSG00000115204	-0.192418088851428
ENSG00000115207	-0.095313666826078
ENSG00000115234	-0.202742827210051
ENSG00000163795	0.182691026724077
ENSG00000115241	0.0487522791899924
ENSG00000138002	0.0641621002433899
ENSG00000235267	-0.222211018880529
ENSG00000115226	-0.0938134482203892
ENSG00000176714	0.22742681915852
ENSG00000075426	0.907833988555437
ENSG00000226833	0.00015763000514749
ENSG00000213639	0.314205850494897
ENSG00000171103	-0.114437604427302
ENSG00000162961	-0.0773817995970505
ENSG00000021574	-0.110291328445596
ENSG00000115760	-0.0717995231646292
ENSG00000276517	0.290233105096084
ENSG00000152689	-0.366192586653547
ENSG00000234587	-0.352265889499121
ENSG00000150938	0.347708457543174
ENSG00000115808	-0.362857638562956
ENSG00000055332	-0.177953636337376
ENSG00000003509	-0.0368406849568291
ENSG00000115825	0.00333512528855283
ENSG00000115828	-0.00940418850231511
ENSG00000163171	0.288074042423293
ENSG00000138061	0.770651969654736
ENSG00000213553	0.10492272894005
ENSG00000143891	-0.215891029954116
ENSG00000115875	0.124337842974426
ENSG00000152147	-0.237776554270558
ENSG00000163214	-0.116704794013695
ENSG00000115904	-0.209381214367406
ENSG00000011566	0.0456061221658346
ENSG00000289003	0.512500511779495
ENSG00000152154	-1.72299979385156e-06
ENSG00000143924	0.0520567774642908
ENSG00000057935	-0.166796365776413
ENSG00000162881	-0.281429821138322
ENSG00000162882	0.145580175089625
ENSG00000289082	-0.0315231201407428
ENSG00000231826	-0.0939693758999158
ENSG00000152518	0.233122380339161
ENSG00000279873	-0.107299816837609
ENSG00000223658	-0.620940514585937
ENSG00000138095	-0.102946454103367
ENSG00000231848	0.445180458288222
ENSG00000116016	0.456504843694081
ENSG00000119729	0.0401047922112942
ENSG00000119878	0.0280776920296417
ENSG00000180398	-0.0130894716222367
ENSG00000143933	-0.0996106343769475
ENSG00000184261	0.452337629099067
ENSG00000233230	0.237563375435125
ENSG00000119737	-0.213841228091123
ENSG00000068878	-0.0167946563386025
ENSG00000272156	0.21107417616485
ENSG00000237887	-0.0211847460200894
ENSG00000115310	-0.283544949996179
ENSG00000143947	-0.100390524764392
ENSG00000162997	0.539876206153598
ENSG00000115355	-0.095965500870632
ENSG00000275052	-0.0259347765876532
ENSG00000115380	0.519753797237958
ENSG00000055813	0.0673435560540253
ENSG00000162927	-0.137556895439494
ENSG00000162929	-0.0401306863476497
ENSG00000273302	0.150323335741411
ENSG00000270820	-0.0198419749235594
ENSG00000082898	-0.178136131170483
ENSG00000230702	-0.396875311243074
ENSG00000115484	-0.244480910512697
ENSG00000286360	0.0635543217639024
ENSG00000186889	-0.197109269215227
ENSG00000242412	0.0324685855440064
ENSG00000169764	-0.267851953811476
ENSG00000251775	0.475713122510756
ENSG00000260101	0.409154473116059
ENSG00000119844	-0.205866733921928
ENSG00000179833	0.0326969164864983
ENSG00000011523	-0.068951762068913
ENSG00000138069	-0.00941589306391181
ENSG00000143995	0.0419564628477128
ENSG00000243667	-0.0492373232733357
ENSG00000273064	-0.086676158980149
ENSG00000115956	-0.121135160869673
ENSG00000289250	-0.499106768478956
ENSG00000124380	-0.042206786151031
ENSG00000179818	-0.0966045517089902
ENSG00000169564	-0.0548065539706906
ENSG00000115998	-0.164945975668004
ENSG00000163235	-0.0419796066377625
ENSG00000144043	0.0195841295111662
ENSG00000124370	-0.139162645816603
ENSG00000281195	-0.323771033389429
ENSG00000289463	0.488801090531476
ENSG00000135636	-0.0537484496162402
ENSG00000116096	-0.203514389058182
ENSG00000135631	-0.110028871402176
ENSG00000135624	-0.0578046478559291
ENSG00000230002	0.630442093035915
ENSG00000144034	-0.0708063940744069
ENSG00000144048	0.0938529809793451
ENSG00000287250	0.259620523410811
ENSG00000124356	-0.232929764351654
ENSG00000187605	0.00305416208179901
ENSG00000257800	-0.62970442906524
ENSG00000225439	-0.299851846867455
ENSG00000114978	-0.0340021527140571
ENSG00000065911	0.20572089729585
ENSG00000286623	-0.254646240070532
ENSG00000114993	-0.0477344113729804
ENSG00000115275	0.0191883642512594
ENSG00000272183	-0.10310447957094
ENSG00000257702	0.0395225078461176
ENSG00000115289	-0.105137115095643
ENSG00000115307	0.0704850180874057
ENSG00000115318	-0.267016793770377
ENSG00000115325	-0.0437361820098293
ENSG00000272711	-0.0878336960597053
ENSG00000159399	0.239526812926245
ENSG00000115350	0.142174967859702
ENSG00000115364	-0.0953878767325996
ENSG00000005436	-0.0150524097243823
ENSG00000224731	-0.371047443443427
ENSG00000163541	-0.104764018082555
ENSG00000034510	0.135661183704646
ENSG00000176407	-0.191378007949112
ENSG00000246575	-0.569828993437239
ENSG00000152291	-0.128673731739639
ENSG00000042445	-0.0955000190000178
ENSG00000115459	-0.243987936577175
ENSG00000278590	0.122150653524847
ENSG00000152292	0.0362666420261058
ENSG00000286532	0.0287849971168894
ENSG00000168906	0.0140109541871109
ENSG00000115486	0.111222086636041
ENSG00000118640	-0.0391373479718753
ENSG00000168899	0.280624476194859
ENSG00000168894	-0.0370536782431143
ENSG00000168890	0.00255558698200623
ENSG00000168887	-0.0937635247468591
ENSG00000168874	0.327013264857286
ENSG00000115525	-0.199787101219463
ENSG00000232504	-0.0387379443981135
ENSG00000272564	-0.0344800144399767
ENSG00000068654	0.00673439629572092
ENSG00000132300	-0.0293528177230917
ENSG00000273080	-0.568185837296665
ENSG00000115548	-0.121240178596463
ENSG00000239305	-0.084352208980127
ENSG00000153563	-0.118443782086381
ENSG00000231259	-0.0624960378247063
ENSG00000287670	-0.0741819180453132
ENSG00000234028	0.0396466407569629
ENSG00000243290	-0.106700560339055
ENSG00000240864	0.518658031427831
ENSG00000213355	-0.591413658950265
ENSG00000223564	-0.174319243647479
ENSG00000233850	0.0405259093040547
ENSG00000172005	0.121740066945833
ENSG00000231062	0.564686479154783
ENSG00000287362	0.0376631094523195
ENSG00000144029	0.0216488940190729
ENSG00000115041	-0.16587082680687
ENSG00000115042	-0.0474865599589773
ENSG00000232931	-0.0137778496284017
ENSG00000231584	0.0294645942187742
ENSG00000274286	-0.0241949958093233
ENSG00000158050	0.729725721320701
ENSG00000204685	-0.125777675613845
ENSG00000144021	-0.217660381662531
ENSG00000144028	0.0754122614517461
ENSG00000196843	0.849154051967225
ENSG00000114982	-0.0369029098136502
ENSG00000114988	-0.15114825904909
ENSG00000158158	0.051376327664107
ENSG00000273265	-0.483548616349943
ENSG00000168763	-0.0128309646203106
ENSG00000213337	0.0295844491634561
ENSG00000168758	0.222282290679777
ENSG00000168754	-0.0719440829846735
ENSG00000144199	0.0713278353245773
ENSG00000228486	0.271701123321382
ENSG00000183513	-0.0492876660631862
ENSG00000071073	-0.110997906190966
ENSG00000226791	-0.194001798519346
ENSG00000144182	-0.176681417610751
ENSG00000185414	-0.153883614912788
ENSG00000135945	-0.128716278117248
ENSG00000115526	-0.118914970232139
ENSG00000163162	0.0574498849996312
ENSG00000115594	0.597720305763766
ENSG00000205716	0.181444442889212
ENSG00000115602	0.873412447555417
ENSG00000115604	0.254935489110887
ENSG00000235597	-0.0468901229920984
ENSG00000198914	-0.105459962029981
ENSG00000289498	-0.168264639586746
ENSG00000229743	0.144878012866042
ENSG00000287135	0.22717710784072
ENSG00000272861	-0.254622914961869
ENSG00000135966	-0.153408157415867
ENSG00000272994	-0.0699032975728466
ENSG00000071051	0.0250079034795973
ENSG00000115652	0.0711333094621561
ENSG00000169756	-0.0187525995897553
ENSG00000153201	-0.0579605433899621
ENSG00000259863	0.4422900630467
ENSG00000175701	-0.110589403058913
ENSG00000153094	-0.0663385099145174
ENSG00000271590	0.159562664020841
ENSG00000153208	-0.108643274186002
ENSG00000188177	-0.0739297166524135
ENSG00000114999	-0.0406914764604443
ENSG00000125611	0.0937572302430484
ENSG00000228251	0.0631508501651559
ENSG00000115008	-0.0326459127706841
ENSG00000125538	1.34355603624201
ENSG00000125637	0.0964603215056449
ENSG00000136682	-0.0615204654930523
ENSG00000226516	0.293502996152564
ENSG00000279267	-0.617123391994404
ENSG00000236255	-0.262972806142072
ENSG00000279227	-0.274957378430382
ENSG00000155368	0.00181738006902409
ENSG00000236878	0.264709713063188
ENSG00000227788	0.138511193764213
ENSG00000233286	-0.199994568976997
ENSG00000226479	-0.00842511093775086
ENSG00000144118	-0.142124999576494
ENSG00000163083	0.126119205406317
ENSG00000211460	-0.0714615586605218
ENSG00000163161	-0.0598509609576414
ENSG00000169967	-0.0820554595367321
ENSG00000236682	-0.079377377153578
ENSG00000272789	-0.503484637694321
ENSG00000144230	-0.393268743497955
ENSG00000144233	0.0623161783134216
ENSG00000286873	-0.174596746940257
ENSG00000213225	-0.27338278357052
ENSG00000136710	-0.191526759631162
ENSG00000233087	-0.570118461065029
ENSG00000152117	0.246511106093726
ENSG00000287071	-0.396955802713161
ENSG00000274353	-0.273331739590314
ENSG00000226953	-0.137199001518763
ENSG00000152127	-0.430703375940345
ENSG00000152128	-0.0520386710709204
ENSG00000287463	0.0132883917790012
ENSG00000076003	0.123718404118888
ENSG00000115866	0.135429503574652
ENSG00000121966	0.0515329943899049
ENSG00000230037	0.187296619210452
ENSG00000150540	-0.0593124684528033
ENSG00000279166	0.223965040493535
ENSG00000238057	-0.123875772061709
ENSG00000287115	0.205537018817119
ENSG00000115963	0.279395908382783
ENSG00000184898	0.12036379835283
ENSG00000123609	0.311575226586325
ENSG00000123610	0.0992528997912655
ENSG00000162980	-0.0731838859101578
ENSG00000157827	-0.305742702046286
ENSG00000286207	0.359410713785233
ENSG00000196504	0.0479193102024591
ENSG00000230251	0.339671472637884
ENSG00000115159	-0.0513015824515059
ENSG00000136541	-0.292556011972894
ENSG00000115165	0.00912562432445257
ENSG00000271320	0.0633738823375322
ENSG00000144283	-0.107632861942707
ENSG00000224152	-0.141282147393602
ENSG00000241399	-0.139287084710092
ENSG00000153250	0.22510155476578
ENSG00000115267	0.109383878038391
ENSG00000163072	0.110043189479527
ENSG00000073737	-0.262609053801211
ENSG00000081479	0.00160308392447831
ENSG00000138399	-0.263806873201218
ENSG00000144357	-0.00284304367123704
ENSG00000227176	-0.36998439242563
ENSG00000239467	0.0254887910306203
ENSG00000115806	-0.0952722547805624
ENSG00000198586	-0.0817414484694767
ENSG00000233762	-0.441842694377833
ENSG00000091409	0.164184586110738
ENSG00000091436	0.11379436256682
ENSG00000144354	0.198242355890909
ENSG00000144306	-0.144813087098818
ENSG00000115935	-0.117673342903878
ENSG00000128656	-0.148539992174399
ENSG00000128652	-0.0192926130876945
ENSG00000224189	-0.282624497827846
ENSG00000128645	-0.138587905506903
ENSG00000128654	-0.295705576882727
ENSG00000237260	0.265701018653407
ENSG00000163364	0.108215193566512
ENSG00000213963	-0.0523375692110623
ENSG00000280374	-0.219874040073192
ENSG00000018510	-0.22514817262316
ENSG00000155636	-0.155010995051667
ENSG00000223960	-0.27959357589372
ENSG00000204311	-0.0135456166806876
ENSG00000170035	-0.112877622001096
ENSG00000138434	0.0879728100730041
ENSG00000162998	0.540466052722163
ENSG00000162999	-0.182295991863687
ENSG00000064989	0.231130247647618
ENSG00000168542	0.653863846070355
ENSG00000138449	-0.164824490185888
ENSG00000128694	-0.042464417006018
ENSG00000187699	-0.00646539781894955
ENSG00000138379	0.250528502584921
ENSG00000198130	-0.0801608450056946
ENSG00000151690	-0.230764669077521
ENSG00000189362	-0.142607483110295
ENSG00000115415	0.307216743342455
ENSG00000173559	0.218358645238772
ENSG00000168497	-0.336118294222807
ENSG00000144339	-0.144711662567151
ENSG00000196950	-0.102293843378372
ENSG00000081320	0.193785213774261
ENSG00000187944	0.00622873791362179
ENSG00000115520	0.130465260348564
ENSG00000144381	0.478483436753348
ENSG00000115541	0.276854802334308
ENSG00000115540	0.0318009824476473
ENSG00000162944	-0.174806029192426
ENSG00000119042	-0.233664737051989
ENSG00000238217	-0.0329041160066645
ENSG00000213938	0.0651266253423508
ENSG00000013441	-0.0754485225485044
ENSG00000196290	-0.215839681967683
ENSG00000003402	0.137639183288349
ENSG00000003400	0.0997408454917969
ENSG00000064012	0.0178687195364558
ENSG00000155755	-0.160450214186632
ENSG00000230799	0.113521551426669
ENSG00000055044	0.237944718553255
ENSG00000204217	0.0102021473098678
ENSG00000163596	-0.00807794673951592
ENSG00000138380	-0.0869892341052758
ENSG00000119004	-0.067629260263295
ENSG00000138443	-0.119670822281412
ENSG00000163599	0.235772396067995
ENSG00000227946	0.141420780069407
ENSG00000023228	-0.168642150193349
ENSG00000118246	-0.0892638347783362
ENSG00000118263	-0.15412206518073
ENSG00000118260	-0.0890481727323055
ENSG00000144401	-0.126517958759543
ENSG00000163249	-0.0329736858951679
ENSG00000178385	-0.217857268595252
ENSG00000118231	-0.633507059242672
ENSG00000138413	-0.388083418634016
ENSG00000231063	0.169588843955136
ENSG00000288732	0.140040228846134
ENSG00000030419	0.040825416471077
ENSG00000270659	0.444666234452072
ENSG00000230076	0.939239794713404
ENSG00000115425	-0.138277687237026
ENSG00000115457	0.69783238302071
ENSG00000180871	-0.283620470783145
ENSG00000163466	-0.124745177378085
ENSG00000127837	0.0209684518329004
ENSG00000127838	-0.253978480151344
ENSG00000018280	0.796159855975143
ENSG00000144580	0.0469933991343904
ENSG00000115568	0.0822133257364248
ENSG00000074582	-0.0814726460849408
ENSG00000163481	-0.0730463282703997
ENSG00000272555	0.260784564726029
ENSG00000115649	-0.210808054906037
ENSG00000287529	0.630468930896499
ENSG00000198925	-0.206333993523477
ENSG00000127824	-0.101315236582199
ENSG00000123992	0.0137923600975922
ENSG00000144591	0.0391721496085738
ENSG00000188760	-0.222447797043943
ENSG00000163082	-0.0724329576748481
ENSG00000116120	-0.0979776137091301
ENSG00000135919	0.219939388187537
ENSG00000124019	0.106599513805798
ENSG00000135905	-0.361850949384524
ENSG00000168958	-0.180317922385198
ENSG00000173744	-0.0571313363298767
ENSG00000135917	0.457517254534336
ENSG00000187957	-0.260478613450187
ENSG00000163053	0.0991108762709868
ENSG00000135899	-0.0373082791159654
ENSG00000067066	0.156173457279952
ENSG00000237758	0.318204460890072
ENSG00000261829	-0.0438742139455223
ENSG00000173692	-0.1198720455017
ENSG00000156966	-0.683785541362605
ENSG00000283312	-0.0535459726815785
ENSG00000289018	-0.145928298809726
ENSG00000187514	0.156787764026055
ENSG00000144524	-0.0628227242241307
ENSG00000237412	-0.915325139081174
ENSG00000221944	0.125814401487753
ENSG00000182600	-0.321731906927387
ENSG00000168918	-0.225161519010683
ENSG00000085978	0.0303178975893714
ENSG00000251791	0.51027205143107
ENSG00000077044	-0.0579566070130173
ENSG00000085982	-0.1288041723902
ENSG00000130147	-0.0217579069312206
ENSG00000157985	-0.238451733193366
ENSG00000124831	0.054886722415515
ENSG00000184182	-0.0922545562345258
ENSG00000132323	0.0371143417698168
ENSG00000144485	-0.074702023542231
ENSG00000132326	0.133937781383945
ENSG00000130414	0.0490973496548199
ENSG00000063660	-0.0843954399651809
ENSG00000144504	-0.0479390740447921
ENSG00000142327	-0.291150411918706
ENSG00000260942	-0.0501846356894579
ENSG00000178623	0.0596698843363613
ENSG00000130294	0.108199365751746
ENSG00000122085	-0.0321899379109921
ENSG00000115685	-0.110161605416936
ENSG00000115677	-0.0567298526308443
ENSG00000168385	0.0254708041056952
ENSG00000286588	-0.0984922878357833
ENSG00000289555	0.0533943898175263
ENSG00000234235	0.211471638424087
ENSG00000176720	-0.44589089456126
ENSG00000273113	0.125023009953099
ENSG00000168393	-0.156469072993535
ENSG00000168395	-0.0624924797324307
ENSG00000204099	-0.249075143782
ENSG00000134121	0.0703609019896713
ENSG00000113851	-0.169892327664735
ENSG00000175928	-0.331475808324621
ENSG00000170364	-0.154026016400003
ENSG00000231249	0.0613360732559861
ENSG00000134109	0.0638910472442316
ENSG00000196220	-0.118948392665389
ENSG00000134077	-0.100758464312673
ENSG00000168137	0.104947089921658
ENSG00000156959	-0.427148608273168
ENSG00000156983	0.0479981936350115
ENSG00000114026	-0.092581971660278
ENSG00000134072	0.226178394107023
ENSG00000171148	-0.105787002693291
ENSG00000241553	-0.156127381393118
ENSG00000214021	-0.0364103752439055
ENSG00000156990	-0.0497964084599324
ENSG00000163703	-0.145678757448929
ENSG00000230082	-0.113655262826802
ENSG00000206567	0.228315177378325
ENSG00000231177	-0.174425965076923
ENSG00000157103	0.183815533429255
ENSG00000132155	-0.0939328971588359
ENSG00000163517	-0.114937240307997
ENSG00000163520	0.093565510685929
ENSG00000287059	0.108370796881842
ENSG00000131389	0.0953559159790512
ENSG00000177463	-0.156292330507418
ENSG00000131368	0.0138088195910458
ENSG00000131381	-0.0816874937374921
ENSG00000224660	0.121233028649308
ENSG00000144597	-0.00796804514152217
ENSG00000131373	0.0794574518556084
ENSG00000270409	0.471348739577825
ENSG00000286689	-0.302261563247567
ENSG00000154813	-0.141492294575817
ENSG00000131378	0.103877325537365
ENSG00000272498	0.237865122840767
ENSG00000183960	0.0478373865939486
ENSG00000289138	0.498585166323711
ENSG00000114166	-0.083748855232092
ENSG00000215016	-0.283619726907317
ENSG00000077097	-0.00656920618064108
ENSG00000151093	-0.196292473532678
ENSG00000033867	0.0870856708638185
ENSG00000163513	0.363194070568389
ENSG00000261468	0.491360571129917
ENSG00000261572	0.324950024279823
ENSG00000091317	0.358268743287676
ENSG00000144635	-0.180853266366491
ENSG00000153558	-0.164004057765975
ENSG00000153560	0.00789165715462068
ENSG00000163539	-0.0856269432634718
ENSG00000272334	0.413512030822739
ENSG00000093167	0.0144032202916497
ENSG00000231449	0.330301296791566
ENSG00000271653	-0.334701811385586
ENSG00000270194	-0.468652087736609
ENSG00000144674	-0.0755803323130148
ENSG00000288972	0.0988271552922906
ENSG00000144677	-0.0537266894290512
ENSG00000136059	0.0530028315773034
ENSG00000172936	0.0812930865123307
ENSG00000157036	-0.0564619943981803
ENSG00000114742	-0.157749745642925
ENSG00000114745	0.00701992502135337
ENSG00000168329	-0.285684622109173
ENSG00000289279	0.346313013492807
ENSG00000230274	0.198730286372488
ENSG00000008324	-0.197464661050407
ENSG00000230084	-0.279478465329554
ENSG00000114853	-0.045616233809804
ENSG00000010282	0.0562410375423544
ENSG00000230970	-0.126207948319964
ENSG00000173811	0.0344549077006034
ENSG00000240747	0.187391107185039
ENSG00000182983	0.0800303228910524
ENSG00000144649	0.17531040984798
ENSG00000227245	-0.20987894286438
ENSG00000160746	-0.138615464423907
ENSG00000011198	-0.238188807937018
ENSG00000280435	-0.276362824879493
ENSG00000261786	-0.385865129628439
ENSG00000179152	-0.157539924206691
ENSG00000185219	0.00173250678379061
ENSG00000196345	-0.0906454768391393
ENSG00000272077	0.195536439304934
ENSG00000169964	-0.277897316984879
ENSG00000163812	-0.312950626130272
ENSG00000163815	-0.464128584168329
ENSG00000144791	0.132288080449002
ENSG00000163823	0.390710202765679
ENSG00000121807	0.0588430018466384
ENSG00000160791	0.315274233466841
ENSG00000283706	0.189632778360666
ENSG00000160801	-0.0109610984921234
ENSG00000160796	0.32701750782553
ENSG00000114648	-0.174609603006576
ENSG00000076201	0.0335635135999139
ENSG00000163832	-0.0845322457992368
ENSG00000114646	-0.0429245147161324
ENSG00000132153	-0.0325851124756746
ENSG00000164047	-0.421028275508275
ENSG00000164048	-0.233463168299577
ENSG00000229759	-0.441918363298095
ENSG00000164050	-0.0591459883228297
ENSG00000164053	0.0221172275287729
ENSG00000164054	0.255039565262306
ENSG00000225697	0.163501634684346
ENSG00000271973	0.288430449963879
ENSG00000068745	0.0853358365026784
ENSG00000114302	0.0236905420740323
ENSG00000224424	0.103078103768394
ENSG00000178537	-0.0159065717944715
ENSG00000221883	0.0216847701825525
ENSG00000177479	0.0824524925781384
ENSG00000223343	-0.00836922475334616
ENSG00000178467	-0.14633225206333
ENSG00000178057	0.113657221982203
ENSG00000198218	-0.0296806962707334
ENSG00000172053	-0.119755811243735
ENSG00000172046	-0.136397242508965
ENSG00000172037	0.552232376608437
ENSG00000188315	-0.208586491092745
ENSG00000145022	-0.3575904942582
ENSG00000145029	-0.196361462775611
ENSG00000226913	-0.2277756840308
ENSG00000173531	0.329061742089251
ENSG00000173540	0.580948671146273
ENSG00000176095	-0.2913415076683
ENSG00000185614	-0.202336498096344
ENSG00000182179	-0.0208054635550156
ENSG00000164077	-0.0417163779054849
ENSG00000281691	0.207939582724017
ENSG00000001617	0.414633230997264
ENSG00000188338	-0.126126299804459
ENSG00000230454	0.203475605521188
ENSG00000012171	0.224398951222834
ENSG00000214706	0.23846899072545
ENSG00000243477	0.259784556367544
ENSG00000114378	0.202737410344843
ENSG00000068001	0.397369621706276
ENSG00000114383	-0.228988618122984
ENSG00000281358	-0.0373721904904476
ENSG00000114395	-0.106315355529197
ENSG00000114735	0.00151050750278775
ENSG00000114737	1.02111491064196
ENSG00000114738	-0.0244444063410977
ENSG00000289504	0.0228155624694866
ENSG00000273356	0.479294301214724
ENSG00000288988	0.114263377857894
ENSG00000145050	0.356845195913493
ENSG00000259956	0.0649736759977706
ENSG00000164080	0.0310694862231433
ENSG00000164082	0.0531736703449969
ENSG00000180929	-0.289971986028819
ENSG00000090097	0.0602858848392552
ENSG00000114779	0.0543491771949066
ENSG00000248487	-0.0660748756265963
ENSG00000243989	0.0188761803259311
ENSG00000164086	0.0493523889177322
ENSG00000023330	0.070142701018349
ENSG00000239732	-0.197024020231544
ENSG00000247596	0.0116251427652
ENSG00000243224	-0.221334535871094
ENSG00000164088	-0.129599936023072
ENSG00000114841	0.113990894605582
ENSG00000239557	0.136154672390906
ENSG00000010318	-0.107992192706385
ENSG00000010327	0.624194320584285
ENSG00000168268	0.33068425758733
ENSG00000163938	0.270496186328993
ENSG00000016864	-0.0878474971716129
ENSG00000162267	0.592984164630443
ENSG00000055955	0.0794295037984687
ENSG00000272573	1.09558427910658
ENSG00000289519	0.00684729341110198
ENSG00000163933	-0.0962137877453265
ENSG00000163932	0.148446263329277
ENSG00000272886	-0.0664782412167373
ENSG00000016391	0.188048348877475
ENSG00000271976	-0.0144268569163487
ENSG00000113811	0.192429536674499
ENSG00000229806	-0.406420777901692
ENSG00000114251	0.0821127775884876
ENSG00000144730	-0.13326647733687
ENSG00000174840	0.109532983700599
ENSG00000168374	0.166667164154033
ENSG00000136068	-0.160162953889578
ENSG00000163686	-0.309707324858365
ENSG00000273493	-0.366555060440477
ENSG00000168291	-0.0921655444042656
ENSG00000272360	-0.294857838198722
ENSG00000226360	-0.193588625875176
ENSG00000114405	-0.366378740410587
ENSG00000163618	-0.286669145949347
ENSG00000272181	0.296932983604334
ENSG00000163638	0.553707721121278
ENSG00000241158	0.503029388642891
ENSG00000163376	-0.014651768122191
ENSG00000187098	-0.160876425892401
ENSG00000277855	-0.350215454543488
ENSG00000270562	0.0415382653463573
ENSG00000272774	0.751573025906414
ENSG00000287595	-0.358627707343204
ENSG00000179021	-0.0455115785183432
ENSG00000178700	-0.0680295718873211
ENSG00000178694	-0.0880756547223534
ENSG00000269028	0.701165064899541
ENSG00000080200	-0.0983736564499053
ENSG00000057019	-0.209266112113755
ENSG00000273374	0.0607123913888636
ENSG00000036054	0.0166803354679869
ENSG00000114021	-0.0475745715967259
ENSG00000138468	-0.0750547785749866
ENSG00000174173	0.0624850234975236
ENSG00000256628	-0.12783122138893
ENSG00000244119	-0.0254644002364353
ENSG00000144815	-0.0511878946371049
ENSG00000144802	0.50704161086086
ENSG00000288848	-0.0738628418909075
ENSG00000288557	-0.0917004995357992
ENSG00000243701	-0.00317321673624341
ENSG00000272597	-0.152101649654737
ENSG00000114446	0.0051961616216858
ENSG00000241634	-0.292118033751011
ENSG00000091972	0.11618978611226
ENSG00000138459	-0.306872127714271
ENSG00000091986	-0.179271322716144
ENSG00000163608	-0.0312457756466548
ENSG00000178075	0.0557626085635448
ENSG00000163617	-0.0172753522301861
ENSG00000174255	-0.255629132108611
ENSG00000181847	-0.182068966061354
ENSG00000172020	-0.482996862530116
ENSG00000144847	-0.125818298650037
ENSG00000121578	0.335693982319594
ENSG00000031081	-0.0280357410075084
ENSG00000176142	0.0231879678712426
ENSG00000272662	0.829549250542155
ENSG00000113845	-0.103791071139201
ENSG00000144843	0.292136154487338
ENSG00000144837	0.503132963781654
ENSG00000138495	-0.0106008418846602
ENSG00000082701	-0.188274466423181
ENSG00000065518	-0.00589729842351715
ENSG00000173230	-0.0210772682190408
ENSG00000163406	-0.177155587187348
ENSG00000114013	-0.306547439702555
ENSG00000121552	-0.00975628683335427
ENSG00000196981	-0.086857318723359
ENSG00000138496	0.340561224193847
ENSG00000163840	0.326094746241166
ENSG00000173193	0.193320327331975
ENSG00000175455	0.00609849417153166
ENSG00000114491	-0.0631673488305966
ENSG00000229048	0.491373864802546
ENSG00000114520	0.0610672045688351
ENSG00000284624	0.154798335702348
ENSG00000114544	-0.242202756575416
ENSG00000144908	0.183730170632617
ENSG00000246022	0.0537301530082335
ENSG00000250934	-0.0197457045340335
ENSG00000251448	0.155212239837939
ENSG00000163884	0.168537011323751
ENSG00000070476	0.0406760248666607
ENSG00000114554	-0.322392370745165
ENSG00000163870	-0.151828215947107
ENSG00000073111	-0.198343679160401
ENSG00000285600	-0.142236147658489
ENSG00000114631	-0.288529915438798
ENSG00000114626	-0.131916566781826
ENSG00000058262	0.142258638729542
ENSG00000179348	0.239337196870137
ENSG00000244300	-0.0147747609502726
ENSG00000239503	-0.0670491810483447
ENSG00000172780	-0.015372717259317
ENSG00000288996	-0.0516970053472742
ENSG00000169714	0.101810793958969
ENSG00000181789	0.000696131485026073
ENSG00000206417	0.0545411882059234
ENSG00000203644	0.301093854987119
ENSG00000271270	-0.155841539247493
ENSG00000284731	0.113319808263526
ENSG00000253540	-0.0568197750437119
ENSG00000196455	-0.00741647527319293
ENSG00000034533	-0.0805729084884945
ENSG00000261167	-0.00585018977464785
ENSG00000240303	0.0235425460109936
ENSG00000113971	0.312786036006675
ENSG00000091527	-0.0778680017873594
ENSG00000163781	-0.24494693483455
ENSG00000091513	-0.202715606525903
ENSG00000244062	0.37157094882817
ENSG00000285908	-0.603880595277133
ENSG00000163785	0.012617874630025
ENSG00000260633	0.641108334340803
ENSG00000114019	-0.017548565106107
ENSG00000174611	-0.0115159564508261
ENSG00000174579	-0.0992024608852544
ENSG00000114054	-0.0267355352358992
ENSG00000261758	0.0293615358424932
ENSG00000138231	-0.0696319121785558
ENSG00000158234	-0.0952781558737071
ENSG00000183770	0.178005357194996
ENSG00000206262	0.0247426921554942
ENSG00000114115	0.309424178264562
ENSG00000114120	0.0672306674259759
ENSG00000069849	0.136035261688877
ENSG00000114126	-0.215470090601497
ENSG00000175066	-0.118998128477156
ENSG00000114127	-0.0176555514890775
ENSG00000144935	0.0383619129340027
ENSG00000175040	-0.0621532532803527
ENSG00000241679	0.0992632207982355
ENSG00000261051	0.30093841861592
ENSG00000279320	0.0172426507134852
ENSG00000188313	0.517045427755343
ENSG00000239922	-0.134084618785459
ENSG00000071794	-0.0890665963937121
ENSG00000047457	0.620491712801595
ENSG00000163762	0.31735602189633
ENSG00000169908	1.49235469175121
ENSG00000082996	-0.303950616729388
ENSG00000070087	-0.140804797969532
ENSG00000120742	0.220471317060876
ENSG00000181788	-0.0787491061024593
ENSG00000181631	-0.221668531263929
ENSG00000169313	-0.0968105492319813
ENSG00000221962	0.194651931024738
ENSG00000174953	0.0467032591568079
ENSG00000286585	-0.254367460376659
ENSG00000243926	-0.030326520967357
ENSG00000168827	0.170569830722422
ENSG00000271778	0.274259523648436
ENSG00000272247	0.263068485429479
ENSG00000168811	-0.0619346429308115
ENSG00000186432	0.00213121786748314
ENSG00000229320	-0.0436605058598601
ENSG00000260572	-0.264548992711768
ENSG00000114200	-0.159866855933343
ENSG00000184378	0.830216537974139
ENSG00000173890	-0.144958005217363
ENSG00000136603	0.102301775738725
ENSG00000013293	-0.263019071287127
ENSG00000163584	0.33532697920348
ENSG00000163577	-0.546627980836379
ENSG00000154310	-0.044808154681493
ENSG00000075651	-0.264696696306435
ENSG00000121858	0.269677296952744
ENSG00000227440	-0.136418806160382
ENSG00000172667	-0.112980244115209
ENSG00000121864	0.0403738329372443
ENSG00000171109	0.0793427889945418
ENSG00000272660	-0.0602873420255743
ENSG00000058056	-0.108044083272998
ENSG00000114757	-0.278409754548472
ENSG00000114416	-0.237744683729179
ENSG00000205981	0.0234386983416818
ENSG00000242808	-0.0873038345398321
ENSG00000181449	0.551175742678529
ENSG00000239805	-0.222677131105845
ENSG00000058063	-0.0819922150548201
ENSG00000270554	0.549201742928478
ENSG00000176597	0.0755906834622054
ENSG00000172578	-0.195944019518924
ENSG00000114796	-0.192246135222464
ENSG00000233885	-0.514353143695106
ENSG00000180834	0.00699291015489864
ENSG00000175193	0.0501419063246322
ENSG00000114770	-0.111750843499263
ENSG00000273181	0.0203997674183257
ENSG00000161202	0.0225073595654161
ENSG00000114867	0.140532377248416
ENSG00000175182	0.166456116305277
ENSG00000114859	0.0836483978932396
ENSG00000163882	0.219365822561488
ENSG00000177383	-0.07441274505681
ENSG00000273403	-0.379261913507036
ENSG00000272922	0.416837123660471
ENSG00000156931	-0.150959538418023
ENSG00000187068	-0.050054123331975
ENSG00000136527	0.255703786493751
ENSG00000244405	-0.281036832561467
ENSG00000213139	0.204704436348944
ENSG00000113838	-0.0151045542896455
ENSG00000090520	0.567834205074132
ENSG00000263826	0.470907424451041
ENSG00000073849	-0.176600555877827
ENSG00000127241	0.14385118201737
ENSG00000113916	0.761027598210633
ENSG00000285938	0.201654870348536
ENSG00000270959	-0.075413701826032
ENSG00000198836	-0.0981942880930659
ENSG00000232874	0.790624516549155
ENSG00000133657	-0.00782231690650696
ENSG00000231770	-0.0767536254430055
ENSG00000288979	0.0175764607630895
ENSG00000145014	-0.240683116986541
ENSG00000041802	-0.00174365551085847
ENSG00000185112	0.820084974498065
ENSG00000184203	0.270838257704392
ENSG00000286004	-0.124930731930849
ENSG00000185485	0.182755368976523
ENSG00000161217	-0.0357796742960242
ENSG00000163960	-0.161275414552834
ENSG00000232065	0.195096839656495
ENSG00000174004	-0.0794816195280141
ENSG00000163964	-0.046395005254855
ENSG00000174007	-0.518095890661527
ENSG00000114503	0.0537335863798115
ENSG00000228109	0.0999758014326958
ENSG00000075711	-0.214283890886972
ENSG00000161267	0.00282277610649281
ENSG00000213519	0.921602902546738
ENSG00000122068	0.0224279614099133
ENSG00000182899	-0.0127790028020662
ENSG00000185621	-0.221410503643872
ENSG00000251595	0.0263490082713551
ENSG00000174227	-0.116533602489138
ENSG00000283183	-0.200553567224915
ENSG00000169020	0.0583262142149466
ENSG00000215375	-0.139311684707365
ENSG00000169026	0.227201635825416
ENSG00000185619	0.0216342884506524
ENSG00000249592	-0.0266480691484811
ENSG00000178950	-0.0246238940442595
ENSG00000127419	-0.119666156352796
ENSG00000178222	0.066884859947233
ENSG00000196810	-0.215122373984931
ENSG00000090316	-0.130363220249799
ENSG00000272783	1.37465155004008
ENSG00000163950	-0.0576197652157282
ENSG00000168936	-0.0523744538860701
ENSG00000168924	-0.0285581670505327
ENSG00000159733	0.0393057498039936
ENSG00000063978	0.097812032002779
ENSG00000168884	0.268046821469836
ENSG00000087266	0.290629549732521
ENSG00000087274	-0.0151513654908781
ENSG00000249673	0.0386761558171848
ENSG00000087269	-0.0629259489596172
ENSG00000109758	0.0341808137971987
ENSG00000250476	0.278645960835696
ENSG00000145220	0.119868784732171
ENSG00000168826	0.00689501175412789
ENSG00000168818	-0.0275451864500652
ENSG00000163132	0.276721154553948
ENSG00000170891	-0.510076733563002
ENSG00000179010	-0.185165600308094
ENSG00000246526	0.261400947921866
ENSG00000163993	0.143053967177958
ENSG00000178988	-0.257823918300554
ENSG00000186222	0.0718136101360697
ENSG00000170871	-0.176460029571753
ENSG00000132405	-0.212280922115828
ENSG00000202392	-0.509772273248743
ENSG00000245468	-0.22516713588475
ENSG00000184985	-0.0656838432976375
ENSG00000273267	-0.0150377171462901
ENSG00000251615	-0.15976856294984
ENSG00000155275	0.0634471580696367
ENSG00000205959	0.0834441163534319
ENSG00000071127	0.117656262690333
ENSG00000178163	-0.0896822673181338
ENSG00000038219	-0.20153229059463
ENSG00000048342	-0.0670785227080059
ENSG00000118564	0.120280745874071
ENSG00000169762	-0.0146724321630354
ENSG00000151552	0.0114277012264783
ENSG00000002549	0.231593523866097
ENSG00000118579	0.0234337709230289
ENSG00000163257	0.163827996360143
ENSG00000163138	0.0528096973583289
ENSG00000109606	0.051125121414557
ENSG00000261121	-0.281941128523139
ENSG00000109610	0.509835874673958
ENSG00000153012	-0.257147451886178
ENSG00000053900	0.00793092782751892
ENSG00000250317	-0.0639778293358599
ENSG00000168214	-0.074811347205512
ENSG00000109689	-0.0722025585144274
ENSG00000181826	0.129270284040431
ENSG00000169299	0.0235573488396736
ENSG00000065882	0.0125357021562875
ENSG00000231160	-0.180026753786668
ENSG00000109787	0.0906719249787204
ENSG00000174123	-0.162475123473344
ENSG00000174125	-0.153351617104138
ENSG00000174130	-0.140960980014986
ENSG00000197712	0.0900449601718734
ENSG00000121897	-0.116611508147524
ENSG00000224097	-0.38926128725853
ENSG00000109814	0.184334197636489
ENSG00000287262	-0.248929911694844
ENSG00000255458	-0.00335683523862124
ENSG00000121892	-0.152795482782208
ENSG00000154277	-0.552361361596039
ENSG00000289643	-0.0906588229982441
ENSG00000178343	0.611186349726443
ENSG00000124406	-0.0244791517923324
ENSG00000248283	0.288691706803635
ENSG00000163281	0.00876487478025797
ENSG00000249936	-0.597560685466127
ENSG00000169019	0.0702764336069294
ENSG00000145246	-0.0198599233220337
ENSG00000109171	-0.0339908237265113
ENSG00000075539	-0.0458060319830877
ENSG00000109180	-0.0823069300061197
ENSG00000109184	0.0231606071484701
ENSG00000188993	0.0307967718089509
ENSG00000163069	-0.00113304518389872
ENSG00000248866	0.0598610155688253
ENSG00000226950	-0.0768902927353035
ENSG00000226887	0.420469698466839
ENSG00000109220	0.0978365822754002
ENSG00000180613	0.384894631567625
ENSG00000134853	-0.329008117703908
ENSG00000128039	-0.190876846989499
ENSG00000273257	-0.0475015063869827
ENSG00000239040	-0.0838376158829936
ENSG00000272969	0.0537842627294588
ENSG00000090989	-0.199584900086188
ENSG00000128050	0.108323387688737
ENSG00000289393	-0.425922371826814
ENSG00000171476	0.0557968193052082
ENSG00000280285	0.206618539040927
ENSG00000288944	-0.0120535196332129
ENSG00000084093	-0.0815128636975928
ENSG00000047315	-0.0991582100941183
ENSG00000163453	0.812963020034343
ENSG00000243199	-0.213051601827193
ENSG00000145241	-5.76255764043383e-05
ENSG00000279464	0.160279073605775
ENSG00000173597	0.0757468564671502
ENSG00000272986	0.348983499271757
ENSG00000156136	-0.280670097280417
ENSG00000163626	-0.0746940712428703
ENSG00000169429	1.41645529736783
ENSG00000163739	1.04729998822931
ENSG00000163737	-0.140460976497558
ENSG00000163736	0.0856789693605363
ENSG00000163734	0.581892934636534
ENSG00000081041	1.81828515402457
ENSG00000169116	0.0111366946216893
ENSG00000138769	-0.266277398803581
ENSG00000198301	0.00105786951969197
ENSG00000138755	0.66849416986042
ENSG00000169245	2.30475432958602
ENSG00000169248	0.632643375111491
ENSG00000138750	0.127133409803933
ENSG00000138760	-0.132182512199848
ENSG00000189157	-0.173570752400224
ENSG00000118816	-0.0983017210317382
ENSG00000138767	-0.0138342175474443
ENSG00000289379	0.42614683875443
ENSG00000249072	0.0503027317085891
ENSG00000248719	-0.063407473810559
ENSG00000152784	-0.108981556323767
ENSG00000289480	0.258953488486593
ENSG00000138668	0.264936684888807
ENSG00000152795	0.123346710609918
ENSG00000145293	-0.0825493917024148
ENSG00000249242	0.0799132797119481
ENSG00000145284	0.0294923807488418
ENSG00000270480	0.608838980076172
ENSG00000168152	0.0128248075328964
ENSG00000145287	-0.0154917754146464
ENSG00000173083	-0.471957902399108
ENSG00000180769	0.123846619902717
ENSG00000284968	-0.278240250935431
ENSG00000170502	-0.144984475748918
ENSG00000152583	0.523108578074181
ENSG00000183199	-0.228666385972528
ENSG00000138642	-0.15540441339014
ENSG00000138646	0.0222863737168391
ENSG00000285122	-0.0266224523813226
ENSG00000248019	-0.027969977873208
ENSG00000270720	0.27956645141364
ENSG00000185477	-0.133853263090853
ENSG00000163110	0.147733290755112
ENSG00000271474	0.0766837605881365
ENSG00000168785	-0.0791592213017897
ENSG00000260641	0.261442518065317
ENSG00000197894	0.0472160834871602
ENSG00000196616	0.90986548999166
ENSG00000164032	0.0972683073378041
ENSG00000145358	0.197778485572561
ENSG00000138821	0.0842331627683634
ENSG00000260651	-0.978724615612597
ENSG00000109320	0.0291251645292598
ENSG00000109323	-0.257677488987353
ENSG00000109332	-0.0281029517997821
ENSG00000246560	-0.254950244854591
ENSG00000145354	-0.144959005369868
ENSG00000250651	-0.251360008280039
ENSG00000164039	0.270942832494695
ENSG00000138801	-0.157619584408778
ENSG00000155016	0.185601041945825
ENSG00000249604	-0.0931205397288588
ENSG00000138796	-0.00993408691193484
ENSG00000138795	0.101557897619488
ENSG00000198856	-0.0718792897368155
ENSG00000138794	-0.0157912410940545
ENSG00000205403	0.469414409210023
ENSG00000109534	-0.0290446355729653
ENSG00000170522	-0.125759488495319
ENSG00000138660	0.02508925683972
ENSG00000145365	0.274570674317317
ENSG00000073331	0.00177903553096564
ENSG00000138658	-0.0402325528131316
ENSG00000174720	0.0336187143956672
ENSG00000241741	-0.155424146599258
ENSG00000145349	0.0323663300771721
ENSG00000174607	-0.440378856157662
ENSG00000250215	0.195747714444678
ENSG00000174599	-0.144360383352944
ENSG00000269893	0.241561847661734
ENSG00000260404	0.0940360397794712
ENSG00000172403	0.320119339785223
ENSG00000245958	0.0124088134437986
ENSG00000145386	-0.242991718513402
ENSG00000138688	-0.101364577158611
ENSG00000273007	-0.0388828499779046
ENSG00000287951	0.144593608418581
ENSG00000164066	-0.105021164488187
ENSG00000164070	-0.145992019439618
ENSG00000282855	0.804729335117296
ENSG00000261668	-0.189478839000754
ENSG00000164073	0.00507564105325572
ENSG00000164040	0.0070934585176933
ENSG00000151470	-0.0391118250907385
ENSG00000254535	0.188677980686674
ENSG00000250144	0.576720953399625
ENSG00000189184	0.526648134783654
ENSG00000137463	-0.137805983289481
ENSG00000109390	-0.00427082325271037
ENSG00000272717	0.113146879637032
ENSG00000085871	-0.0954862032778923
ENSG00000109436	-0.112981388574671
ENSG00000109445	0.0990952719011525
ENSG00000109458	-0.0684426939619519
ENSG00000228981	-0.45534209726846
ENSG00000243175	0.778226076857117
ENSG00000245112	-0.350708638946254
ENSG00000289314	0.0960564862503677
ENSG00000164163	0.226162369339021
ENSG00000170365	0.239111569827452
ENSG00000151612	-0.0787438709828227
ENSG00000164167	-0.0318433790720518
ENSG00000250673	-0.171875573529935
ENSG00000151617	0.321475696623991
ENSG00000270681	-0.237897556109162
ENSG00000059691	-0.233042917947442
ENSG00000109670	-0.104090715433128
ENSG00000137460	-0.162128550699758
ENSG00000109654	-0.157791672799001
ENSG00000213406	-0.036529765064971
ENSG00000145428	-0.359491095196636
ENSG00000171566	-0.0599085510157023
ENSG00000256043	0.0934504809245411
ENSG00000164125	0.00510676302332833
ENSG00000286558	-0.198481443826468
ENSG00000251429	-0.311508319627021
ENSG00000205208	-0.258229942968296
ENSG00000171497	-0.22498443670206
ENSG00000052795	-0.107475851831451
ENSG00000170088	-0.113011856547304
ENSG00000052802	0.251795579365544
ENSG00000109472	0.453370556854708
ENSG00000137628	0.0157351326405857
ENSG00000129116	0.00041735238450874
ENSG00000145439	-0.0566635782377212
ENSG00000154447	-0.0206229535767265
ENSG00000289249	0.323470875341791
ENSG00000056050	-0.105768248990775
ENSG00000109576	-0.0739489620203515
ENSG00000245213	-0.125742397295775
ENSG00000109586	0.0280389764656144
ENSG00000164104	0.484424991927929
ENSG00000288728	0.245987934487623
ENSG00000164106	-0.0369475080878239
ENSG00000242882	-0.242420563657579
ENSG00000286039	0.251130521432667
ENSG00000164117	-0.136239973936432
ENSG00000164118	0.0107624692444813
ENSG00000150625	0.0919010281286653
ENSG00000289149	-0.71130015291616
ENSG00000038002	0.00395865168709642
ENSG00000286119	0.166606021999608
ENSG00000168564	0.226643554081511
ENSG00000168556	0.0323938404589259
ENSG00000173320	-0.167504958413289
ENSG00000271646	0.262788854182001
ENSG00000286292	0.261115959529709
ENSG00000271538	-0.0393384810790073
ENSG00000186352	0.000789056101032044
ENSG00000109775	-0.0857500014807892
ENSG00000164342	-0.293832185741694
ENSG00000250327	-0.0841368627686195
ENSG00000251008	-0.486893762739452
ENSG00000164344	-0.00160016972448189
ENSG00000278974	-0.530656648946685
ENSG00000214273	0.0257106384448981
ENSG00000248925	0.220664158661883
ENSG00000221990	-0.060566144110576
ENSG00000180104	-0.181931706986603
ENSG00000028310	0.141497275022418
ENSG00000272347	0.388967683624073
ENSG00000113504	0.188911785337982
ENSG00000049656	-0.0671407717551281
ENSG00000286388	-0.455174773448375
ENSG00000279908	-0.183132174267428
ENSG00000153395	-0.0644435337554403
ENSG00000188002	-0.830791438425367
ENSG00000164151	-0.178899626218795
ENSG00000133398	-0.0790125804120116
ENSG00000145545	-0.489764844987395
ENSG00000112941	0.0838941892599825
ENSG00000250668	-0.112415249118489
ENSG00000112902	-0.167831794715247
ENSG00000272417	-0.147512795069868
ENSG00000150756	-0.210034380803121
ENSG00000150753	-0.0531839916093894
ENSG00000145495	0.0104954513105148
ENSG00000112977	0.214957732092006
ENSG00000145569	-0.22476199344739
ENSG00000250182	0.0417260962072105
ENSG00000154124	0.0201982382514748
ENSG00000154122	-0.124496591862358
ENSG00000286970	-0.188590923033158
ENSG00000213430	-0.236369858075161
ENSG00000214108	0.0453131824450574
ENSG00000272086	0.239825001015539
ENSG00000113387	0.0484400301231337
ENSG00000249572	0.0694071639926297
ENSG00000113407	0.099489813629184
ENSG00000242110	-0.273153768643323
ENSG00000241829	-0.293055311570714
ENSG00000168685	-0.0623531249133312
ENSG00000152620	0.058153040127774
ENSG00000285967	-0.177689839477842
ENSG00000197603	0.0235781952792078
ENSG00000286193	0.0680875579225012
ENSG00000113569	-0.0467561423586931
ENSG00000113594	0.170071817703843
ENSG00000145623	0.799660467156201
ENSG00000082074	-0.20690164579702
ENSG00000153071	-0.176816456085114
ENSG00000132356	0.140472034858333
ENSG00000288911	0.35171686224581
ENSG00000132357	-0.0291206920382632
ENSG00000248668	0.0138428492358901
ENSG00000198865	-0.215328910071684
ENSG00000287263	0.265996456034294
ENSG00000215068	0.0677597736062555
ENSG00000272144	0.388793745426822
ENSG00000177453	-0.0279494104752735
ENSG00000112972	0.281925625860728
ENSG00000151881	0.0268612945860974
ENSG00000249492	0.0662419490777906
ENSG00000248092	-0.185116778264202
ENSG00000251141	0.0514268088851254
ENSG00000170571	-0.25258408349814
ENSG00000151883	-0.0339470133026993
ENSG00000213949	0.240814121726406
ENSG00000164171	0.023987410906101
ENSG00000247796	-0.485287702641111
ENSG00000272416	-0.0363732194125207
ENSG00000178996	-0.118467764225236
ENSG00000145649	-0.0572748838511015
ENSG00000067248	0.0092408078127309
ENSG00000067113	-0.0243810409455131
ENSG00000250853	-0.0204507997130624
ENSG00000227908	-0.0437110439793789
ENSG00000095015	-0.19272038804528
ENSG00000271828	-0.305891029317565
ENSG00000289152	-0.139526953018886
ENSG00000145632	0.659195696663677
ENSG00000175857	-0.401694563267069
ENSG00000164181	0.459968723553743
ENSG00000130449	-0.0351378021569288
ENSG00000068796	-0.259063042749428
ENSG00000186105	0.859061627427097
ENSG00000113593	-0.159308861448115
ENSG00000113597	-0.188321921405491
ENSG00000197860	-0.037307233964565
ENSG00000123213	-0.124996985362868
ENSG00000112851	0.0713569048740501
ENSG00000134061	-0.443078323843574
ENSG00000145675	-0.167817483582715
ENSG00000145740	0.0420432359748954
ENSG00000280187	-0.173003430454469
ENSG00000153044	-0.198104076736416
ENSG00000183323	-0.214679417597459
ENSG00000085231	-0.159055373484085
ENSG00000273841	0.0253550452238328
ENSG00000152942	-0.11839210067673
ENSG00000152939	0.0333960323499449
ENSG00000250138	0.852459619406511
ENSG00000205571	0.225303730252442
ENSG00000145734	0.00669921089367033
ENSG00000131844	0.120048611379289
ENSG00000113048	-0.127809901707142
ENSG00000049883	-0.215343216902165
ENSG00000272525	0.0155367766290754
ENSG00000164331	0.0282309129356361
ENSG00000164338	0.157442261512875
ENSG00000198780	-0.125585115305313
ENSG00000271714	0.323918337459005
ENSG00000289639	0.132888203951027
ENSG00000113161	-0.132114190735131
ENSG00000272040	-0.285641772625372
ENSG00000132846	0.0603407640267216
ENSG00000113231	-0.0109117641463572
ENSG00000253558	0.229974931335206
ENSG00000245556	-0.11616403272544
ENSG00000145685	-0.211272603148365
ENSG00000152409	-0.146863357726937
ENSG00000164309	-0.149449655087287
ENSG00000251050	0.102954775732441
ENSG00000288741	0.253476990911076
ENSG00000039319	0.0918115666293035
ENSG00000251450	-0.169488159586735
ENSG00000113319	-0.202215010938566
ENSG00000131730	0.0458273333144067
ENSG00000248794	-0.102771142883662
ENSG00000131732	-0.0135535190686969
ENSG00000281327	-0.123582025914493
ENSG00000249664	0.0604549434237761
ENSG00000038427	-0.247052762893883
ENSG00000233828	-0.0278731843946097
ENSG00000134480	0.11188063913195
ENSG00000247828	-0.132602748359849
ENSG00000245526	0.102540916566281
ENSG00000081189	-0.0589864668594365
ENSG00000288740	-0.33159975506127
ENSG00000176018	0.352500502141598
ENSG00000286638	0.240846858232901
ENSG00000113369	0.527598050859576
ENSG00000251023	0.312544102202214
ENSG00000173221	0.0852196317099625
ENSG00000236882	0.106295940549381
ENSG00000272021	-0.227027045672072
ENSG00000175426	-0.212209348090684
ENSG00000113441	-0.212280790749935
ENSG00000145721	0.042138375868914
ENSG00000174136	-0.139782395517153
ENSG00000246763	-0.43929166929888
ENSG00000174132	-0.0427789556043334
ENSG00000113532	-0.229781877566233
ENSG00000145725	-0.116848071804928
ENSG00000283462	-0.158048446362043
ENSG00000271849	-0.25046190445675
ENSG00000164209	-0.0660401339597711
ENSG00000145777	0.179178672037939
ENSG00000164211	0.131162947565471
ENSG00000129625	-0.16532461095792
ENSG00000047188	0.0936922157818921
ENSG00000152503	-0.322708472683963
ENSG00000164221	-0.0225305988446254
ENSG00000145780	0.327741333842196
ENSG00000243414	-0.203952042313978
ENSG00000249249	-0.191730740719084
ENSG00000129596	0.119667653075521
ENSG00000177879	-0.107554422096488
ENSG00000185641	-0.0854149039619175
ENSG00000271918	0.18930594774595
ENSG00000212457	1.62252393604654
ENSG00000092421	-0.00505337117310652
ENSG00000172869	-0.0416330282567505
ENSG00000133835	0.0206474486702474
ENSG00000064652	-0.0546436800647138
ENSG00000168938	0.142733224163546
ENSG00000168916	0.0740656213669566
ENSG00000164904	0.22670608126035
ENSG00000113368	0.0553576917961865
ENSG00000164241	-0.0932328592362281
ENSG00000286615	-0.232190305491052
ENSG00000249577	-0.66534430697426
ENSG00000250859	0.0998218098584668
ENSG00000064651	-0.183238889019554
ENSG00000250329	0.175195519378382
ENSG00000066583	0.0234914061506207
ENSG00000158985	-0.102852382768013
ENSG00000158987	0.0948213071869733
ENSG00000217128	-0.0633830593791929
ENSG00000131435	0.486772351032775
ENSG00000197208	0.14374988588113
ENSG00000197375	-0.0651215445410759
ENSG00000125347	0.623355565228391
ENSG00000202533	-0.28542895857173
ENSG00000113522	-0.130940267546428
ENSG00000131437	-0.169844475579163
ENSG00000205089	-0.025790729796024
ENSG00000164402	-0.0050426325648324
ENSG00000198944	-0.0512658611876916
ENSG00000164403	-0.101540561645518
ENSG00000072364	0.070941354553779
ENSG00000248648	0.15592519888463
ENSG00000170606	-0.11947302398225
ENSG00000271737	0.21366157742529
ENSG00000081059	-0.0513882070668553
ENSG00000113575	-0.0403610095330307
ENSG00000270177	-0.459901449268751
ENSG00000119048	0.177340758839465
ENSG00000043143	-0.27985213209117
ENSG00000152700	-0.0436580400329134
ENSG00000132570	-0.0211877356530063
ENSG00000113648	0.0139608889879113
ENSG00000254239	0.374521948625433
ENSG00000120708	0.236525087958414
ENSG00000113658	0.0354922981188852
ENSG00000152377	0.138004690008326
ENSG00000177733	0.156982752689881
ENSG00000112981	-0.136372254108586
ENSG00000112983	-0.0864424155254344
ENSG00000120733	-0.0359981724339187
ENSG00000120705	0.0782189679295987
ENSG00000113013	-0.106103488692636
ENSG00000281398	0.135701759425471
ENSG00000170469	-0.125827754407016
ENSG00000249751	1.10371162996312
ENSG00000184584	0.882502308950749
ENSG00000286403	0.25764020019722
ENSG00000272255	-0.0880084421706543
ENSG00000171604	0.055614341203272
ENSG00000146005	0.120229959408103
ENSG00000182700	-0.138989586402923
ENSG00000120306	0.0615937030994963
ENSG00000113068	-0.1595917825849
ENSG00000113070	0.14013554743531
ENSG00000113073	0.0745877699763851
ENSG00000131503	-0.025681116884013
ENSG00000213523	0.132622874680705
ENSG00000243056	0.408114002160452
ENSG00000176087	0.0385260282094526
ENSG00000170458	1.35700365557034
ENSG00000113141	0.0168812628437399
ENSG00000120314	0.0509015214567354
ENSG00000120328	-0.0998893867729436
ENSG00000277795	-0.266290159805573
ENSG00000120329	0.0731026790515287
ENSG00000081853	0.314223068851253
ENSG00000254221	0.0750327622355549
ENSG00000262576	-0.107287413936639
ENSG00000253485	-0.00404751489318662
ENSG00000276547	0.368738401799033
ENSG00000261934	-0.00444239767126701
ENSG00000253305	0.45529918163745
ENSG00000254122	0.500949852031847
ENSG00000240184	0.165650984384728
ENSG00000131504	0.0897862483110921
ENSG00000120318	-0.0711584809559472
ENSG00000287527	0.0832034498072103
ENSG00000156453	0.286578848360002
ENSG00000226040	-0.266603474590475
ENSG00000113555	0.0596480026506612
ENSG00000113552	-0.327893547369413
ENSG00000280047	-0.343569524463787
ENSG00000187678	0.372171031883957
ENSG00000145819	0.0159048242977339
ENSG00000113580	-0.0678108106608132
ENSG00000173261	-0.142906257382188
ENSG00000113649	0.230386210742859
ENSG00000156475	-0.146743502009688
ENSG00000248568	0.289944625742691
ENSG00000113657	0.00234553076054056
ENSG00000145868	-0.0176198476976843
ENSG00000169252	0.249835594374637
ENSG00000169247	-0.00529205038678312
ENSG00000173210	-0.319381988164714
ENSG00000164284	0.219894981268775
ENSG00000145882	-0.0436127248860345
ENSG00000183111	-0.249921236920204
ENSG00000155850	0.949556305070661
ENSG00000113716	-0.0835141717237041
ENSG00000182578	-0.00551987112894747
ENSG00000183876	-0.0591189929409661
ENSG00000070814	-0.102231798674179
ENSG00000070614	-0.112982470187803
ENSG00000171992	-0.54377647694125
ENSG00000256235	0.280688756451078
ENSG00000145908	-0.284460407821935
ENSG00000198624	-0.154409128893417
ENSG00000196743	-0.420694270941003
ENSG00000113140	0.000243187608242318
ENSG00000213433	-0.620736712753598
ENSG00000145907	-0.0936262409212083
ENSG00000037749	0.0437236128262202
ENSG00000164574	-0.132813009353806
ENSG00000164576	-0.200560438908205
ENSG00000155506	-0.152031151582428
ENSG00000170271	0.0500357510660923
ENSG00000277039	0.0724088256675923
ENSG00000082515	-0.0723234576344414
ENSG00000135077	-0.383410240712794
ENSG00000155868	-0.218936333903778
ENSG00000251405	0.253491580536776
ENSG00000172548	-0.16215431447045
ENSG00000145860	-0.222275032001138
ENSG00000288764	0.0902347506418274
ENSG00000170234	-0.0998871764607138
ENSG00000221886	0.093671747481726
ENSG00000118322	-0.0828089601213333
ENSG00000229119	-0.045209062243873
ENSG00000233913	0.917316512274507
ENSG00000043462	0.0951727765338594
ENSG00000145936	0.26717225474015
ENSG00000214357	0.100552261139579
ENSG00000204758	-0.0987551191310886
ENSG00000253955	-0.18662918792003
ENSG00000253686	-0.108575421710253
ENSG00000213376	0.309909156929731
ENSG00000113749	0.109582433286067
ENSG00000251414	-0.0194702025243281
ENSG00000175414	-0.156747875795602
ENSG00000048162	0.193059010848969
ENSG00000146066	-0.117525991232276
ENSG00000175416	-0.0953119454176161
ENSG00000113194	-0.0147385456180053
ENSG00000146083	0.012636005317431
ENSG00000048140	-0.193612407501711
ENSG00000160883	-0.0991709694898965
ENSG00000169228	-0.0295520255629007
ENSG00000169230	0.100265667463762
ENSG00000198055	-0.123096889063482
ENSG00000246334	-0.169899974273585
ENSG00000279821	0.0186037347174029
ENSG00000196923	0.20916886377042
ENSG00000146094	-0.0232644014856256
ENSG00000184840	0.0634732285554218
ENSG00000247679	-0.322973498183471
ENSG00000145916	-0.102544095805687
ENSG00000197451	0.182405942875747
ENSG00000113240	0.0539205193477369
ENSG00000178338	-0.0727708422559536
ENSG00000234284	-0.0254331454559413
ENSG00000176783	-0.101443532667894
ENSG00000169045	0.2685436614915
ENSG00000225051	-0.0966031215157309
ENSG00000161021	-0.0879534942169905
ENSG00000213316	-0.166715830910149
ENSG00000161011	0.0295833412512493
ENSG00000197226	-0.105809012807913
ENSG00000113269	-0.267297083172297
ENSG00000146090	-0.147127210038262
ENSG00000050748	-0.290545285904676
ENSG00000248367	0.0448276677893128
ENSG00000131446	-0.257688334400784
ENSG00000280161	0.261395109507715
ENSG00000245060	-0.447749546469717
ENSG00000196670	-0.0968457503348826
ENSG00000204628	-0.0496945315314198
ENSG00000233937	-0.117287048993668
ENSG00000248275	0.01570779802983
ENSG00000287265	-0.00487758372912672
ENSG00000164379	-0.52600568028667
ENSG00000054598	1.08279260541048
ENSG00000280423	-0.0861925550148236
ENSG00000021355	0.541059609090972
ENSG00000244041	-0.00834395532971126
ENSG00000224846	-0.167566012625858
ENSG00000137275	0.192837780800809
ENSG00000137274	-0.270901609406404
ENSG00000137267	-0.199314581588433
ENSG00000230269	-0.316656714293725
ENSG00000198721	0.0952614452218365
ENSG00000124491	-0.20031370266542
ENSG00000112799	-0.209818538212834
ENSG00000168566	-0.153356929205543
ENSG00000239264	0.0452050679359256
ENSG00000188428	-0.094630714023126
ENSG00000111843	-0.0332936005594056
ENSG00000137210	-0.136375742506722
ENSG00000197977	-0.24028452450644
ENSG00000224531	-0.32362239885112
ENSG00000205269	-0.00292871283686659
ENSG00000078401	0.86075623895158
ENSG00000145979	-0.088819717054944
ENSG00000145990	-0.0935127439729239
ENSG00000124523	-0.154924950873951
ENSG00000235488	0.347066939580417
ENSG00000047579	-0.0503417989443253
ENSG00000007944	0.134680138056399
ENSG00000229931	0.223021062124991
ENSG00000112183	0.269342751553858
ENSG00000272269	0.383592004069791
ENSG00000137177	-0.00125824138963868
ENSG00000187566	-0.085595841095683
ENSG00000137364	-0.145291718078152
ENSG00000165097	-0.037844022919981
ENSG00000124795	0.0312193555895591
ENSG00000137393	0.0611462692535449
ENSG00000172197	-0.0882738837478929
ENSG00000112242	-0.132311380061754
ENSG00000260455	-0.376414322747162
ENSG00000111802	-0.262352802713006
ENSG00000112304	-0.215409239386338
ENSG00000272345	0.360297686164972
ENSG00000112308	-0.0271730920719501
ENSG00000288851	-0.196666933949817
ENSG00000112312	-0.0391881641305305
ENSG00000112343	0.101480364988906
ENSG00000272810	-0.000268357880811036
ENSG00000187837	1.16501002573501
ENSG00000010704	-0.261057699968092
ENSG00000187475	0.181274307911021
ENSG00000180596	0.214382551371512
ENSG00000180573	-0.193799429529922
ENSG00000158373	0.213647006954305
ENSG00000274290	-0.043419018019611
ENSG00000216331	-0.629147620642394
ENSG00000197409	0.166448693314649
ENSG00000217275	-0.726556793854172
ENSG00000274750	0.534926654159278
ENSG00000278588	0.210052104758084
ENSG00000158406	-0.269275188029885
ENSG00000124549	-0.112299558937464
ENSG00000111801	-0.0325081675474243
ENSG00000112763	-0.0654917986591535
ENSG00000146109	0.208271694955221
ENSG00000271755	-0.360274467075657
ENSG00000096654	-0.040243466663069
ENSG00000185130	0.450740436579938
ENSG00000278828	0.368961985490864
ENSG00000273703	0.753950433923659
ENSG00000273542	-0.0361818376498397
ENSG00000219891	-0.0253410677137922
ENSG00000196812	-0.0478197793406655
ENSG00000198315	0.0815170531419187
ENSG00000226314	0.337703325331868
ENSG00000216901	0.282031665201266
ENSG00000176933	-0.210726261234009
ENSG00000137185	0.0708402628901631
ENSG00000189134	-0.3355876340133
ENSG00000197062	0.0719531488643373
ENSG00000137338	-0.151779897455581
ENSG00000270326	-0.484098983613833
ENSG00000235109	-0.579397678979528
ENSG00000158691	0.0858321572630417
ENSG00000286819	-0.277233626280631
ENSG00000227214	0.156001910138872
ENSG00000197935	-0.0903325816397561
ENSG00000204655	-0.309741799477909
ENSG00000233916	0.114874351545051
ENSG00000235821	-0.194589747129932
ENSG00000204623	-0.139066885204507
ENSG00000204622	0.114162610877208
ENSG00000237669	-0.570143006362951
ENSG00000066379	0.127395395780236
ENSG00000280128	-0.146287757182765
ENSG00000241370	-0.103614851397454
ENSG00000204592	0.465147695387241
ENSG00000204576	-0.0446414686976338
ENSG00000204574	0.137119803565584
ENSG00000204568	-0.0298284604883483
ENSG00000228415	-0.53675495698845
ENSG00000204564	-0.146860767130616
ENSG00000204560	-0.00519138551455597
ENSG00000146112	0.439517483244583
ENSG00000137404	0.408973734295137
ENSG00000137337	0.149116630466548
ENSG00000196230	0.0256672646970802
ENSG00000137312	-0.0652109039164703
ENSG00000137331	1.58284014418762
ENSG00000284370	0.850695413085758
ENSG00000213780	0.240673531727215
ENSG00000206344	-0.00406332391292409
ENSG00000204525	0.342693284957617
ENSG00000234745	0.39654375517441
ENSG00000204520	0.460594822100856
ENSG00000206337	0.13787822155379
ENSG00000204516	0.0223768880346678
ENSG00000232810	0.184865782631082
ENSG00000227507	0.22210505230787
ENSG00000204482	0.0323091167185356
ENSG00000204472	-0.0709210682666936
ENSG00000204469	0.0183115863994532
ENSG00000204463	0.0415967557988177
ENSG00000204444	0.085873257907961
ENSG00000204435	-0.016614890576372
ENSG00000240053	0.303799762099443
ENSG00000213719	0.52422934455455
ENSG00000204394	0.0725845894366099
ENSG00000204390	0.03902990723328
ENSG00000204389	2.12943120406617
ENSG00000204388	1.86620062124893
ENSG00000204386	0.000407735878046445
ENSG00000166278	-0.258852830656757
ENSG00000204366	-0.0926128856542169
ENSG00000243649	1.25743159374072
ENSG00000204344	-0.246799400359382
ENSG00000168477	0.17517446548882
ENSG00000286974	0.19251128227868
ENSG00000213676	-0.124193066087963
ENSG00000284954	0.333146057947533
ENSG00000204310	-0.130933185433723
ENSG00000204308	-0.0511573677175272
ENSG00000213654	0.162986719308216
ENSG00000204301	0.32283120807004
ENSG00000241106	-0.18514877641912
ENSG00000204267	0.518385433758708
ENSG00000204264	0.442601505573561
ENSG00000204261	0.440012017855681
ENSG00000240065	0.436559072225157
ENSG00000168394	0.710885189500097
ENSG00000242574	-0.648728427854135
ENSG00000204257	-0.0942179683601542
ENSG00000204248	-0.48672930712998
ENSG00000112473	-0.00410705615387185
ENSG00000204228	0.0378388487917866
ENSG00000232940	-0.0498857178426423
ENSG00000223501	-0.00483399729045732
ENSG00000227057	0.0795975458641543
ENSG00000204220	-0.0027426284286523
ENSG00000237441	-0.0345073277522829
ENSG00000231925	0.0624637214779001
ENSG00000236104	-0.270663913052571
ENSG00000204209	-0.0368558883933512
ENSG00000112514	-0.140371997000216
ENSG00000137288	-0.249740452313178
ENSG00000161896	-0.0161383098858069
ENSG00000287089	0.0922278180741816
ENSG00000137309	0.0582082765560971
ENSG00000186577	-0.119744947995935
ENSG00000124614	-0.0235590305165404
ENSG00000272288	0.0705444133155912
ENSG00000124562	-0.207752830612176
ENSG00000064995	0.0163861053971103
ENSG00000272374	-0.160946591337124
ENSG00000065029	-0.0744630794620877
ENSG00000112033	0.192628087235285
ENSG00000198755	-0.0898770745839378
ENSG00000007866	0.539354867829155
ENSG00000096060	0.157957731342325
ENSG00000287458	0.196027390716284
ENSG00000237719	0.0512352727293196
ENSG00000156711	-0.177248863660009
ENSG00000246982	-0.0929514039307196
ENSG00000112078	-0.0285906695966385
ENSG00000112079	0.0474548501867813
ENSG00000112081	0.232901206860997
ENSG00000124762	1.35389821221345
ENSG00000285244	0.151591075082629
ENSG00000137168	-0.101970536516349
ENSG00000198663	-0.163284387025741
ENSG00000137409	-0.0873682469004195
ENSG00000146192	0.109336240392475
ENSG00000137193	0.796369844870638
ENSG00000198937	-0.149799209428857
ENSG00000112167	-0.167682861766583
ENSG00000217165	0.165622911790409
ENSG00000146122	0.0114124164572154
ENSG00000235033	0.139333247132564
ENSG00000124602	-0.100701912632674
ENSG00000124596	-0.206011733483802
ENSG00000161912	-0.109823900894483
ENSG00000095970	0.0675978752003057
ENSG00000112559	0.00860277767892663
ENSG00000112561	-0.226415550939637
ENSG00000278224	-0.0497406743372386
ENSG00000214736	-0.122757190285733
ENSG00000112578	0.167546708005384
ENSG00000112576	0.0465915789534856
ENSG00000137413	0.00945609557123203
ENSG00000024048	-0.0850633726534806
ENSG00000124659	-0.0715235650042393
ENSG00000112624	-0.120400697436824
ENSG00000221821	0.0613900820004099
ENSG00000287825	-0.0546987497876504
ENSG00000137161	-0.159175069418757
ENSG00000124587	0.0475696206884528
ENSG00000124541	-0.0744492197243993
ENSG00000137171	-0.10694348445755
ENSG00000112658	0.137344353113263
ENSG00000112667	0.169666325320408
ENSG00000146215	0.0177754438503822
ENSG00000171467	-0.0668984002024635
ENSG00000137207	-0.240001183384093
ENSG00000271754	0.460556250179542
ENSG00000124571	-0.0142560384574724
ENSG00000219470	0.684878929353767
ENSG00000170734	-0.154277666114123
ENSG00000172432	0.170486132207114
ENSG00000287562	0.152559403961314
ENSG00000137216	-0.291366207082404
ENSG00000112759	-0.0413130773781767
ENSG00000096384	-0.222302205781896
ENSG00000157593	-0.200548937017038
ENSG00000146232	0.500964423525599
ENSG00000124608	-0.0172013196625151
ENSG00000146070	-0.598119955919918
ENSG00000069122	0.179466462882922
ENSG00000146072	-0.0851749354195695
ENSG00000112118	0.12052973603535
ENSG00000170915	-0.264135206760577
ENSG00000065308	0.124685357004553
ENSG00000096092	-0.23962085706459
ENSG00000170899	-0.0694261104370611
ENSG00000112144	-0.22484592117078
ENSG00000242865	0.132186969906302
ENSG00000271367	-1.11852243683693
ENSG00000001084	-0.0150677091080082
ENSG00000249379	0.0223835330985997
ENSG00000137269	0.154964268542101
ENSG00000151914	-0.0294982046450838
ENSG00000112200	0.112847127422069
ENSG00000112208	-0.0249924983104841
ENSG00000272316	0.15584266364792
ENSG00000215190	-0.471548397379735
ENSG00000266680	-0.112220621265652
ENSG00000118482	-0.101386055362907
ENSG00000230910	-0.0441413349434558
ENSG00000219085	0.0270479277942793
ENSG00000219881	0.0754093990345697
ENSG00000112280	-0.273406036523669
ENSG00000154079	-0.461351525125353
ENSG00000256980	-0.0908882135778037
ENSG00000135314	-0.112817913632753
ENSG00000229852	-0.181950166621787
ENSG00000164430	0.0436103581739197
ENSG00000156508	-0.19620962372616
ENSG00000112701	0.0474621525049488
ENSG00000196586	0.127152408746197
ENSG00000135312	0.140858917460684
ENSG00000118418	0.220098789909982
ENSG00000220154	0.437949801829165
ENSG00000231533	-0.301244633323478
ENSG00000272137	0.566863107996685
ENSG00000218418	0.0524592043711771
ENSG00000083123	0.0696993724786311
ENSG00000005700	0.00761531594042612
ENSG00000146242	-0.0562753197264802
ENSG00000083097	-0.0281966946937391
ENSG00000112837	0.219875486111572
ENSG00000135318	0.110835516096823
ENSG00000272008	0.129055910226458
ENSG00000135336	-0.212167816003698
ENSG00000146278	-0.00462850775460678
ENSG00000154548	-0.00155949400989027
ENSG00000146281	0.273456051472219
ENSG00000025039	0.00342177239174425
ENSG00000112159	-0.00832388535148588
ENSG00000123545	-0.338542020031572
ENSG00000283010	-0.101362422719111
ENSG00000184486	0.0539253731294026
ENSG00000232699	0.203740736585478
ENSG00000228506	-0.476204175713293
ENSG00000203808	-0.220861044544715
ENSG00000112320	-0.0346621889988149
ENSG00000289433	-0.146704612935052
ENSG00000272476	-0.047911294070175
ENSG00000112335	-0.176965229751024
ENSG00000080546	-0.0865209631334123
ENSG00000183137	-0.0872236600583606
ENSG00000112365	0.0557897385138304
ENSG00000112367	-0.22865517917026
ENSG00000112290	-0.104860208328033
ENSG00000155111	-0.0919608249064631
ENSG00000271789	0.0238611045431677
ENSG00000009413	-3.28020227560964e-05
ENSG00000056972	0.256868921686404
ENSG00000255389	-0.521357458089741
ENSG00000277443	-0.0031843495425999
ENSG00000227502	-0.0756114080066243
ENSG00000216471	-0.706003710439649
ENSG00000111816	-0.0177420817435144
ENSG00000178425	-0.149297480184291
ENSG00000111817	-0.0167200785031905
ENSG00000188820	0.0753858512615856
ENSG00000183807	0.187642532011296
ENSG00000230202	1.09940923483074
ENSG00000198523	1.00921194133047
ENSG00000111885	-0.125087957987586
ENSG00000279453	0.0472254505054236
ENSG00000164434	-0.0847950598087867
ENSG00000188580	-0.153234729495418
ENSG00000146373	0.0290158954244859
ENSG00000111906	-0.10966731659312
ENSG00000066651	-0.0182456270483945
ENSG00000289190	0.694818507139826
ENSG00000146376	-0.108338352302262
ENSG00000079950	-0.259585182432657
ENSG00000112303	-0.142910084280271
ENSG00000146409	0.0900894921918391
ENSG00000286438	-0.533728936543539
ENSG00000028839	-0.136035392974366
ENSG00000216753	-0.415337231761412
ENSG00000118515	0.0567829787757173
ENSG00000135541	0.00907713224753028
ENSG00000029363	0.182562121201675
ENSG00000260418	-0.225448223427881
ENSG00000272189	-0.0468899733584544
ENSG00000197442	0.0428026186239507
ENSG00000286646	-0.364484298889089
ENSG00000112378	0.26864829196994
ENSG00000112379	-0.27126615224499
ENSG00000051620	0.0734593231231661
ENSG00000225177	-0.242445571236833
ENSG00000024862	-0.378854798114069
ENSG00000135597	0.00137862843887666
ENSG00000146386	-0.159669631277911
ENSG00000112406	-0.0966443305829813
ENSG00000112414	0.0853369515639698
ENSG00000010818	-0.0049502016051279
ENSG00000146416	-0.0237536717880966
ENSG00000217648	-0.16939910340451
ENSG00000034693	0.00378088917193378
ENSG00000001036	-0.114023131599095
ENSG00000135521	-0.018580371034258
ENSG00000135604	0.0598701550668787
ENSG00000235652	-0.101197016730836
ENSG00000118508	-0.191865132685337
ENSG00000111961	-0.105763815128798
ENSG00000111962	-0.202638267268542
ENSG00000055208	-0.0873390308374725
ENSG00000177688	1.32304368704706
ENSG00000216906	-0.422139265163996
ENSG00000231120	-0.422872273720412
ENSG00000120278	0.00444346673387813
ENSG00000213089	0.340787676145076
ENSG00000131016	0.090159003057728
ENSG00000181472	0.176600629808912
ENSG00000131018	-0.0322501045730572
ENSG00000120279	0.347101802712211
ENSG00000146469	-0.0468042183948685
ENSG00000112029	-0.0442433536391413
ENSG00000213079	0.0952468661287188
ENSG00000235381	0.302009178185207
ENSG00000271265	-0.201863065850694
ENSG00000286482	0.0149657767069063
ENSG00000175048	-0.249609376645691
ENSG00000078269	-0.0723911565447374
ENSG00000122335	-0.138055152532912
ENSG00000272047	-0.0481084938081689
ENSG00000130338	-0.0902273816288088
ENSG00000092820	0.0702161898239399
ENSG00000271913	-0.0532812259278495
ENSG00000237927	0.155018079563324
ENSG00000112096	0.561423497530377
ENSG00000220305	0.56467982039392
ENSG00000146457	0.233333762575933
ENSG00000285427	0.123218149149591
ENSG00000120437	-0.112906914175019
ENSG00000112110	0.0588643805899414
ENSG00000197081	-0.0628339217035372
ENSG00000272841	0.420794050018979
ENSG00000026652	-0.0552495085700299
ENSG00000286498	0.211830853423442
ENSG00000225683	-0.366445104667521
ENSG00000285564	0.279913991372949
ENSG00000112531	-0.0768361670696574
ENSG00000228692	-0.0170810509289131
ENSG00000280850	0.237525615190788
ENSG00000176381	0.254077668874659
ENSG00000287189	0.0370502086252196
ENSG00000198818	-0.100917301680113
ENSG00000286760	-0.118424780918426
ENSG00000060762	0.00235212958556903
ENSG00000280057	0.0408977269382483
ENSG00000198221	0.00873052804920695
ENSG00000130396	0.0077460035295203
ENSG00000272848	-0.0693793692545528
ENSG00000130023	-0.0743879039538226
ENSG00000266896	0.678320545080948
ENSG00000198719	0.0920151995911843
ENSG00000112584	0.00751710077694304
ENSG00000008018	-0.0284805981690864
ENSG00000112592	-0.210652156276167
ENSG00000240859	-0.22991053587486
ENSG00000261795	0.185820017584019
ENSG00000249852	0.488878582023886
ENSG00000287342	-0.0541755690768845
ENSG00000197461	0.204594030170063
ENSG00000223855	0.0128552483461349
ENSG00000237181	0.250993635114362
ENSG00000164818	0.0481638209050876
ENSG00000273151	0.200299518246607
ENSG00000105963	0.0431272435408351
ENSG00000164849	0.123795533340544
ENSG00000178381	0.319191289213945
ENSG00000164880	-0.159038168514218
ENSG00000198517	0.295843745659495
ENSG00000157778	-0.0769607899916432
ENSG00000230487	-0.2234252369961
ENSG00000225968	-0.0851663724036907
ENSG00000106268	-0.315151555091165
ENSG00000136213	0.0169827614403892
ENSG00000136295	-0.33087220780332
ENSG00000242802	-0.0327033029089239
ENSG00000157927	0.159897775934071
ENSG00000136297	-0.221058644967764
ENSG00000157954	-0.163317417356377
ENSG00000241269	-0.00331852286662802
ENSG00000272953	-0.194067191631717
ENSG00000075624	-0.0188604378472161
ENSG00000122512	-0.184793595028283
ENSG00000106305	0.217895053507113
ENSG00000086232	-0.0611661703188237
ENSG00000106346	-0.0337742230935577
ENSG00000008256	-0.016103110475854
ENSG00000164535	-0.186364782730604
ENSG00000187953	0.0416070844172217
ENSG00000106392	0.17437146925211
ENSG00000272732	-0.072432935981869
ENSG00000272894	-0.0259804633285694
ENSG00000164654	-0.12694325717509
ENSG00000233264	0.255049603447782
ENSG00000197320	0.461913710561359
ENSG00000006747	-0.333639140764914
ENSG00000272537	-1.18695382100469
ENSG00000272361	0.0694801857897667
ENSG00000279048	-0.09629898319689
ENSG00000105849	0.168186515367417
ENSG00000271133	0.419326166478623
ENSG00000136237	-0.296883299671432
ENSG00000233476	0.358701587645497
ENSG00000179428	-0.0872484578387356
ENSG00000136244	1.69781539803639
ENSG00000122550	-0.105119024576198
ENSG00000230042	-0.0440063180742945
ENSG00000226816	-0.798784693729895
ENSG00000156928	0.0142604043366889
ENSG00000164548	0.106252529272685
ENSG00000105928	-0.258464357937856
ENSG00000050344	-0.0521942576555497
ENSG00000086300	-0.43362218598724
ENSG00000225792	0.434023923615028
ENSG00000214870	-0.245320802341177
ENSG00000122548	-0.202382399684873
ENSG00000105996	-0.0899893135774419
ENSG00000106049	-0.11713693082069
ENSG00000146592	0.121388427828777
ENSG00000106066	-0.327405847234563
ENSG00000176532	0.0902365699374994
ENSG00000288973	-0.0551345287910217
ENSG00000286847	-0.131955651073946
ENSG00000230751	0.519480796484574
ENSG00000235859	0.223272440487979
ENSG00000106100	0.0195789063900084
ENSG00000006625	0.0968674986664561
ENSG00000106105	-0.128756507193345
ENSG00000226468	-0.0157676091412687
ENSG00000106355	0.00646802547580707
ENSG00000105778	-0.118528779197506
ENSG00000281332	0.000402222313168023
ENSG00000272905	-0.0457308395470825
ENSG00000170852	-0.053499513547169
ENSG00000122643	0.120486050078899
ENSG00000236494	-0.129635652162776
ENSG00000271122	-0.0840857313516624
ENSG00000227544	0.0255913797336449
ENSG00000228878	-0.0499271463780083
ENSG00000122545	0.0811942746265871
ENSG00000273580	-0.127452952953537
ENSG00000164542	0.190910591025837
ENSG00000011426	-0.194252936503469
ENSG00000155849	-0.0907919736749914
ENSG00000106483	0.227724245747086
ENSG00000164556	-0.287939704371449
ENSG00000006715	-0.291861059521367
ENSG00000241127	-0.0362048392447616
ENSG00000287584	0.288365776439038
ENSG00000006451	-0.201726870829822
ENSG00000188185	0.0331274340342975
ENSG00000233225	0.623363901219461
ENSG00000259826	-0.103829451806578
ENSG00000122641	0.0105507548292608
ENSG00000136197	-0.22320758628633
ENSG00000106591	0.352532034558241
ENSG00000164543	-0.0443524394734914
ENSG00000062582	-0.00566888428490882
ENSG00000078967	-0.216856286541276
ENSG00000239556	0.0112624994534672
ENSG00000272655	0.3458411736147
ENSG00000228903	0.00502699266088327
ENSG00000235314	0.0884121944626553
ENSG00000136279	-0.0794508488928741
ENSG00000106633	-0.107655776390904
ENSG00000106636	-0.0879680592570655
ENSG00000015676	-0.234121791917406
ENSG00000146677	0.465371746874322
ENSG00000158604	-0.152672971070063
ENSG00000105953	-0.0587494768446894
ENSG00000122515	0.0702662279344509
ENSG00000146676	0.0717738392453236
ENSG00000260997	0.545307768057877
ENSG00000136286	0.819866505538411
ENSG00000232956	0.733045974812622
ENSG00000136280	-0.194492393329849
ENSG00000136274	-0.0994638553502181
ENSG00000201772	0.576883650842214
ENSG00000122679	-0.00853173671855619
ENSG00000272556	-0.0635720321709271
ENSG00000146674	1.03487265014804
ENSG00000136205	-0.124970776172745
ENSG00000136273	0.00218053326909649
ENSG00000183696	0.31436149033811
ENSG00000279578	0.00220148183078778
ENSG00000185811	-0.103919504558512
ENSG00000286658	0.0823847562786618
ENSG00000231427	-0.165214887108347
ENSG00000213673	-0.682745535903531
ENSG00000132432	0.187317238289991
ENSG00000146648	-0.0268934545439198
ENSG00000132434	-0.212300985727453
ENSG00000233977	-0.271098387140655
ENSG00000146729	-0.0394308518584795
ENSG00000146733	-0.204771258394991
ENSG00000146731	-0.107919548663823
ENSG00000129103	-0.076404345099896
ENSG00000106153	0.0310078417477761
ENSG00000287580	-0.079424408047278
ENSG00000270948	-0.42451509965002
ENSG00000236529	0.076141849214169
ENSG00000126522	0.00362053538968714
ENSG00000179406	0.0898529863360264
ENSG00000279785	-0.0426011194175218
ENSG00000229180	0.02936012509398
ENSG00000154710	-0.0495518094047464
ENSG00000273142	0.397982340057523
ENSG00000106609	0.0243311372177328
ENSG00000234215	0.355647475091801
ENSG00000183166	-0.134886557465877
ENSG00000225648	0.12727461856272
ENSG00000196313	-0.05321437541864
ENSG00000289042	0.173639060140859
ENSG00000285886	-0.0307161906254609
ENSG00000182487	-0.203352150944865
ENSG00000188763	0.140655170722124
ENSG00000106638	-0.0880326162354389
ENSG00000009950	0.572869801232142
ENSG00000176410	-0.276710735702407
ENSG00000106077	0.120711265635957
ENSG00000261467	0.38339985262359
ENSG00000106682	-0.149686229791339
ENSG00000086730	0.202702083350203
ENSG00000106665	-0.123668568227216
ENSG00000158517	0.0139830606398816
ENSG00000277072	-0.0798661290216012
ENSG00000165178	-0.229017223753543
ENSG00000272391	-0.040854327718731
ENSG00000127946	-0.0804899460510958
ENSG00000127952	-0.0862037772944308
ENSG00000280388	-0.131827674844051
ENSG00000106211	1.04215916516078
ENSG00000214243	0.450920928647589
ENSG00000127951	-0.220861595694182
ENSG00000214293	0.0651994180618341
ENSG00000006576	-0.0564139937257406
ENSG00000224046	0.241634541494287
ENSG00000135185	-0.179981907364449
ENSG00000182165	-0.228525391444472
ENSG00000127954	0.664477941983832
ENSG00000157214	0.00857440702374057
ENSG00000157224	0.0326077059055612
ENSG00000127914	-0.161323664505696
ENSG00000001630	-0.0809499183674397
ENSG00000243107	0.268891655070837
ENSG00000244055	0.0591229390021406
ENSG00000127980	-0.0325296576544889
ENSG00000127993	-0.239177102348769
ENSG00000205413	-0.318801970835744
ENSG00000177409	-0.0825763225549681
ENSG00000004766	-0.198724007764107
ENSG00000105825	1.38866522983224
ENSG00000127920	0.611846523228438
ENSG00000278959	-0.250555545105529
ENSG00000105829	0.0109288204369425
ENSG00000158528	-0.110343012451606
ENSG00000105854	0.163311518257952
ENSG00000004799	0.0978758017307877
ENSG00000158560	-0.311200725291231
ENSG00000004864	-0.194472122654926
ENSG00000070669	-0.0192561216700033
ENSG00000180535	-0.00307526883397119
ENSG00000164713	-0.194720369366711
ENSG00000214389	0.503252427491447
ENSG00000288889	-0.521112862622779
ENSG00000106236	0.234309064225238
ENSG00000198742	-0.0779792029041903
ENSG00000241685	-0.0186846659396531
ENSG00000130429	0.167005461769005
ENSG00000160917	-0.0431748291755954
ENSG00000198556	-0.103597596337755
ENSG00000160908	0.0919596225673907
ENSG00000197343	-0.138173917677962
ENSG00000244219	0.157153511889028
ENSG00000197037	0.0419091552051203
ENSG00000273407	0.538136060986881
ENSG00000146833	0.05931850259977
ENSG00000176402	0.720421592462985
ENSG00000160862	0.395458308571452
ENSG00000106261	0.0646323481649685
ENSG00000166529	0.0296109400178849
ENSG00000166526	0.00951407154761865
ENSG00000168090	-0.109733956434164
ENSG00000166997	0.0902267765364733
ENSG00000188186	-0.133346100573704
ENSG00000197093	-0.343088907808526
ENSG00000078319	0.0310899215617766
ENSG00000078487	-0.228358032965389
ENSG00000160813	0.297896767863614
ENSG00000185955	-0.254144102516472
ENSG00000166925	0.114500847874632
ENSG00000205307	0.250898218258913
ENSG00000077454	0.023455256823205
ENSG00000106327	-0.18574090787052
ENSG00000172354	0.147512553112693
ENSG00000146830	-0.0536751731284611
ENSG00000196411	0.457180745201318
ENSG00000087085	-0.638048930393707
ENSG00000169871	0.0738530867584947
ENSG00000106366	-0.0955915878307241
ENSG00000106367	-0.472997091512198
ENSG00000106397	-0.430612987272024
ENSG00000106400	-0.120588436206672
ENSG00000106404	-0.456961206180819
ENSG00000214253	-0.287236249694835
ENSG00000160999	-0.0600592684599122
ENSG00000128563	-0.0344313886935575
ENSG00000160993	-0.0651962251600962
ENSG00000005075	0.0772107843908976
ENSG00000170667	-0.24106275894769
ENSG00000128606	-0.00937747674560419
ENSG00000233025	-0.0597112115262833
ENSG00000105821	0.0101563403811422
ENSG00000289613	0.118062804804701
ENSG00000161057	-0.167085631264041
ENSG00000135249	-0.0343515439692492
ENSG00000105835	1.10931915989898
ENSG00000253276	0.190297430764187
ENSG00000105851	-0.135585816057179
ENSG00000105856	-0.182381639349671
ENSG00000105865	-0.228908309038772
ENSG00000288558	-0.0866054304200285
ENSG00000250474	-0.038350244679707
ENSG00000241764	-0.21022620919506
ENSG00000105879	0.0502497195123389
ENSG00000273055	-0.707215884292998
ENSG00000091129	-0.16732005895574
ENSG00000177683	-0.0303328510789442
ENSG00000128590	0.209519325341997
ENSG00000173114	-0.139803245155626
ENSG00000128512	-0.0463077404299213
ENSG00000234358	0.819807511464217
ENSG00000181016	0.214788078305155
ENSG00000146802	-0.0208058974971231
ENSG00000279288	-0.0409199751279698
ENSG00000164604	-0.0895083676533134
ENSG00000135269	0.157467104675598
ENSG00000198898	-0.0825564723792028
ENSG00000227199	0.102293549670168
ENSG00000077063	-0.00874702750436088
ENSG00000071243	0.0593717839504154
ENSG00000196937	0.0841292215173764
ENSG00000106278	-0.0775142550008325
ENSG00000008311	0.191520069090911
ENSG00000234224	-0.416275491716952
ENSG00000279419	-0.120383749073003
ENSG00000170775	-0.20450602848906
ENSG00000128513	-0.0987128784591225
ENSG00000048405	0.00798598728398114
ENSG00000280347	-0.0950123616658231
ENSG00000179562	0.0495536939814586
ENSG00000004059	-0.0249451746795504
ENSG00000106344	-0.0063845272655709
ENSG00000106348	-0.0937448937906442
ENSG00000135245	1.18844534630532
ENSG00000272601	0.459741595489887
ENSG00000273270	-0.368521942329473
ENSG00000243302	0.504185817546613
ENSG00000288884	0.275278378290911
ENSG00000271553	0.327089592770487
ENSG00000205085	-0.0928948859965692
ENSG00000271344	-0.0657984469869
ENSG00000128604	0.043399730031
ENSG00000244556	0.376992271968896
ENSG00000128607	-0.189044801996294
ENSG00000146842	0.115102844284257
ENSG00000231721	0.0818611822580369
ENSG00000236753	-0.190709960955546
ENSG00000128567	0.0188420687965157
ENSG00000122786	0.48921375568557
ENSG00000146859	-0.313040959895213
ENSG00000105875	-0.118305947650651
ENSG00000155561	-0.0287358497459164
ENSG00000105894	0.342737224005138
ENSG00000182158	0.117609045576095
ENSG00000105939	0.192397825156932
ENSG00000157741	-0.130571758656419
ENSG00000164898	0.0131874688598211
ENSG00000146963	0.06333668734533
ENSG00000260231	-0.19961594379296
ENSG00000157800	0.0255948363749801
ENSG00000146966	0.0743008996374386
ENSG00000133597	-0.337206732174833
ENSG00000240889	0.159766235632522
ENSG00000157764	-0.129325124127057
ENSG00000090263	-0.299705742602341
ENSG00000006530	-0.0995385661150026
ENSG00000257093	-0.203635709733495
ENSG00000211710	0.395778252116074
ENSG00000211714	-0.949226799903933
ENSG00000211721	0.0468195568459325
ENSG00000275791	-0.105253624742437
ENSG00000276557	0.134570102988699
ENSG00000211747	0.595123254210268
ENSG00000270672	0.62570672449335
ENSG00000211753	-0.765436571856667
ENSG00000211751	0.11503670826482
ENSG00000211772	-0.170203203783074
ENSG00000165125	-0.055705273406838
ENSG00000179468	-0.330047286644715
ENSG00000178826	-0.145936310802065
ENSG00000159784	-0.242805964759773
ENSG00000232533	0.00690682087119385
ENSG00000159840	0.0841026773823476
ENSG00000170379	0.268482762529151
ENSG00000174469	-0.208196439379884
ENSG00000230190	-0.108483664790364
ENSG00000055130	-0.106204973381411
ENSG00000155660	0.266315282107406
ENSG00000197362	-0.0882711069292287
ENSG00000204947	0.00748297833051776
ENSG00000240877	-0.368861336529018
ENSG00000197024	0.0253106251986601
ENSG00000170260	-0.201020515715997
ENSG00000204946	0.119269848036442
ENSG00000244560	0.0849514657775546
ENSG00000181220	0.122304667665399
ENSG00000133624	0.207852603221067
ENSG00000133619	0.0752500275488166
ENSG00000197558	0.296541914648009
ENSG00000204934	-0.135467473228673
ENSG00000171130	-0.0635188920152124
ENSG00000171115	0.467088454032548
ENSG00000179144	0.749380297683459
ENSG00000133574	0.220285186356978
ENSG00000133561	0.655503595283077
ENSG00000106560	-0.255735591544063
ENSG00000213203	0.136241477886885
ENSG00000196329	0.175468700598407
ENSG00000106565	0.0674463493673843
ENSG00000002933	0.349721583789245
ENSG00000164867	0.668203964033239
ENSG00000181652	-0.133907143594755
ENSG00000197150	-0.106300069934488
ENSG00000133612	-0.160925096406814
ENSG00000033100	0.00244783240117277
ENSG00000106615	0.0563786998219305
ENSG00000055609	0.00973322492780248
ENSG00000261455	-0.0134686637906995
ENSG00000133627	-0.069343741460406
ENSG00000278998	-0.118296635853752
ENSG00000273117	-0.212097972670987
ENSG00000186480	0.421596687860164
ENSG00000184863	0.0573592162884029
ENSG00000146909	-0.032160712564273
ENSG00000009335	-0.136113986339815
ENSG00000105993	-0.0431008884425266
ENSG00000146918	-0.0431056896341177
ENSG00000117868	0.213675724291293
ENSG00000126870	0.1073268989893
ENSG00000172748	-0.0081976378034465
ENSG00000272240	-0.0767133977007507
ENSG00000147364	-0.0760141730131404
ENSG00000182372	-0.150883516883997
ENSG00000253696	0.724669579974692
ENSG00000176595	0.218111226065268
ENSG00000270988	0.139226639216492
ENSG00000289473	0.631884500726747
ENSG00000246089	0.165519312893338
ENSG00000091879	0.757414303677381
ENSG00000239839	-0.315122936266936
ENSG00000233295	0.280701393769572
ENSG00000215374	-0.00633720979568884
ENSG00000253958	0.177129018836967
ENSG00000147324	-0.0428743023144611
ENSG00000173281	0.188628081224401
ENSG00000279949	-0.489144606833249
ENSG00000272267	0.406481010549294
ENSG00000173273	-0.129729079117585
ENSG00000272505	0.00956016376878151
ENSG00000171056	0.890078601114834
ENSG00000269918	0.0257033525378362
ENSG00000255020	0.144993662109254
ENSG00000154328	-0.0171632748569651
ENSG00000079459	0.0357834361238168
ENSG00000164733	-0.219763062634907
ENSG00000254866	1.00898195015508
ENSG00000284663	0.241878059632582
ENSG00000164741	0.0565003413272243
ENSG00000078579	-0.251720461195507
ENSG00000003987	-0.128325978935889
ENSG00000253671	0.0735192763115139
ENSG00000078674	-0.128076026615852
ENSG00000245281	0.0280189569779963
ENSG00000156011	0.151549003221033
ENSG00000244018	1.19515133748541
ENSG00000104613	-0.0854722854669975
ENSG00000061337	0.124306624294714
ENSG00000254040	-0.192792667695565
ENSG00000147443	0.546314602868791
ENSG00000130227	-0.139026603829205
ENSG00000275074	-0.295436791263254
ENSG00000168453	0.149594264498199
ENSG00000168481	-0.125123407211883
ENSG00000168495	0.00263105252386453
ENSG00000104635	0.473079145671771
ENSG00000241852	0.451666006666429
ENSG00000158941	0.0201813383418575
ENSG00000253200	0.263486239775023
ENSG00000179388	-0.46100815902921
ENSG00000120889	0.380322954212475
ENSG00000173535	0.086786193208212
ENSG00000173530	0.542216122545865
ENSG00000253930	0.245404543971727
ENSG00000104689	0.148168161493969
ENSG00000289584	0.445319972114236
ENSG00000104679	-0.0803435247628938
ENSG00000197217	-0.21933166487542
ENSG00000147454	0.0711604502213652
ENSG00000167034	0.150971385459827
ENSG00000159167	1.01324589565834
ENSG00000042980	0.087991680315262
ENSG00000272163	-0.223244606680852
ENSG00000277586	-2.13525385057862
ENSG00000287185	-0.273814955604536
ENSG00000228451	-0.114803745239474
ENSG00000092964	0.0436115443147587
ENSG00000246339	-0.105240863708673
ENSG00000147421	-0.0956257375520064
ENSG00000197892	0.0193754403219942
ENSG00000272256	-0.152893097946229
ENSG00000104671	0.00494168121693404
ENSG00000157110	0.258761537545266
ENSG00000279041	0.329129064841785
ENSG00000197265	-0.068954587572044
ENSG00000253457	-0.362492597202857
ENSG00000172733	-0.131422519998105
ENSG00000165392	-0.0554257005327032
ENSG00000272338	0.1807200057868
ENSG00000133878	-0.324726630042679
ENSG00000183154	0.0809179294512671
ENSG00000147471	-0.0587988319050936
ENSG00000104221	-0.00602753287456023
ENSG00000187840	0.171788191939444
ENSG00000147465	-0.369025371969926
ENSG00000085788	-0.124541861254375
ENSG00000147535	0.155965647202747
ENSG00000077782	-0.0130506262438337
ENSG00000147526	0.132189968468734
ENSG00000207258	0.122735127942349
ENSG00000253829	0.171945888796211
ENSG00000169499	-0.294144447672571
ENSG00000169490	0.0874404002315305
ENSG00000168615	-0.0647155382121642
ENSG00000176907	0.424654643423967
ENSG00000147536	-0.0459624194652524
ENSG00000158669	-0.156650301100248
ENSG00000083168	-0.0243766614502855
ENSG00000104365	-0.0401902604732413
ENSG00000240395	0.0925933031287894
ENSG00000168575	0.0120801933019467
ENSG00000131931	0.137539882857927
ENSG00000120925	-0.202504702814125
ENSG00000168172	-0.0137930942173235
ENSG00000168522	-0.341211385395184
ENSG00000185900	-0.21699149258836
ENSG00000165102	0.0638315022623545
ENSG00000188873	-0.169843373236995
ENSG00000254348	-0.919891243421024
ENSG00000255366	-0.134081391424097
ENSG00000221869	0.814297635310494
ENSG00000104738	-0.216941277300765
ENSG00000168300	-0.042941808329798
ENSG00000228801	-0.114468172557062
ENSG00000272024	-0.377614056646655
ENSG00000147488	-0.236662205105965
ENSG00000047249	-0.269957770590216
ENSG00000253667	0.0221457040415957
ENSG00000254087	-0.12319024972049
ENSG00000272343	-0.118237459354779
ENSG00000253541	-0.159022613854617
ENSG00000104331	0.107190447198537
ENSG00000215114	-0.255834167323237
ENSG00000137575	-0.0430615844608065
ENSG00000035681	-0.0384675579024048
ENSG00000167912	0.151734895296812
ENSG00000104388	-0.0472612521903757
ENSG00000171316	0.0525974994122785
ENSG00000198363	0.0634523560092709
ENSG00000137563	-0.270139153687989
ENSG00000172817	-0.0499686200440577
ENSG00000179041	0.205310250473631
ENSG00000147576	0.0446937263130917
ENSG00000169085	-0.320529396070979
ENSG00000288596	-0.0833140331934276
ENSG00000104205	-0.153987367618259
ENSG00000121022	-0.08561760917511
ENSG00000287214	0.250697000998441
ENSG00000046889	0.16194066636083
ENSG00000178860	0.891672556105504
ENSG00000121039	0.596258471208211
ENSG00000104343	-0.0447547540793227
ENSG00000154582	0.0350625461402818
ENSG00000175606	0.0744325209683303
ENSG00000154589	-0.119867326045488
ENSG00000104381	-0.146940608221941
ENSG00000137558	0.175255234062361
ENSG00000270866	-0.88403609404438
ENSG00000288756	0.0938130839152909
ENSG00000104427	0.0687667208596382
ENSG00000254352	-0.879195870940796
ENSG00000260317	0.283005227850095
ENSG00000076641	-0.0263790844251811
ENSG00000272425	0.225799338388757
ENSG00000164687	-0.145250108277183
ENSG00000147588	-0.28859793490021
ENSG00000104497	-0.00250154195885671
ENSG00000206228	0.0970900439359647
ENSG00000176731	-0.114027459418802
ENSG00000180694	-0.0218765491711055
ENSG00000123119	-0.15412568895
ENSG00000205133	-0.262533497082352
ENSG00000268080	-0.514414585324852
ENSG00000183808	-0.0197952153334632
ENSG00000164949	0.89081144725254
ENSG00000265817	0.15300761988841
ENSG00000164941	-0.140689144288868
ENSG00000175305	-0.303187755121927
ENSG00000175895	-0.150619268328881
ENSG00000254224	-0.272696673259874
ENSG00000180543	-0.168693789315179
ENSG00000132561	0.0935385451455112
ENSG00000288752	-0.590054478465555
ENSG00000104356	-0.0146379021239007
ENSG00000164919	-0.134949907638327
ENSG00000070756	-0.1768893093531
ENSG00000260368	0.371126245542913
ENSG00000164924	-0.0537963159767637
ENSG00000261087	-0.180438968843647
ENSG00000120963	0.0492062050244115
ENSG00000253942	-0.127321678645712
ENSG00000246263	-0.0774841989820493
ENSG00000104517	0.0116810708385338
ENSG00000155090	1.20265927011633
ENSG00000247081	-0.00629719935600385
ENSG00000164930	0.243152573182479
ENSG00000164932	-0.0324615248024375
ENSG00000164933	-0.0100823492134078
ENSG00000120526	0.0526283776874871
ENSG00000120533	0.082750534977977
ENSG00000253327	0.033052351029264
ENSG00000177570	-0.207981862642246
ENSG00000164761	-0.0344519845846568
ENSG00000136960	-0.292232192667116
ENSG00000189376	-0.0848954544087521
ENSG00000165156	-0.0230928857681699
ENSG00000156804	-0.205304044252017
ENSG00000104537	-0.361628201733764
ENSG00000164983	-0.0180431609573083
ENSG00000170881	-0.103452069924673
ENSG00000170873	-0.113203258659455
ENSG00000104549	0.0715114421619836
ENSG00000164961	-0.264378875398313
ENSG00000173334	0.81459290279933
ENSG00000136997	1.40149428025613
ENSG00000153310	-0.242728063275488
ENSG00000253720	-0.0213071927875048
ENSG00000280543	-0.0410011797489989
ENSG00000286535	0.436229783263721
ENSG00000155897	-0.123926559448321
ENSG00000129292	0.0205881872586994
ENSG00000287736	0.049535246484205
ENSG00000008513	-0.0112355231227815
ENSG00000104472	-0.092451409275183
ENSG00000123908	0.0380322419635844
ENSG00000105339	0.424146112573254
ENSG00000261655	0.299813327818961
ENSG00000184489	0.553591864216734
ENSG00000271959	0.424284161017707
ENSG00000171045	-0.00246954647476307
ENSG00000261693	-0.0913203704295626
ENSG00000234616	-0.0332415112806546
ENSG00000130193	-0.198568751316992
ENSG00000177335	-0.0976010015319848
ENSG00000277494	-0.0132526057056107
ENSG00000253716	-0.176341272479748
ENSG00000185730	-0.134894276227171
ENSG00000104518	0.267533990188457
ENSG00000204839	-0.134981626113274
ENSG00000104529	-0.0384701162425445
ENSG00000104524	0.112467545032063
ENSG00000104522	0.237197784146938
ENSG00000183309	-0.182935646096423
ENSG00000181135	-0.0644941594275023
ENSG00000181097	0.303511949658234
ENSG00000180921	-0.1361600828273
ENSG00000180900	0.256940712503074
ENSG00000179950	0.0183028948003731
ENSG00000185189	-0.133853956318048
ENSG00000178685	0.146626593230623
ENSG00000178814	0.509716484020201
ENSG00000197858	-0.159279687756829
ENSG00000179526	-0.00233711630998283
ENSG00000179632	-0.157009623228217
ENSG00000235173	0.303784068892833
ENSG00000185803	0.074477070314952
ENSG00000187954	-0.12008414389885
ENSG00000160959	-0.226207006704225
ENSG00000255085	-0.266556328930611
ENSG00000198169	0.0147805245236924
ENSG00000196378	0.188882207916864
ENSG00000161016	-0.00527425699809654
ENSG00000147789	-0.0730344450853105
ENSG00000170619	-0.176684655057823
ENSG00000286681	-0.0109125759227492
ENSG00000196150	0.0188485257464758
ENSG00000196922	-0.439862797574664
ENSG00000255559	-0.158075972428842
ENSG00000172785	-0.0429091438244908
ENSG00000107099	-0.206023869530898
ENSG00000286684	0.0728154411559137
ENSG00000173253	-0.00569323153232108
ENSG00000147852	-0.172271805485746
ENSG00000205808	-0.455382822847984
ENSG00000147853	0.0245066681908512
ENSG00000096968	0.0564438944726577
ENSG00000120217	0.143641839353991
ENSG00000225408	0.00965371259241711
ENSG00000183354	-0.151206021319121
ENSG00000137038	-0.205092433758407
ENSG00000153707	-0.104896930197229
ENSG00000225706	-0.548931898946981
ENSG00000147862	-0.0510659288717416
ENSG00000229029	-0.349879756748562
ENSG00000175893	-0.0518661069111323
ENSG00000147872	0.0753123455649873
ENSG00000272842	0.0158780749298511
ENSG00000260912	0.197007174717325
ENSG00000155886	-0.316824590187797
ENSG00000188921	-0.317355869632881
ENSG00000188379	0.0731939899847112
ENSG00000198680	0.200395031111846
ENSG00000137055	0.052476297514015
ENSG00000120156	0.113349868437487
ENSG00000232867	0.944387051447398
ENSG00000120162	-0.349101882047719
ENSG00000147894	-0.06324468789118
ENSG00000107201	0.0189346214256016
ENSG00000232303	0.520927624686066
ENSG00000231193	0.196861523755694
ENSG00000225693	-0.404302881493443
ENSG00000086061	-0.0270601107709237
ENSG00000086062	0.0831028300367684
ENSG00000165271	0.282159063542004
ENSG00000231991	0.230791781859878
ENSG00000281128	0.0116770018411959
ENSG00000287063	-0.12091203128012
ENSG00000107341	-0.0404621971014578
ENSG00000164978	-0.288602763590779
ENSG00000164976	0.145192251275161
ENSG00000164967	0.00260331624966578
ENSG00000137070	0.0833356219363339
ENSG00000213927	0.0900445924378045
ENSG00000273597	0.13415547435295
ENSG00000279489	0.475863448198349
ENSG00000165280	-0.068257831570708
ENSG00000005238	-0.0881012665016694
ENSG00000198722	-0.0328301512441095
ENSG00000198853	-0.135075928420218
ENSG00000137076	0.0938453226256562
ENSG00000107185	-0.0393814154465166
ENSG00000137133	0.00158422738273796
ENSG00000235387	0.238060025483348
ENSG00000122707	0.0415285845713328
ENSG00000122694	-0.076700553085378
ENSG00000185972	0.0747465206182484
ENSG00000122705	-0.0843430809842546
ENSG00000159921	-0.0948303974314754
ENSG00000281649	-0.0366095910237524
ENSG00000137106	-0.0130020472871863
ENSG00000147912	-0.0221615667277892
ENSG00000175768	-0.00538879619368139
ENSG00000204860	-0.130914835217398
ENSG00000279456	-0.247053974100087
ENSG00000235659	0.476449911272676
ENSG00000238113	-0.0087602926429902
ENSG00000287168	0.164816325931882
ENSG00000229422	-0.223201470237812
ENSG00000237451	-0.258350871104131
ENSG00000238245	0.387094028573088
ENSG00000227582	0.0284018760952823
ENSG00000170161	-0.152436683485023
ENSG00000187866	0.0348078909229426
ENSG00000119139	0.158423084514665
ENSG00000107282	-0.210849234235351
ENSG00000119138	0.485861113018432
ENSG00000135048	0.53295479087581
ENSG00000107362	-0.139225939902577
ENSG00000236060	0.618913658915456
ENSG00000225434	-0.0236390043122577
ENSG00000165092	-0.177522788620206
ENSG00000135046	0.488954264316074
ENSG00000135045	-0.220607459095659
ENSG00000156017	0.00828214412144538
ENSG00000106733	-0.146887529853044
ENSG00000156049	-0.155905490271931
ENSG00000156052	-0.208152047766028
ENSG00000135069	0.0576152528191544
ENSG00000106829	-0.265893015248478
ENSG00000196781	0.185624315298048
ENSG00000148057	-0.0272352994874125
ENSG00000254473	-0.412621998972725
ENSG00000165113	-0.0951620806173099
ENSG00000148053	0.165067482464958
ENSG00000135049	-0.0247153951891255
ENSG00000165121	-0.157047093236184
ENSG00000135040	-0.0062010913092114
ENSG00000135070	-0.134619058713209
ENSG00000204446	0.136052295480955
ENSG00000135047	0.0536067570925167
ENSG00000287769	-0.239276688131786
ENSG00000106723	-0.0873941461476491
ENSG00000148082	-0.237903591523737
ENSG00000123975	0.102295509752146
ENSG00000187764	-0.190695325518459
ENSG00000130222	-0.0502148849973627
ENSG00000165023	-0.567087648285169
ENSG00000165025	-0.25349959235075
ENSG00000273381	0.0386947488029878
ENSG00000148090	-0.14430480522865
ENSG00000196305	0.0973907102336915
ENSG00000198000	-0.0655785291883219
ENSG00000106823	0.380397616008047
ENSG00000127080	-0.127468515544799
ENSG00000127084	-0.202246745969551
ENSG00000165233	0.251810396816206
ENSG00000131669	0.08187730719405
ENSG00000188938	-0.14301964105238
ENSG00000289031	-0.278837132152078
ENSG00000158079	0.091601277237959
ENSG00000148110	-0.010523881968533
ENSG00000271384	0.259776979949702
ENSG00000271314	0.221359381565811
ENSG00000271155	-0.334512674815836
ENSG00000271659	-0.476488992665953
ENSG00000182150	-0.0574334459651187
ENSG00000225194	0.497938875609063
ENSG00000275465	0.00357102857456332
ENSG00000165244	0.176621402751279
ENSG00000196312	-0.0508525593165478
ENSG00000269907	-0.311908219641232
ENSG00000136943	0.199660259043654
ENSG00000228376	-0.123129874025608
ENSG00000254633	-0.14781829846298
ENSG00000196116	-0.317901158007739
ENSG00000136842	0.0418920349709585
ENSG00000136937	-0.107836156095765
ENSG00000136932	-0.179563349621505
ENSG00000095380	0.134352740599718
ENSG00000106785	0.0227442942393272
ENSG00000106799	-0.153096505278951
ENSG00000119509	-0.0436099589863304
ENSG00000136891	-0.0491269471437291
ENSG00000241697	0.0589418048386816
ENSG00000170681	0.0393405109482027
ENSG00000136870	-0.0189780524311174
ENSG00000155827	-0.0884901541362349
ENSG00000276119	-0.143510351744034
ENSG00000136783	-0.155125734623929
ENSG00000106692	-0.00171277636177645
ENSG00000157654	0.0681884195845979
ENSG00000171133	-0.000422606854666069
ENSG00000106853	-0.0344876907570677
ENSG00000224067	0.00296147380402732
ENSG00000148154	0.298281122178253
ENSG00000226609	0.477640277968846
ENSG00000148158	-0.238163442870497
ENSG00000228623	-0.270324318623503
ENSG00000136867	-0.360984045018187
ENSG00000136868	-0.131607586739702
ENSG00000176386	-0.116402979455956
ENSG00000136875	0.116785289509547
ENSG00000119431	0.427972253752701
ENSG00000148229	-0.107236295726829
ENSG00000138835	0.0244892408286438
ENSG00000106948	0.0739170960457583
ENSG00000136888	0.13377006152921
ENSG00000106952	-0.272597947478364
ENSG00000136869	-0.0455314355006241
ENSG00000078725	-0.033602806753154
ENSG00000136861	0.0239357968817254
ENSG00000119402	-0.0857703548946527
ENSG00000056558	0.0265887791287389
ENSG00000106804	-0.0519869659719895
ENSG00000148180	-0.133260251027468
ENSG00000148175	0.735194328080165
ENSG00000204136	-0.134055940129659
ENSG00000175764	-0.32840330697345
ENSG00000106852	0.0578139133326948
ENSG00000095303	-0.100773924996155
ENSG00000011454	-0.130377084819968
ENSG00000188394	0.330049457215157
ENSG00000119408	0.000281366103042438
ENSG00000136930	-0.187817967739643
ENSG00000136950	0.0415545524393591
ENSG00000136933	-0.0799157643499799
ENSG00000044574	1.03385478064541
ENSG00000165219	-0.0842345136079621
ENSG00000288537	-0.0590262820923534
ENSG00000228392	-0.336324921022127
ENSG00000196814	-0.210042016968731
ENSG00000279137	-0.27116379964225
ENSG00000169155	0.0399507738592538
ENSG00000177125	-0.204788534832551
ENSG00000136828	-0.174267571094416
ENSG00000136859	-0.136946433158553
ENSG00000136895	-0.0357071502953755
ENSG00000271833	0.692244014094901
ENSG00000136830	0.185475646071076
ENSG00000095370	0.176451522033428
ENSG00000136877	0.163446146692492
ENSG00000106991	0.315789376263851
ENSG00000225032	0.179968476274391
ENSG00000136840	0.145597598618775
ENSG00000227218	-0.0904080537803333
ENSG00000148339	0.169720785286467
ENSG00000148334	0.0671446032106938
ENSG00000148346	0.161073987282691
ENSG00000175854	-0.138979437592819
ENSG00000167112	-0.228348090136202
ENSG00000272696	0.193374929599782
ENSG00000167113	-0.0542223063772537
ENSG00000167114	-0.197237317379555
ENSG00000167118	-0.132829895569631
ENSG00000207955	-0.0567590559679214
ENSG00000167123	0.102251807553162
ENSG00000228510	-0.187357060791387
ENSG00000160447	0.108590100998623
ENSG00000223478	-0.129062981199119
ENSG00000203286	-0.453206944696006
ENSG00000171097	-0.03469530091801
ENSG00000175283	0.0308652835692472
ENSG00000095319	0.108192314415348
ENSG00000267834	0.425773711716549
ENSG00000148341	-0.0629688694338141
ENSG00000167130	-0.126362633507266
ENSG00000119383	-0.111441425527898
ENSG00000188483	0.94254680895732
ENSG00000224307	-0.260479264255038
ENSG00000179082	0.0413936291324571
ENSG00000233901	-0.186971296924342
ENSG00000204054	0.169227706588302
ENSG00000227619	-0.285986039622472
ENSG00000148335	0.0412439035382106
ENSG00000136816	-0.0960571796594546
ENSG00000136827	-0.116644842012684
ENSG00000136819	-0.0134772774860971
ENSG00000187239	0.0218860635257015
ENSG00000288924	0.615757345168786
ENSG00000148358	-0.195663922451072
ENSG00000130707	0.176749084366697
ENSG00000107164	0.0625649960776584
ENSG00000097007	0.00200999121963755
ENSG00000050555	0.00980288030594211
ENSG00000126883	-0.0902982712018555
ENSG00000126882	-0.179653907693144
ENSG00000160539	-0.235345542474378
ENSG00000288701	-0.0492587699456401
ENSG00000107263	-0.177912755842256
ENSG00000196358	0.241699524694827
ENSG00000165698	0.0486116949011168
ENSG00000165699	-0.159726145658459
ENSG00000196205	-0.0369765002092962
ENSG00000160271	-0.0948620347683694
ENSG00000148288	0.0480460061714316
ENSG00000175164	0.161004260360005
ENSG00000148297	-0.0232689564525375
ENSG00000148291	-0.0990013599343563
ENSG00000148300	-0.075444215619423
ENSG00000160323	0.00356186015914493
ENSG00000160325	-0.253062571135025
ENSG00000160326	-0.226155702763867
ENSG00000197859	-0.0795826305042261
ENSG00000169925	-0.12862931911658
ENSG00000196363	0.00120198512733448
ENSG00000160345	-0.0794304216739666
ENSG00000130559	-0.148052771655533
ENSG00000130560	-0.133101708474924
ENSG00000260193	0.0368437344823765
ENSG00000262075	-0.248552560031031
ENSG00000160360	0.123091918039099
ENSG00000187796	-0.12626732264137
ENSG00000165689	-0.11793278918385
ENSG00000165688	-0.0678775248529705
ENSG00000148396	0.0885528908709679
ENSG00000196366	-0.18039932302947
ENSG00000148400	0.279937576733484
ENSG00000227512	0.326895569283213
ENSG00000237886	0.157576429298659
ENSG00000172889	0.191928013438481
ENSG00000169692	0.0963450853339598
ENSG00000165716	-0.154052508613081
ENSG00000187922	0.170843522836188
ENSG00000267206	0.339320563797521
ENSG00000244187	0.151467936690023
ENSG00000213213	-0.0458070274132331
ENSG00000228544	-0.108660069698802
ENSG00000054148	0.109485948293944
ENSG00000177943	0.0757099373496502
ENSG00000107223	0.115647957516837
ENSG00000127191	-0.0344727681449072
ENSG00000107317	0.0678440413277744
ENSG00000214402	0.297305977592275
ENSG00000107331	-0.147602036125824
ENSG00000180539	-0.13408801472969
ENSG00000180549	-0.223210393922726
ENSG00000186193	0.208516930394578
ENSG00000268996	-0.104940385261529
ENSG00000176248	0.120330262299795
ENSG00000176101	-0.163557462737523
ENSG00000197191	0.0455815925896948
ENSG00000188229	-0.0741565412578326
ENSG00000198113	-0.127903364335324
ENSG00000165724	-0.021947728138158
ENSG00000197070	-0.106357646880861
ENSG00000203993	0.0542393923144852
ENSG00000148408	-0.246749039681706
ENSG00000151240	-0.0394432477833463
ENSG00000225140	0.285299033691568
ENSG00000107929	-0.0601288222837142
ENSG00000107937	0.132457199059151
ENSG00000232656	0.0957636712125563
ENSG00000067064	0.153106564979776
ENSG00000047056	-0.0155903277541997
ENSG00000185736	0.100176602979337
ENSG00000205696	0.238214806026205
ENSG00000067057	0.120942987737482
ENSG00000107959	-0.0811925599499079
ENSG00000237399	-0.0879417549062631
ENSG00000196139	0.149862997882564
ENSG00000173848	-0.189971133235274
ENSG00000287566	-0.89532342251305
ENSG00000196372	-0.115724889809793
ENSG00000134461	0.00911986731110351
ENSG00000134452	0.0621076633815885
ENSG00000232807	0.0588451765518555
ENSG00000134470	0.420168123409867
ENSG00000134453	0.16736446037939
ENSG00000212743	0.692741146848293
ENSG00000278982	-0.300256358637534
ENSG00000123243	0.146469160970316
ENSG00000151655	0.0034886294836984
ENSG00000148429	-0.0596597909294091
ENSG00000271046	-0.367635429442544
ENSG00000181192	0.00268166610239558
ENSG00000065665	0.0342576948034592
ENSG00000151465	-0.154169548571997
ENSG00000228302	0.0409848243338149
ENSG00000123240	-0.27589466209714
ENSG00000228330	-0.18596329066283
ENSG00000107537	0.00372545349728363
ENSG00000086475	-0.0150955905318164
ENSG00000239665	-0.130920331541583
ENSG00000065809	-0.0327373677549727
ENSG00000237032	-0.747956344160939
ENSG00000284024	-0.168921352162213
ENSG00000187522	-0.108425834796107
ENSG00000228547	0.570303619098418
ENSG00000176244	0.459334499445492
ENSG00000148468	-0.289287833105209
ENSG00000148481	-0.153228724857591
ENSG00000165996	-0.262940056950871
ENSG00000136738	-0.0875582921452513
ENSG00000241058	-0.120183541013869
ENSG00000120594	-0.171658656997002
ENSG00000204682	-0.0138853897191799
ENSG00000286881	0.57353604838892
ENSG00000279623	0.551334385480798
ENSG00000279631	-0.361255196476166
ENSG00000261671	-0.0382628484207768
ENSG00000148444	-0.0527538671179382
ENSG00000168283	-0.0982722992589309
ENSG00000150867	-0.218991218383872
ENSG00000165312	0.0868989303028742
ENSG00000107863	0.00674167329507167
ENSG00000099256	-0.0729739723369046
ENSG00000273107	0.115567857107069
ENSG00000185875	-0.272511671416908
ENSG00000077420	-0.161106348015076
ENSG00000136754	-0.0509413607624915
ENSG00000136758	0.0342793485338049
ENSG00000120539	-0.0905931250653974
ENSG00000262412	-0.959868874314701
ENSG00000230445	-0.385166622727709
ENSG00000254635	0.0097515918317236
ENSG00000095739	0.197489446019409
ENSG00000165757	-0.258142187838544
ENSG00000107951	-0.0526671928486303
ENSG00000148516	-0.202410701970166
ENSG00000289412	0.0581053803637176
ENSG00000165322	-0.227459353626024
ENSG00000095794	0.106795008829853
ENSG00000271335	-0.176119520207773
ENSG00000227475	-1.16116364149486
ENSG00000229644	0.95472558743387
ENSG00000198105	-0.146557005929661
ENSG00000189180	-0.124301635465681
ENSG00000075407	-0.105614531074457
ENSG00000272983	-0.113862507203817
ENSG00000234420	-0.130547857898436
ENSG00000285884	0.00302012056990579
ENSG00000165733	0.105765350649225
ENSG00000198915	0.0124660656450923
ENSG00000169813	0.181166958840331
ENSG00000169740	-0.270268827407175
ENSG00000107562	-0.0190257363767106
ENSG00000107551	0.0415593381309009
ENSG00000165507	1.13998105746979
ENSG00000165512	0.168476707824715
ENSG00000012779	0.055872864439915
ENSG00000231964	-0.0754808966619406
ENSG00000165406	-0.116829341137985
ENSG00000172671	0.023922946864126
ENSG00000172661	-0.216271192062395
ENSG00000204177	-0.0283456838016441
ENSG00000265203	-0.125955430613845
ENSG00000265763	-0.151201972654685
ENSG00000277758	-0.218687640855658
ENSG00000107643	-0.158852363120125
ENSG00000279822	-0.268058052219113
ENSG00000128805	-0.233545953673707
ENSG00000204161	-0.361760200272369
ENSG00000225830	-0.0894603057254421
ENSG00000204152	0.0684981342828388
ENSG00000226200	0.121757453127067
ENSG00000177613	-0.202943199962397
ENSG00000227972	-0.298317872946355
ENSG00000122952	-0.131447852669519
ENSG00000072401	0.000394638292731396
ENSG00000108064	0.0808241132270653
ENSG00000148541	-0.198327429541892
ENSG00000165449	0.155113812589772
ENSG00000108091	-0.136552954509099
ENSG00000183346	-0.234796401122312
ENSG00000288011	0.0610591832234915
ENSG00000138311	-0.0522232215409223
ENSG00000181915	-0.211229328403609
ENSG00000171988	0.0364336769753904
ENSG00000226426	-0.416156709883456
ENSG00000233900	0.00797039877105862
ENSG00000108176	-0.095915185703686
ENSG00000148634	-0.0783755045731042
ENSG00000108187	-0.0552493514787518
ENSG00000096746	0.118831442287911
ENSG00000204130	-0.0681053627724946
ENSG00000138346	-0.109217381585435
ENSG00000122912	-0.0902851229533314
ENSG00000260400	0.0569048799239112
ENSG00000165732	0.379534973297828
ENSG00000198954	-0.0617789191998709
ENSG00000156502	-0.0738177642860327
ENSG00000156515	-0.0491605710794497
ENSG00000099282	-0.0388892656248928
ENSG00000236154	-0.371842385347268
ENSG00000099284	-0.0286923192485152
ENSG00000229097	-0.289065184849284
ENSG00000148734	-0.240084884216577
ENSG00000172731	-0.343790576113105
ENSG00000280401	0.334807938661346
ENSG00000107719	0.0623159799648537
ENSG00000166224	-0.18516839961815
ENSG00000166228	-0.304335494057164
ENSG00000198246	-0.258971947459274
ENSG00000107738	0.16868356566636
ENSG00000122863	-0.116324908357224
ENSG00000272988	-0.00834845961853947
ENSG00000166295	0.136341931524802
ENSG00000200170	-1.44592067555377
ENSG00000289506	0.107537629055912
ENSG00000148719	-0.109523691640956
ENSG00000107745	-0.181528930737418
ENSG00000272627	-0.369048508700801
ENSG00000213700	0.317491165942885
ENSG00000122884	0.101462221567014
ENSG00000122882	0.081279512310483
ENSG00000182180	-0.0387430248374002
ENSG00000138279	0.112475155648523
ENSG00000166343	-0.234600002372607
ENSG00000166348	-0.281476545962603
ENSG00000207327	0.640294050339764
ENSG00000272140	0.115969417245678
ENSG00000242338	-0.10589018219837
ENSG00000250959	-0.0429957301230263
ENSG00000235316	0.488613719312468
ENSG00000279088	0.36667738204065
ENSG00000172586	-0.124660804271073
ENSG00000166507	0.15044250899473
ENSG00000035403	0.184921410361668
ENSG00000156650	-0.0876993373805759
ENSG00000156671	-0.188566753791623
ENSG00000165655	0.470935795139558
ENSG00000237149	-0.0205053342778024
ENSG00000273248	1.05014564617835
ENSG00000228280	0.456667907555936
ENSG00000151208	-0.113103047711508
ENSG00000148606	-0.0582203842077559
ENSG00000108175	0.0350123743484829
ENSG00000108179	-0.157116469105155
ENSG00000235426	0.302612211049721
ENSG00000273372	0.336163636743393
ENSG00000230091	-0.177279237281562
ENSG00000133678	-0.130089659856936
ENSG00000122359	0.177710063398368
ENSG00000285972	0.121498116319599
ENSG00000178429	-0.263987020660648
ENSG00000280134	-0.325740625024114
ENSG00000062650	0.0229695479008378
ENSG00000122367	-0.103463942781807
ENSG00000272631	0.0645033606169418
ENSG00000107779	-0.0206301670007626
ENSG00000173269	0.70996072452924
ENSG00000272734	0.320743218490361
ENSG00000261011	0.503375944262793
ENSG00000148672	0.159843943962753
ENSG00000286445	0.121870671024517
ENSG00000198682	0.449749470426422
ENSG00000213613	0.308888075421792
ENSG00000152766	-0.0736308529659831
ENSG00000138134	-0.17990543062818
ENSG00000180139	0.249894400957936
ENSG00000107796	1.50412096465386
ENSG00000026103	0.170891868827143
ENSG00000138135	1.37478219079474
ENSG00000119917	0.189805672896044
ENSG00000185745	-0.0209182460220583
ENSG00000148688	-0.0319424196295385
ENSG00000095564	0.140467406835956
ENSG00000198060	0.0208317290425873
ENSG00000236493	0.156919714531101
ENSG00000152804	0.0698285063784217
ENSG00000138119	0.146391325038168
ENSG00000138115	-0.0365265527239718
ENSG00000107438	1.46799013354705
ENSG00000138185	-0.168749338764982
ENSG00000107443	0.0614885341974906
ENSG00000095585	-0.162783398299957
ENSG00000155629	-0.131510934313767
ENSG00000181274	-0.0657607348804921
ENSG00000052749	-0.0251800728179509
ENSG00000171314	-0.0964338002227208
ENSG00000171307	0.145445015315339
ENSG00000155229	-0.00977154021274184
ENSG00000241935	-0.402518021489357
ENSG00000119986	-0.0478062629867773
ENSG00000120057	1.22971877673726
ENSG00000095713	-0.188545508520946
ENSG00000119943	0.228874939984746
ENSG00000155287	0.00354533751483914
ENSG00000233690	0.18453191591764
ENSG00000014919	-0.0995180736302626
ENSG00000107566	0.00786136301469947
ENSG00000230224	0.272000824205585
ENSG00000099194	-0.0797149786109531
ENSG00000235823	-0.158027418151353
ENSG00000166135	-0.286741294754311
ENSG00000055950	-0.057059916523937
ENSG00000107816	-0.0783784332696279
ENSG00000186862	-0.144589661414814
ENSG00000227128	-0.179529562973649
ENSG00000166167	-0.205669621187177
ENSG00000166169	-0.154721708951451
ENSG00000107833	-0.0328449026263678
ENSG00000120029	-0.160337700069899
ENSG00000198728	-0.0763087962436183
ENSG00000148840	0.28400003288054
ENSG00000166197	0.118067007124973
ENSG00000107862	0.0236761074855338
ENSG00000077150	0.691169823524134
ENSG00000107874	-0.0806529054348227
ENSG00000138111	-0.104650949999493
ENSG00000138107	-0.121886137202274
ENSG00000214435	-0.168420303935753
ENSG00000148842	-0.219018830314841
ENSG00000156374	0.126385121844098
ENSG00000173915	-0.118384064856587
ENSG00000148843	0.114889240492171
ENSG00000138172	0.195207346587868
ENSG00000065613	-0.0535347913671827
ENSG00000156384	0.123298973875451
ENSG00000148834	-0.0142939520790274
ENSG00000065621	-0.149211895592388
ENSG00000148841	0.43957925032659
ENSG00000119950	0.134998614871871
ENSG00000119953	0.0398660110940529
ENSG00000214413	-0.0178593961291586
ENSG00000108061	-0.102418843025324
ENSG00000119927	-0.0243707923671281
ENSG00000197142	0.282407589307967
ENSG00000260917	-0.115780116841235
ENSG00000165806	0.265111393638878
ENSG00000151553	-0.00632347464716858
ENSG00000175535	0.0994305360199472
ENSG00000235742	-0.0633210253758049
ENSG00000277879	-0.43089369882798
ENSG00000165669	0.0111498489043525
ENSG00000151893	-0.00441671848169122
ENSG00000277687	0.363962920674406
ENSG00000188613	0.215560207044945
ENSG00000165672	-0.14490808862559
ENSG00000148908	-0.243400647952415
ENSG00000151929	1.5639665783376
ENSG00000107651	0.126146036190215
ENSG00000203805	-0.0849413008565434
ENSG00000177234	-0.345377213301007
ENSG00000287936	0.232934906697901
ENSG00000120008	0.122989773683002
ENSG00000066468	-0.283140964078927
ENSG00000226864	-0.314958649093561
ENSG00000107672	-0.0783906302637258
ENSG00000107679	-0.00612938809505363
ENSG00000166033	0.257945856296197
ENSG00000187908	-0.488280344292042
ENSG00000138161	-0.179522883647298
ENSG00000213185	-0.0406756906724159
ENSG00000119965	-0.124268833963027
ENSG00000179988	-0.192976236718222
ENSG00000196177	-0.0910265195293918
ENSG00000182022	0.121370316993732
ENSG00000065154	-0.0689938518649703
ENSG00000165660	-0.0647809525444784
ENSG00000175029	0.0639710125314204
ENSG00000188690	-0.182606556638942
ENSG00000287609	0.115364907942626
ENSG00000235180	0.159343478756683
ENSG00000132334	0.0748273471121962
ENSG00000287427	0.551849544138859
ENSG00000277218	-0.236312622804055
ENSG00000233122	0.0427131312249296
ENSG00000188385	0.433852973791866
ENSG00000148814	-0.096043122426015
ENSG00000068383	0.0108884219341403
ENSG00000148826	0.00767343945036393
ENSG00000197177	-0.575754343748915
ENSG00000130640	0.0611192276933091
ENSG00000198546	0.043373597247305
ENSG00000148803	0.407984226914347
ENSG00000127884	0.037286192724807
ENSG00000148824	0.0101362363283487
ENSG00000214279	0.0225393731121146
ENSG00000130649	0.0824741261940829
ENSG00000171772	-0.307514779060044
ENSG00000185627	0.101514701294403
ENSG00000277290	0.144989138471274
ENSG00000174885	0.0543982095811361
ENSG00000142102	0.389190273136791
ENSG00000185201	1.23284019413638
ENSG00000185885	1.13148682487225
ENSG00000142089	1.13277117980912
ENSG00000174915	-0.0381603467323777
ENSG00000023191	0.0587181707188629
ENSG00000185522	-0.122685179845333
ENSG00000185507	0.617897154818687
ENSG00000177030	-0.0211492880387325
ENSG00000177042	-0.181123705266895
ENSG00000177156	-0.0376160216741054
ENSG00000177225	0.0211819420067659
ENSG00000255142	0.034241019646209
ENSG00000177600	0.0480728132773332
ENSG00000199785	0.386965004085819
ENSG00000177697	0.355778539369199
ENSG00000214063	0.441059758870148
ENSG00000177830	-0.116440950766933
ENSG00000078902	-0.197413041368771
ENSG00000255153	0.345592736846641
ENSG00000174672	0.0641413052568544
ENSG00000285581	-0.0351916464482164
ENSG00000182208	-0.11479026808751
ENSG00000205864	-0.00956573190956102
ENSG00000244242	-0.102512404058483
ENSG00000235027	-0.221680423124013
ENSG00000229512	-0.53328656326504
ENSG00000183734	-0.0822730952622745
ENSG00000184281	0.0650630350110053
ENSG00000269821	-0.0902999819989927
ENSG00000237941	-0.0264381882642323
ENSG00000129757	-0.0435250342869993
ENSG00000205531	-0.0850707500202589
ENSG00000110619	0.0168746698447046
ENSG00000236710	-0.149684242632357
ENSG00000021762	0.0423331146312562
ENSG00000005801	0.0898677722108342
ENSG00000148985	-0.202742137816112
ENSG00000132109	0.225975377517489
ENSG00000244734	0.0117830716177965
ENSG00000223609	-0.16607110901099
ENSG00000213934	0.407835738209339
ENSG00000175518	-0.0187064103753568
ENSG00000258659	-0.117536719059254
ENSG00000132274	0.269608626098448
ENSG00000181074	0.0344311891677717
ENSG00000267940	0.0850607443786645
ENSG00000166311	-0.184702208768284
ENSG00000166313	-0.320240670523307
ENSG00000110171	-0.0550438029403479
ENSG00000132254	-0.025932932031883
ENSG00000132286	-0.0686694986423153
ENSG00000179532	0.247551665916033
ENSG00000166341	0.131140035920288
ENSG00000158042	0.0895443354984303
ENSG00000254838	-0.149840225246797
ENSG00000166394	0.202401496852615
ENSG00000175390	-0.120317713170297
ENSG00000166436	0.135375105522016
ENSG00000184014	-0.0608447154261431
ENSG00000166471	0.183815186278299
ENSG00000205339	-0.124863980433604
ENSG00000133789	0.204268727943067
ENSG00000255823	0.686421285848479
ENSG00000133800	-0.0343261766031003
ENSG00000072952	0.00891978973926156
ENSG00000198730	-0.0309265991481622
ENSG00000110321	-0.152462967231144
ENSG00000246308	0.0870604630537575
ENSG00000236287	0.0281652640366487
ENSG00000247271	-0.26791089314548
ENSG00000170242	-0.0715028145284217
ENSG00000133816	0.0837148820862703
ENSG00000254680	0.342886040254295
ENSG00000189431	0.556318579189924
ENSG00000148925	-0.183229345259096
ENSG00000197601	0.000516731415505138
ENSG00000129084	-0.0416497149531636
ENSG00000244398	0.13184295622098
ENSG00000110700	-0.136178218008061
ENSG00000201403	0.799675152405541
ENSG00000187486	-0.0615339129430954
ENSG00000006071	0.0813193377202402
ENSG00000006611	0.00495212988410708
ENSG00000129158	-0.0482574581087352
ENSG00000173432	0.826777039953742
ENSG00000110768	-0.104440400873829
ENSG00000134333	0.529235349016493
ENSG00000256006	0.284548902710866
ENSG00000289499	-0.113178047841147
ENSG00000151116	-0.28091862017016
ENSG00000279837	-0.567636383366033
ENSG00000179119	0.00945742342660814
ENSG00000151117	-0.196118982802268
ENSG00000177054	-0.0838623410177055
ENSG00000270607	0.00584861055956204
ENSG00000109854	-0.136298557055194
ENSG00000165970	-0.549112801695863
ENSG00000148935	-0.193474567727638
ENSG00000129151	0.150012229309917
ENSG00000109881	-0.290491672515084
ENSG00000205213	-0.136810589918137
ENSG00000245573	-0.126166952733141
ENSG00000224411	0.130387698327672
ENSG00000049449	0.276683891333857
ENSG00000270903	-0.0920190170270345
ENSG00000121690	-0.0620043853137725
ENSG00000280798	-0.305335203431343
ENSG00000241255	0.798765373753608
ENSG00000205177	0.470973427151318
ENSG00000085063	0.142110321182814
ENSG00000135363	0.450211763042812
ENSG00000135372	0.0631748787799554
ENSG00000166016	-0.178569282481062
ENSG00000121691	0.0406845036807439
ENSG00000179431	0.347349547399106
ENSG00000179241	-0.0577305700788032
ENSG00000110442	-0.120692144747507
ENSG00000135362	-0.124014688604546
ENSG00000175104	-0.20534385508015
ENSG00000166352	-0.104482791827454
ENSG00000279675	0.0578423827588506
ENSG00000252355	0.196386558217861
ENSG00000254463	0.0879783564268501
ENSG00000283341	-0.205672406195636
ENSG00000166199	-0.015435737278352
ENSG00000213693	-0.00520296151089389
ENSG00000187479	1.21577303768119
ENSG00000121671	0.0749720733154715
ENSG00000121653	-0.184562786425022
ENSG00000121680	-0.043187951774848
ENSG00000110492	0.387436106766282
ENSG00000110497	-0.0145015738393616
ENSG00000244313	0.128444659466693
ENSG00000180423	-0.0510107902585607
ENSG00000175224	0.0221542053018369
ENSG00000175213	0.0549741633248001
ENSG00000175216	-0.0911805680312585
ENSG00000134569	0.117622310766857
ENSG00000149182	-0.0649844519447871
ENSG00000270060	0.320588469268521
ENSG00000165912	0.125370477852044
ENSG00000025434	-0.0780672475098005
ENSG00000066336	0.207584244602821
ENSG00000255197	-0.245924089035824
ENSG00000213619	-0.0854361592919813
ENSG00000123444	-0.160473159386618
ENSG00000196666	-0.359466921518347
ENSG00000109919	-0.113229577900882
ENSG00000109920	0.214058527326454
ENSG00000149177	-0.17700987599037
ENSG00000254567	-0.308731161073648
ENSG00000086205	-0.241218523737024
ENSG00000287538	-0.230922860220734
ENSG00000286983	-0.0976691488363733
ENSG00000205025	0.0173755187174157
ENSG00000181273	-0.0878339235600154
ENSG00000183908	-0.32680256083279
ENSG00000149115	0.383399599273652
ENSG00000134802	0.279824533358363
ENSG00000149150	0.00748520276682284
ENSG00000156587	0.0363014313509764
ENSG00000149131	0.886555455896986
ENSG00000166793	-0.0501950184774332
ENSG00000172409	0.149291622558806
ENSG00000156599	-0.054720386691335
ENSG00000211450	-0.101837442887598
ENSG00000198561	0.113054657723177
ENSG00000166801	-0.120395634985334
ENSG00000110042	-0.454195477879238
ENSG00000197629	-0.422457481853732
ENSG00000110048	-0.0814886890682744
ENSG00000166900	-0.0970007882775615
ENSG00000234964	0.404135477002097
ENSG00000166902	-0.0467811926769617
ENSG00000254952	-0.246766855235036
ENSG00000110077	-0.470183873884334
ENSG00000183134	-0.0256717018139585
ENSG00000110108	0.149083444381792
ENSG00000167986	-0.00942838443932715
ENSG00000149476	0.115185619848252
ENSG00000187049	0.23102626239713
ENSG00000204950	0.699523584323915
ENSG00000124920	-0.0850095510882718
ENSG00000168496	0.0215604045623664
ENSG00000134824	0.050180231386001
ENSG00000289268	0.292875181734018
ENSG00000149485	0.70415410805078
ENSG00000221968	0.471507667840814
ENSG00000167995	-0.124554075389806
ENSG00000279491	0.404035146070199
ENSG00000289194	0.0843242192103681
ENSG00000162174	0.258536626123524
ENSG00000254772	-0.15529246960422
ENSG00000289562	0.288119755011928
ENSG00000149016	0.115756981142918
ENSG00000149480	0.0931205763321981
ENSG00000149541	-0.262670515452735
ENSG00000162194	-0.230690156538722
ENSG00000204922	0.0286877263746447
ENSG00000168000	-0.35849888210724
ENSG00000185670	-0.365766851236035
ENSG00000168002	-0.0617070660151927
ENSG00000162227	-0.0836319234921789
ENSG00000168569	-0.0391954797804928
ENSG00000162231	-0.0581520133046889
ENSG00000133316	0.149459452255964
ENSG00000168003	0.611761728114865
ENSG00000168004	-0.120231951656692
ENSG00000133321	0.337053698627706
ENSG00000133318	-0.303735083342718
ENSG00000188070	0.203989875203622
ENSG00000168005	-0.192867233631357
ENSG00000167771	-0.0153693358049697
ENSG00000167770	-0.182198148859188
ENSG00000126500	0.0617512228771066
ENSG00000288852	0.389485027222864
ENSG00000289486	0.334106554180664
ENSG00000168439	-0.0500925189639172
ENSG00000149781	0.393510835276197
ENSG00000149743	0.0816815553478418
ENSG00000149761	-0.0286136083613065
ENSG00000173511	-0.0792817507799344
ENSG00000173457	0.120147310505623
ENSG00000149782	0.238941451904727
ENSG00000173264	-0.204310956762604
ENSG00000173153	-0.303602473805307
ENSG00000173113	-0.0148222313017264
ENSG00000126432	-0.157573497270899
ENSG00000168071	0.18096256084343
ENSG00000181908	-0.105535486096958
ENSG00000110076	-0.00271213229276234
ENSG00000289058	-0.209604658768185
ENSG00000133895	0.0333091443495102
ENSG00000110047	0.102811001438777
ENSG00000110046	0.0907504588195745
ENSG00000068971	-0.0908056712833904
ENSG00000168062	0.47018506957069
ENSG00000110025	-0.00230519699131212
ENSG00000168061	-0.104385975006291
ENSG00000168060	0.240017366115371
ENSG00000162300	0.0394531633331442
ENSG00000149823	-0.0958773437045219
ENSG00000149809	0.0578670288473958
ENSG00000149792	-0.023789584222876
ENSG00000255200	0.209593467095208
ENSG00000287917	0.210857503073109
ENSG00000133884	-0.0221581317131376
ENSG00000162241	-0.147773359684573
ENSG00000126391	0.330024761171768
ENSG00000173727	0.192119446608694
ENSG00000142186	-0.0417429550960119
ENSG00000173465	0.138256544914098
ENSG00000176973	0.122316256678306
ENSG00000289339	0.113629325706559
ENSG00000173442	0.441974162030451
ENSG00000197136	-0.0476947674729412
ENSG00000213445	0.116426781217825
ENSG00000173039	0.124154293670777
ENSG00000285533	-0.185971026447813
ENSG00000172977	-0.19056398696275
ENSG00000172922	-0.0393478648317999
ENSG00000254470	-0.396172740973409
ENSG00000172543	-0.200340196919176
ENSG00000175592	0.796460605599555
ENSG00000175550	0.142525868768065
ENSG00000175376	-0.0745671472053001
ENSG00000175334	-0.111650054502643
ENSG00000254855	0.080132672669687
ENSG00000174903	-0.197554542394182
ENSG00000179292	-0.0542776959937392
ENSG00000174669	0.134714743397513
ENSG00000174165	-0.091114276077841
ENSG00000182791	-0.022708708483126
ENSG00000173992	0.187204670852176
ENSG00000239306	0.211085678786199
ENSG00000173933	0.028750305882265
ENSG00000173914	-0.00381054191792911
ENSG00000173653	-0.1538143074055
ENSG00000173237	0.000643007583238273
ENSG00000172830	-0.04336840875174
ENSG00000175482	-0.139664930431868
ENSG00000175505	0.77288054250898
ENSG00000275484	0.242580247936342
ENSG00000172508	0.0799848398793893
ENSG00000175634	0.021093095607939
ENSG00000175544	0.0112285705018568
ENSG00000110711	-0.127587971973724
ENSG00000110697	-0.0428214680879385
ENSG00000167797	0.200744902308882
ENSG00000167792	-0.111979437185918
ENSG00000231793	0.351281231763189
ENSG00000132744	0.827073035986141
ENSG00000110057	0.0454428994409462
ENSG00000110717	0.0292663639709333
ENSG00000110719	0.3235301973768
ENSG00000255031	-0.298480143880882
ENSG00000110721	0.0355495909593812
ENSG00000171067	-0.0694174133784181
ENSG00000110075	-0.0208093399553907
ENSG00000110090	0.0126122335551612
ENSG00000284713	-0.522497881559799
ENSG00000255980	-0.221404189607417
ENSG00000110092	-0.432234454825597
ENSG00000149716	-0.0928027532438257
ENSG00000289074	-0.25051914901643
ENSG00000131626	0.10161180670086
ENSG00000085733	0.107102870037165
ENSG00000172893	0.237055233374149
ENSG00000254682	0.667580161381352
ENSG00000172890	0.158663486056031
ENSG00000244411	0.175378684788104
ENSG00000204572	0.00206768832649237
ENSG00000254593	-0.100128880059084
ENSG00000137522	-0.0598829453806926
ENSG00000137496	0.191692118677727
ENSG00000137497	0.198734111556699
ENSG00000184154	-0.0415114422310319
ENSG00000165457	-0.565807352871866
ENSG00000162129	-0.200585482222847
ENSG00000186642	-0.727801880891393
ENSG00000186635	-0.318399197718429
ENSG00000286555	-0.485872637948601
ENSG00000214530	-0.140267591150354
ENSG00000168010	-0.0855918159535715
ENSG00000054967	0.240027333253809
ENSG00000054965	-0.160855632417054
ENSG00000256448	0.688667893035246
ENSG00000175582	-0.153143681690976
ENSG00000175581	-0.141475005181838
ENSG00000175567	0.177383236100937
ENSG00000175564	-0.210265427861212
ENSG00000168014	-0.0762781729519965
ENSG00000214517	-0.0963470532299337
ENSG00000206913	0.13720295664396
ENSG00000175538	-0.608797359535624
ENSG00000175536	-0.367864480586385
ENSG00000254837	-0.217615726081013
ENSG00000166439	-0.0632568671124667
ENSG00000162139	-0.194897856308797
ENSG00000137491	-0.160298077850374
ENSG00000149243	-0.0326963025875173
ENSG00000158555	-0.0282025044472748
ENSG00000149257	1.74430415353233
ENSG00000171533	-0.14421976893553
ENSG00000198382	-0.0557491685513844
ENSG00000255421	-0.24963858646488
ENSG00000137492	0.0397840997204637
ENSG00000179240	-0.263709874069715
ENSG00000158636	-0.00380297687384905
ENSG00000254810	0.385093502683167
ENSG00000236304	0.258627789899071
ENSG00000137507	1.06715401253683
ENSG00000137474	-0.00878838124759922
ENSG00000048649	-0.0640644568264514
ENSG00000151366	-0.113941148285768
ENSG00000188997	0.0855056026037621
ENSG00000118369	0.139685759965568
ENSG00000182103	0.163684402968914
ENSG00000137502	-0.155180978972148
ENSG00000247137	0.159140206433808
ENSG00000137494	-0.10682629217223
ENSG00000137500	-0.175452616207202
ENSG00000150672	-0.154441764550317
ENSG00000171204	-0.0560007835892395
ENSG00000171202	-0.170823106002325
ENSG00000074266	-0.0538863869499703
ENSG00000255222	0.15659587610703
ENSG00000149196	-0.110291562981809
ENSG00000150687	0.131308306400146
ENSG00000174804	0.245579298752012
ENSG00000109861	-0.152412052753241
ENSG00000280385	0.0819765786056835
ENSG00000110172	0.113894668342563
ENSG00000180773	-0.0932634391453093
ENSG00000166002	-0.217533705949046
ENSG00000166004	-0.114946291205341
ENSG00000207145	0.123932002059749
ENSG00000042429	-0.0238075865480253
ENSG00000214376	-0.298462906908805
ENSG00000110218	-0.115174721866466
ENSG00000020922	-0.0914802306720353
ENSG00000196371	-0.219522832359283
ENSG00000280167	-0.296103934048093
ENSG00000166025	0.0633257222215221
ENSG00000150316	-0.0684840582537208
ENSG00000149218	-0.164124692636272
ENSG00000270689	0.20187307008162
ENSG00000149212	-0.0563968809496293
ENSG00000149231	0.0566182476773837
ENSG00000137693	0.261194256011404
ENSG00000023445	0.639276713265267
ENSG00000288833	0.0535144778555535
ENSG00000110330	-0.125275726820931
ENSG00000255337	-0.071593458102821
ENSG00000196954	0.374226331792495
ENSG00000137752	0.394492166849812
ENSG00000204397	0.333909360265248
ENSG00000152578	-0.265694197858825
ENSG00000170903	-0.158820856663379
ENSG00000225215	-0.0433726609780653
ENSG00000149311	-0.299829091919362
ENSG00000178202	0.11975298831223
ENSG00000137714	-0.00609045047277744
ENSG00000214290	0.201864436397184
ENSG00000204381	0.403087352100626
ENSG00000170145	-0.0642408518605553
ENSG00000137713	0.0245955041073863
ENSG00000086848	-0.12848330674949
ENSG00000137720	0.0462450750580725
ENSG00000109846	0.100530631696447
ENSG00000149300	-0.231615374807017
ENSG00000150776	-0.13160152418943
ENSG00000204370	0.0010541332815852
ENSG00000150782	-0.205625922320305
ENSG00000197580	-0.311213488691732
ENSG00000150787	-0.117106723552918
ENSG00000250303	-0.0491678955089971
ENSG00000247416	-0.201499185546933
ENSG00000149292	0.129548436196049
ENSG00000270179	0.896494482349812
ENSG00000255710	0.327021236715584
ENSG00000109906	0.074596038315785
ENSG00000166741	0.625082460204774
ENSG00000076053	0.128052902311218
ENSG00000109917	-0.0962538645107947
ENSG00000118137	0.428485015918381
ENSG00000235910	0.108583710183501
ENSG00000160584	0.0285160310730563
ENSG00000168092	0.0086287440315483
ENSG00000149577	-0.110362379545087
ENSG00000149591	1.40241462112929
ENSG00000280143	-0.0976097085398475
ENSG00000186318	-0.308505298241433
ENSG00000276505	-0.366566700125638
ENSG00000110274	-0.0825300324764458
ENSG00000177103	-0.0392074261205558
ENSG00000110324	-0.266801476966592
ENSG00000160593	-0.0994503081381711
ENSG00000149573	1.22969202297657
ENSG00000198851	-0.0809017188294403
ENSG00000167286	-0.0151821603316703
ENSG00000118058	-0.0448475113032797
ENSG00000019144	0.105815720601349
ENSG00000255176	0.442812961513577
ENSG00000186174	0.259878902029073
ENSG00000255121	-0.311097458357778
ENSG00000186166	0.249106042815335
ENSG00000240970	-0.0104310356277783
ENSG00000254428	-0.449501094737985
ENSG00000254909	0.668832961297502
ENSG00000196655	-0.125750000371175
ENSG00000149428	0.269670425795258
ENSG00000272186	0.0240811248918868
ENSG00000160695	-0.0771073318732487
ENSG00000256269	-0.0516317474934658
ENSG00000188486	-0.0794859001975675
ENSG00000172269	-0.0552947089077318
ENSG00000172273	-0.0590597058060411
ENSG00000110395	-0.0710910082946802
ENSG00000076706	1.1172569348814
ENSG00000173456	-0.43601689636921
ENSG00000235718	0.00626370787283738
ENSG00000036672	0.227328700089644
ENSG00000110400	-0.257398967057327
ENSG00000255216	-0.332274571615494
ENSG00000184232	0.323464433763393
ENSG00000181264	-0.308043746389146
ENSG00000196914	0.125582784153537
ENSG00000154114	-0.0815088883227029
ENSG00000109929	-0.0576992696947853
ENSG00000137642	-0.384259447867678
ENSG00000255248	-0.0324489194673534
ENSG00000200879	0.33623797215878
ENSG00000254449	0.362388118780182
ENSG00000166261	-0.0444399756027729
ENSG00000110002	0.0283219558794119
ENSG00000149564	0.707877893362635
ENSG00000120458	-0.169211774508619
ENSG00000154133	0.47404817685073
ENSG00000165478	-0.0506198884912048
ENSG00000285825	-0.348148226919201
ENSG00000134955	-0.487473131067774
ENSG00000150433	-0.0696717978339651
ENSG00000149557	-0.186986979235386
ENSG00000255537	-0.110264352475822
ENSG00000110060	0.0303776271238578
ENSG00000197798	-0.195281009978995
ENSG00000182934	0.101971778689352
ENSG00000110063	-0.219529231181505
ENSG00000110080	-0.263296027400298
ENSG00000134954	0.409151169902864
ENSG00000151702	0.0242804839851128
ENSG00000174370	-0.622725004146052
ENSG00000149418	-0.504653176865739
ENSG00000120451	-0.0558719860449181
ENSG00000182667	-0.0937797975642476
ENSG00000224795	0.0321900304748307
ENSG00000151500	-0.152777642686584
ENSG00000151498	0.0127952430740545
ENSG00000109956	-0.31661349355608
ENSG00000073614	0.0384743830915366
ENSG00000177406	-0.190122351776174
ENSG00000002016	-0.108254428523294
ENSG00000250132	-0.300768551336167
ENSG00000171823	-0.0559475280056665
ENSG00000006831	-0.0852081852773518
ENSG00000243663	0.0304284216048314
ENSG00000235049	-0.414987309907774
ENSG00000004478	0.35674210038516
ENSG00000111203	0.0320235496026894
ENSG00000288984	0.195312445490549
ENSG00000278356	0.315331987145589
ENSG00000250899	0.505382995814804
ENSG00000227081	0.143069435623985
ENSG00000280202	-0.119954148832254
ENSG00000118971	0.179707517569931
ENSG00000047621	-0.124755901433751
ENSG00000139180	-0.0086947701569678
ENSG00000110799	0.700909116450168
ENSG00000067182	0.62622328236158
ENSG00000111321	0.324560105122783
ENSG00000256433	0.73516067261845
ENSG00000215039	-0.283772504726486
ENSG00000139190	-0.764171733959982
ENSG00000111639	-0.00810190068128826
ENSG00000111641	0.374546596553264
ENSG00000111642	0.0762648376561507
ENSG00000247853	0.0133104261657457
ENSG00000184574	-0.185183729132612
ENSG00000111644	-0.296998485478379
ENSG00000111653	-0.236498570653625
ENSG00000289303	0.00288309649618528
ENSG00000111652	-0.215983098605321
ENSG00000089693	-0.0547997336051282
ENSG00000159335	0.0711724550861809
ENSG00000010610	-0.242122578207825
ENSG00000111667	-0.259070079070709
ENSG00000240370	0.00200385698498298
ENSG00000248593	0.114436352583783
ENSG00000111679	0.260747958392731
ENSG00000215021	-0.0794015125281262
ENSG00000111684	0.0774465986955515
ENSG00000159403	1.46433438901948
ENSG00000139178	0.859884363999679
ENSG00000205885	0.145269545323851
ENSG00000139197	-0.0353316650440927
ENSG00000255836	0.176946609121177
ENSG00000177575	0.315916012850259
ENSG00000059804	0.588221691768564
ENSG00000171860	-0.205519674840556
ENSG00000171847	-0.129422650610475
ENSG00000284673	-0.00018551896266559
ENSG00000166523	0.584153745719513
ENSG00000003056	-0.232864477103367
ENSG00000245105	-0.426501811884747
ENSG00000175899	0.0270383379832026
ENSG00000237248	-0.078228878683433
ENSG00000111796	0.196212713296229
ENSG00000257027	-0.50538432646576
ENSG00000110852	0.319558290510623
ENSG00000197992	0.0889003074453045
ENSG00000150048	0.301739339524669
ENSG00000213809	-0.0480011492537327
ENSG00000060138	0.907903191204881
ENSG00000212125	0.887398244391065
ENSG00000255837	0.871386829704261
ENSG00000212124	0.0644780863820893
ENSG00000256981	0.420715095401339
ENSG00000139083	0.212552932070384
ENSG00000205791	-0.140883713648492
ENSG00000111266	0.102558796671519
ENSG00000111269	-0.375639949733712
ENSG00000183150	-0.158497009624985
ENSG00000178878	-0.028693069923528
ENSG00000013588	0.515389227893049
ENSG00000183935	-0.0812468573105842
ENSG00000134531	1.04842910607507
ENSG00000084463	-0.0317126463007602
ENSG00000111341	1.68123739202054
ENSG00000111348	0.0663108893925275
ENSG00000151491	0.124349415581309
ENSG00000008394	0.134140979247902
ENSG00000121350	-9.75761622663092e-05
ENSG00000121361	0.485920255761445
ENSG00000133703	-0.0113193724008949
ENSG00000274987	0.0682970114822834
ENSG00000275197	-0.961890706416951
ENSG00000246695	-0.110172304457121
ENSG00000123094	-0.207048196434499
ENSG00000123095	-0.346502693657617
ENSG00000123096	0.00613773129358231
ENSG00000256894	-0.732028854861902
ENSG00000064102	-0.458008162304452
ENSG00000111790	-0.154310879119434
ENSG00000064115	-0.201122883046638
ENSG00000152944	-0.067209616852949
ENSG00000214700	0.0207881955825058
ENSG00000211455	-0.0919743391229044
ENSG00000174236	-0.152497102570619
ENSG00000276261	-0.107302767427665
ENSG00000087448	-0.134514570982262
ENSG00000275278	0.602430926838239
ENSG00000257176	0.0538034953037052
ENSG00000133704	0.0330452128302384
ENSG00000139146	0.102230594258124
ENSG00000139160	-0.096419046282923
ENSG00000223722	0.734762840898014
ENSG00000174718	-0.101100850830813
ENSG00000277342	-0.356994843699676
ENSG00000139132	-0.201715500129443
ENSG00000087470	-0.0610467967758414
ENSG00000257511	0.270885648620872
ENSG00000139133	-0.0820362296494059
ENSG00000257718	0.227468187949553
ENSG00000139116	-0.208169664880181
ENSG00000188906	-0.252042579978252
ENSG00000018236	0.0647473026401391
ENSG00000274682	0.450906143262898
ENSG00000177119	0.042075228155893
ENSG00000278475	0.521990759568295
ENSG00000111371	0.0181531674558736
ENSG00000274591	0.623023190287133
ENSG00000274723	0.0226106175458251
ENSG00000247774	0.0383448304902431
ENSG00000257433	-0.0848208493476256
ENSG00000111405	0.0933277240164726
ENSG00000280054	0.0865042575077041
ENSG00000079337	-0.11088175925845
ENSG00000211584	-0.154614689662027
ENSG00000061273	0.187859243953242
ENSG00000134291	0.0354598706293853
ENSG00000177981	-0.116124992916876
ENSG00000274124	-0.665461022178097
ENSG00000275228	0.560141689909454
ENSG00000187166	0.0381965003773811
ENSG00000167528	-0.148528595228422
ENSG00000257763	0.111119597973998
ENSG00000129315	0.0704426336365634
ENSG00000174233	0.0817317575676049
ENSG00000174243	0.0311418715834539
ENSG00000172602	0.974435728019239
ENSG00000239617	-0.36186635363887
ENSG00000134285	0.0406282369946514
ENSG00000134287	-0.102060091518192
ENSG00000181929	-0.153470021980881
ENSG00000167548	0.153024952085288
ENSG00000167550	-0.383133016025873
ENSG00000139636	0.0497518597540635
ENSG00000167552	-0.0150469422449825
ENSG00000167553	0.354693396750469
ENSG00000135406	-0.685949721765563
ENSG00000257464	0.809554887644511
ENSG00000187778	-0.128772299977638
ENSG00000161791	0.0325712884387825
ENSG00000258057	-0.0850799959379448
ENSG00000135472	-0.388911873939392
ENSG00000066117	0.0385143178998898
ENSG00000167588	0.0273927077568599
ENSG00000050405	0.150448463373923
ENSG00000161813	0.0372121660819384
ENSG00000066084	-0.229697782566079
ENSG00000123268	0.0656253669677438
ENSG00000185432	0.142313977556635
ENSG00000110911	-0.246540846391115
ENSG00000050426	-0.0993082647819274
ENSG00000110925	-0.0319062470705843
ENSG00000135457	-0.0734167006397167
ENSG00000184271	-0.0150203309511834
ENSG00000183283	-0.0385116798437586
ENSG00000110934	-0.0155466301395665
ENSG00000050438	0.0328029112087485
ENSG00000284730	0.167880274284712
ENSG00000139567	0.648650252468933
ENSG00000135503	-0.0335803852148784
ENSG00000123395	-0.11185796794054
ENSG00000205426	-0.104784986902657
ENSG00000287051	-0.230817622505142
ENSG00000257829	-0.560612387900343
ENSG00000170523	0.127567991824746
ENSG00000205420	-0.0810123510826175
ENSG00000111077	-0.196052711676102
ENSG00000139651	-0.240196017316581
ENSG00000172819	0.0913139866942442
ENSG00000139637	-0.166930272812142
ENSG00000094914	0.0393212012256228
ENSG00000282977	0.159895299000652
ENSG00000170653	0.00975182169385391
ENSG00000012822	-0.0771349224487742
ENSG00000198353	-0.309252995559336
ENSG00000250654	-0.191090685917167
ENSG00000123415	-0.191500269335809
ENSG00000250742	-0.0155668528333691
ENSG00000094916	-0.090750948506471
ENSG00000139572	1.3352063703835
ENSG00000161638	0.557789664883392
ENSG00000123338	-0.232576055942471
ENSG00000135447	0.270870513318263
ENSG00000135441	0.0112943500915948
ENSG00000135404	0.0357118328237953
ENSG00000135414	0.00664200489939052
ENSG00000135392	-0.0887054539056961
ENSG00000182796	-0.310079157427876
ENSG00000065357	0.323704612659176
ENSG00000273973	-0.236580477399205
ENSG00000123374	0.473123009950211
ENSG00000111540	-0.133787508685577
ENSG00000139531	-0.0272648564673199
ENSG00000123411	-0.13390565840908
ENSG00000065361	0.240046196654595
ENSG00000229117	0.0893070259790325
ENSG00000135482	-0.0696851164254308
ENSG00000092841	0.0646879342370033
ENSG00000139613	-0.0435907071112879
ENSG00000139579	-0.0639710248994503
ENSG00000257303	-0.126438355390665
ENSG00000257740	-0.172255234779799
ENSG00000135473	-0.0620265913116469
ENSG00000176422	-0.0887728060017706
ENSG00000076067	0.200471538744734
ENSG00000076108	0.219450114244532
ENSG00000110958	-0.101492542800826
ENSG00000241217	-0.289248666687925
ENSG00000166881	-0.28162314872747
ENSG00000166886	0.0544622054187787
ENSG00000166888	0.197621223624528
ENSG00000182199	0.170090152805545
ENSG00000185482	-0.400335280042442
ENSG00000179912	-0.085544361827938
ENSG00000123329	0.180806868390042
ENSG00000166986	0.118063498785417
ENSG00000175197	0.624577223533324
ENSG00000166987	0.275703908189538
ENSG00000175203	-0.10783877827545
ENSG00000135506	-0.0358102313745032
ENSG00000037897	0.467664030939599
ENSG00000135407	-0.0470254104720144
ENSG00000175215	-0.145803722030721
ENSG00000257698	-0.110118108904157
ENSG00000135655	0.00829900195446579
ENSG00000061987	0.103881280204321
ENSG00000221949	-0.286969916712521
ENSG00000257354	0.294065994599718
ENSG00000275180	0.21618183818859
ENSG00000166148	0.155490474640865
ENSG00000153179	-0.0610155424330414
ENSG00000174099	0.0283673832260933
ENSG00000090376	0.160469861341096
ENSG00000111554	0.0142559803299167
ENSG00000111581	-0.0131257098939727
ENSG00000175782	-0.397898016000845
ENSG00000135679	-0.178541546676251
ENSG00000090382	-0.297841228243571
ENSG00000241765	-0.289946782013731
ENSG00000135643	0.24746904598127
ENSG00000139292	-0.0437012783796396
ENSG00000277223	-0.022344513331075
ENSG00000288530	-0.12768496330743
ENSG00000173451	-0.157203486112838
ENSG00000257802	0.201258384680683
ENSG00000139278	-0.124116946467521
ENSG00000257497	0.0221636476988167
ENSG00000139289	0.235408669694599
ENSG00000257941	-0.354786672376517
ENSG00000175183	0.494950801663417
ENSG00000277130	0.629228556868053
ENSG00000239473	-0.272842966555669
ENSG00000179104	-0.0700159250611975
ENSG00000072041	-0.225023059717547
ENSG00000049130	0.148946823988602
ENSG00000278011	0.829798040682491
ENSG00000139318	0.216807812764872
ENSG00000271327	-0.222800026515393
ENSG00000271259	-0.29967680000944
ENSG00000257594	0.521121580176188
ENSG00000277738	-0.0336082454161683
ENSG00000173598	0.517793745111935
ENSG00000271382	-0.22649859116035
ENSG00000258365	0.179715457728782
ENSG00000057704	-0.184007157274684
ENSG00000120798	0.10071911601216
ENSG00000028203	0.0206807870703303
ENSG00000111144	-0.283701705247367
ENSG00000111145	0.243947503150617
ENSG00000279798	0.341225192488724
ENSG00000166130	0.0269100584670799
ENSG00000185046	-0.112403287056956
ENSG00000214203	0.138903195444988
ENSG00000280088	-0.389107474691205
ENSG00000274560	-0.222219553047542
ENSG00000111666	-0.014409796219803
ENSG00000120860	-0.128922900804273
ENSG00000139352	-0.403365265712624
ENSG00000166598	0.254680003981892
ENSG00000204954	-0.152833770338252
ENSG00000111727	0.00893134934382104
ENSG00000198431	-0.0103172597987403
ENSG00000136051	-0.0959114707513091
ENSG00000136044	-0.011178272177682
ENSG00000136026	0.0409263077876544
ENSG00000166046	-0.110698842994284
ENSG00000257711	0.25168782068957
ENSG00000151135	0.268097193477629
ENSG00000120832	-0.0100602251493465
ENSG00000008405	0.0312446070942864
ENSG00000136045	0.087419450365901
ENSG00000198855	0.0606125078963662
ENSG00000287202	-0.00516906638548159
ENSG00000183160	-0.096846480066282
ENSG00000110876	0.043847969010498
ENSG00000110880	-0.0052810796050252
ENSG00000084112	0.0701263359842142
ENSG00000274598	0.277929484260307
ENSG00000110887	0.297089057612003
ENSG00000135093	-0.162304819343569
ENSG00000189046	0.0943240163629659
ENSG00000076248	0.22908982933447
ENSG00000076555	0.204220062456521
ENSG00000110906	0.235055056712683
ENSG00000151148	0.00103986590591949
ENSG00000139428	0.0136874634981415
ENSG00000110921	0.159198056776977
ENSG00000139438	-0.335510264918217
ENSG00000139433	-0.11373008667967
ENSG00000139437	-0.0721693035507181
ENSG00000277299	-0.134001389852943
ENSG00000174456	-0.179111252977536
ENSG00000286220	-0.118552193462634
ENSG00000196510	-0.0966249643144064
ENSG00000111237	-0.0350496122463623
ENSG00000278993	-0.0739982126389072
ENSG00000196850	-0.183459686269201
ENSG00000122986	0.17310473815428
ENSG00000198324	-0.129565782086266
ENSG00000111252	-0.0132288403931099
ENSG00000204842	-0.0295964699458893
ENSG00000089234	-0.0952021192792102
ENSG00000258359	-1.20818155398716
ENSG00000111271	-0.01406769878791
ENSG00000111275	0.289823966215982
ENSG00000089022	-0.00652312498330738
ENSG00000089248	-0.143461517089485
ENSG00000111300	0.0792501216505127
ENSG00000173064	-0.11137467224711
ENSG00000089127	-0.370792661936365
ENSG00000111331	-0.244370898270376
ENSG00000111335	-0.131864376625641
ENSG00000186815	-0.11911993292318
ENSG00000277566	-0.368940697072214
ENSG00000151176	-0.319769766404647
ENSG00000257231	0.889369410925094
ENSG00000111412	-0.299733323159379
ENSG00000135119	-0.227053165181441
ENSG00000135116	-0.0149112329523604
ENSG00000174989	-0.064572680682784
ENSG00000088992	0.0358458014901686
ENSG00000135108	0.0976441168770625
ENSG00000111445	-0.0799185854740853
ENSG00000176834	-0.0249960383122041
ENSG00000089220	0.0733639306555749
ENSG00000135090	-0.189011446813582
ENSG00000275409	-0.144436171713185
ENSG00000111725	0.0174483001201839
ENSG00000135127	-0.230933790775507
ENSG00000111737	-0.0645525820940911
ENSG00000277283	-0.0705678091334283
ENSG00000089157	-0.153947191670141
ENSG00000255857	-0.0226204393662897
ENSG00000089159	0.242173505746879
ENSG00000286067	0.107788982518144
ENSG00000089163	-0.223281306272462
ENSG00000088986	-0.166317758958745
ENSG00000110871	-0.206233898980053
ENSG00000022840	-0.00949294372440567
ENSG00000167272	-0.0202635871517341
ENSG00000110917	0.0291171496894252
ENSG00000157837	-0.065037274676582
ENSG00000135114	0.0546254658404562
ENSG00000089041	-0.384917592031027
ENSG00000089053	-0.0984892807818191
ENSG00000276045	0.231823858652162
ENSG00000110801	0.0189958759480925
ENSG00000175727	0.110426890915374
ENSG00000139719	-0.163606535902282
ENSG00000130779	0.0218269856218741
ENSG00000033030	0.0133699770952778
ENSG00000182782	0.349542281656672
ENSG00000139726	-0.0807160475726945
ENSG00000130787	0.190943969591411
ENSG00000280138	-0.0836170018677569
ENSG00000150967	-0.0406402875841282
ENSG00000090975	0.158105184357526
ENSG00000130921	-0.0794919823453325
ENSG00000139697	-0.13187525058928
ENSG00000184209	-0.0099299925013522
ENSG00000274427	-0.598017272954601
ENSG00000247373	-0.063335954637051
ENSG00000111358	0.10467468657
ENSG00000185344	-0.0240906462109296
ENSG00000119242	-0.127912565244294
ENSG00000270130	-0.736975842508906
ENSG00000269938	0.29784791629705
ENSG00000275389	0.267319838211627
ENSG00000196498	0.0367937604837882
ENSG00000150990	0.0493933806083235
ENSG00000184992	-0.223472827150957
ENSG00000081760	-0.0271377844912705
ENSG00000250208	0.307089699184144
ENSG00000060709	-0.164326681985092
ENSG00000279905	-0.0917051324163642
ENSG00000132341	-0.0354560487742656
ENSG00000061936	0.072425791135075
ENSG00000177192	0.115977291059272
ENSG00000273568	0.133135655859283
ENSG00000185684	0.0277314720289991
ENSG00000185163	0.153722979400193
ENSG00000176894	-0.0915236723725892
ENSG00000247077	-0.0680127949450545
ENSG00000176915	0.161559912009385
ENSG00000090615	-0.118505239778197
ENSG00000196458	-0.234979755547793
ENSG00000198393	0.0265491620370298
ENSG00000214029	-0.0652714580257563
ENSG00000256223	0.252593170249103
ENSG00000090612	-0.0735508961606017
ENSG00000280208	-0.120640337901904
ENSG00000196199	-0.130031315676932
ENSG00000121390	0.0185985633741025
ENSG00000132950	0.156053085453248
ENSG00000275964	-0.0511690928190074
ENSG00000289235	-0.484713829554293
ENSG00000121741	0.0274954672667078
ENSG00000237672	0.303375797951331
ENSG00000165475	-0.0452619186682646
ENSG00000279135	-0.168175977382294
ENSG00000150457	0.230432443826984
ENSG00000289133	-0.223954267296384
ENSG00000233325	0.0505161043546355
ENSG00000215571	-0.419856099327752
ENSG00000236953	-0.0404830369954121
ENSG00000151835	-0.195429952015755
ENSG00000182957	-0.141045773248273
ENSG00000139505	-0.146234969391204
ENSG00000260509	0.684086435592204
ENSG00000139496	-0.0121766048642041
ENSG00000180730	0.329436433644139
ENSG00000122035	0.464154988039717
ENSG00000122034	-0.199277480504463
ENSG00000169840	0.141653554613977
ENSG00000122025	-0.287247606739856
ENSG00000152520	-0.0116150839752203
ENSG00000102755	0.285426518804486
ENSG00000279393	0.00788205493576919
ENSG00000233588	0.774231020705659
ENSG00000279149	-0.214881074312505
ENSG00000213411	-0.229812511141457
ENSG00000132965	0.0442143982955063
ENSG00000102802	1.06508419816763
ENSG00000120694	0.749475856796753
ENSG00000139597	0.0806081034521502
ENSG00000276672	0.0524916682875375
ENSG00000133104	-0.0642734068396243
ENSG00000133111	0.322366292553618
ENSG00000236711	-0.145975831302624
ENSG00000133110	0.403769808541873
ENSG00000188811	-0.14473726440412
ENSG00000120690	-0.148440963373703
ENSG00000120688	-0.177113541192926
ENSG00000120662	-0.14429576211565
ENSG00000172766	0.103073317985157
ENSG00000102760	0.367998746651638
ENSG00000133106	-0.152994121705395
ENSG00000232540	0.642991350857471
ENSG00000277831	0.44090739636823
ENSG00000151778	-0.168167802838715
ENSG00000102804	0.300372398321779
ENSG00000230793	-0.0410889243305124
ENSG00000083635	0.00928059026634948
ENSG00000133112	-0.0765409089235892
ENSG00000174032	0.183883422139733
ENSG00000136152	0.00879138464701298
ENSG00000235903	-0.14013884261138
ENSG00000173988	-0.199441453155909
ENSG00000251106	-0.326997990412001
ENSG00000102445	-0.0637404380250407
ENSG00000139684	-0.0626020147629595
ENSG00000136146	-0.00494943966207759
ENSG00000139679	0.202973512623012
ENSG00000136161	-0.114934505700234
ENSG00000225131	0.0784823450621343
ENSG00000231665	0.0618046121696914
ENSG00000136144	-0.186273523274377
ENSG00000123179	-0.160611315682771
ENSG00000123178	-0.0824136998310402
ENSG00000198553	-0.331271624829236
ENSG00000150510	0.00321726581641237
ENSG00000224892	-1.04630279991997
ENSG00000102796	-0.122728646062799
ENSG00000231856	0.0201624373026803
ENSG00000232872	-0.348611073842344
ENSG00000123191	-0.10547727035204
ENSG00000136098	0.219460844864105
ENSG00000243406	0.0653314409182785
ENSG00000136114	0.0941936622964098
ENSG00000165416	-0.243953108508167
ENSG00000118946	-0.0835718904352542
ENSG00000083544	-0.0164484087874654
ENSG00000280165	-0.641423947889934
ENSG00000232380	-0.194492589639979
ENSG00000236534	0.210667151656826
ENSG00000083520	0.104310868090528
ENSG00000188243	-0.153971953680415
ENSG00000178695	0.323031213321399
ENSG00000139737	-0.145690035695837
ENSG00000227354	-0.0227702277663348
ENSG00000272515	-0.265687371518328
ENSG00000125285	0.0794703209270701
ENSG00000247400	-0.0611593092219965
ENSG00000276809	0.109833871752075
ENSG00000102595	-0.082843529894801
ENSG00000139793	-0.16879765836816
ENSG00000125249	-0.215867447577583
ENSG00000276704	0.356165448851973
ENSG00000088387	0.0790648984873209
ENSG00000260992	-0.303245563677033
ENSG00000134882	0.0335590757350505
ENSG00000280734	-0.252213652740743
ENSG00000228501	-0.21112847900929
ENSG00000280169	-0.0206950249980466
ENSG00000125247	0.0597615216920601
ENSG00000102452	-0.166575987735161
ENSG00000134900	-0.029940387543579
ENSG00000134901	-0.0632122263858419
ENSG00000272542	0.0976914211678662
ENSG00000125266	0.29888014401265
ENSG00000102524	-0.301916193639697
ENSG00000274331	0.319451664290685
ENSG00000276269	0.392716185320534
ENSG00000187498	0.657504878582602
ENSG00000134871	0.543948016418843
ENSG00000213995	-0.00980044342997203
ENSG00000134905	-0.0600777117809866
ENSG00000153487	0.194536729287147
ENSG00000102606	-0.112097060909029
ENSG00000182968	-0.336079728139085
ENSG00000277159	-0.425625813476224
ENSG00000274922	0.0183524614598627
ENSG00000126226	0.145593788770427
ENSG00000185896	-0.115147454386288
ENSG00000150401	-0.120120153757476
ENSG00000276248	0.431247283692035
ENSG00000183087	-0.0181917926605764
ENSG00000185989	0.0626749839168055
ENSG00000198824	-0.0690678747434096
ENSG00000260615	-0.824771643074085
ENSG00000100814	0.183531099055685
ENSG00000287735	0.137091018791605
ENSG00000129484	0.0184151350787035
ENSG00000129566	0.0287248140795879
ENSG00000258515	-0.0527707461160332
ENSG00000100823	-0.0196170949457146
ENSG00000198805	0.859148431778807
ENSG00000258818	0.854445502291829
ENSG00000169413	-0.559680024273022
ENSG00000258810	-0.562047949724972
ENSG00000169397	0.262066287338907
ENSG00000136315	0.700574835093133
ENSG00000169385	0.329239370180767
ENSG00000165801	0.0383204778958713
ENSG00000100888	-0.0779804743229034
ENSG00000129472	-0.184391157476551
ENSG00000092203	0.0240029797741464
ENSG00000165819	0.124710756533595
ENSG00000211794	-0.504231187199591
ENSG00000129562	-0.184004954458262
ENSG00000100439	-0.0162678825781334
ENSG00000155465	-0.473832383229901
ENSG00000172590	-0.0653248615863352
ENSG00000157227	0.464307007246011
ENSG00000100462	0.114693172730332
ENSG00000092036	-0.0224506586054347
ENSG00000100802	0.00511236128100473
ENSG00000280129	0.321893899050358
ENSG00000100804	-0.182404023626261
ENSG00000100813	-0.0709602030082439
ENSG00000179933	-0.140745667551027
ENSG00000092067	-0.241714709396087
ENSG00000235194	-0.160478890225114
ENSG00000100842	-0.051868969362328
ENSG00000166091	-0.242366382773416
ENSG00000273618	-0.371372570557707
ENSG00000258727	-0.0460886515145439
ENSG00000215256	-0.162384904057598
ENSG00000129535	-0.0345782605163966
ENSG00000100889	0.0320717905780794
ENSG00000100897	-0.0991824971741129
ENSG00000092010	0.0413406117600466
ENSG00000259321	0.598073350244006
ENSG00000100911	0.292030673995881
ENSG00000092098	0.177711556845348
ENSG00000213928	0.294133279603638
ENSG00000100918	0.393898745433128
ENSG00000196497	0.215777766082086
ENSG00000139908	0.00280386341609088
ENSG00000254505	0.0311349329408896
ENSG00000213920	0.021928881782517
ENSG00000100938	-0.127755313793743
ENSG00000092330	0.0262749184055718
ENSG00000196943	-0.146823127508341
ENSG00000213906	-0.0805772665579699
ENSG00000213903	0.0135172460873403
ENSG00000129467	0.134088478185755
ENSG00000129465	-0.208412930611447
ENSG00000100441	0.0383579768311745
ENSG00000100453	0.306863684618349
ENSG00000139910	-0.128815250893856
ENSG00000092148	-0.163641906577745
ENSG00000129480	0.00924703818141415
ENSG00000129518	0.0709622571132491
ENSG00000243824	0.545715764684899
ENSG00000198604	0.0429898414438486
ENSG00000258738	0.679613239457193
ENSG00000226677	0.0681257515428157
ENSG00000100902	0.0216074529590542
ENSG00000100906	0.651245249221535
ENSG00000258844	-0.0303313122881844
ENSG00000136327	-0.33260519489243
ENSG00000258708	-0.0877461060147937
ENSG00000258696	-0.181538110763711
ENSG00000259070	-0.0748471286275331
ENSG00000100934	0.147478255614821
ENSG00000182400	-0.140165560060458
ENSG00000100941	0.116199714922592
ENSG00000129534	-0.224082581943862
ENSG00000244053	-0.117565604435824
ENSG00000165501	-0.0684782087499188
ENSG00000165516	-0.256773291863256
ENSG00000165527	0.179195780365238
ENSG00000087299	-0.0848727844387441
ENSG00000125375	-0.0507622542543397
ENSG00000012983	0.128405219897998
ENSG00000198513	-0.287172034374809
ENSG00000269906	0.545272124137368
ENSG00000100504	0.0223663175315909
ENSG00000100505	0.053841212225651
ENSG00000139921	0.105968533593303
ENSG00000273888	0.0876651950146684
ENSG00000125384	-0.243782172095612
ENSG00000197930	-0.0360067404333935
ENSG00000100522	-0.124441369559736
ENSG00000288045	0.396366890083898
ENSG00000100523	-0.119066183150401
ENSG00000020577	-0.191113110179668
ENSG00000131979	0.178509807096706
ENSG00000168175	0.404159306086553
ENSG00000289523	0.471291234339473
ENSG00000126775	-0.0698405479890952
ENSG00000259318	0.534893936711485
ENSG00000139946	-0.0209196402459377
ENSG00000070269	-0.11027100552703
ENSG00000139977	-0.00139555898160406
ENSG00000100567	0.118019391584243
ENSG00000126773	-0.0150618610399124
ENSG00000100625	-0.131046733241605
ENSG00000100644	0.514856774845995
ENSG00000288928	-0.286940328778897
ENSG00000279633	0.125628957024388
ENSG00000126785	0.432729833055855
ENSG00000271511	-0.0996767239198983
ENSG00000100714	0.0347600791613857
ENSG00000126804	-0.151646185023782
ENSG00000126803	-0.180248841635831
ENSG00000165807	-0.0867327095792086
ENSG00000126822	0.0494194796943452
ENSG00000257365	-0.537991690614115
ENSG00000272158	0.27827718944577
ENSG00000125952	-0.0689749418662063
ENSG00000259078	-0.189562675145384
ENSG00000033170	-0.148481054422868
ENSG00000276116	0.264874587173103
ENSG00000054690	-0.118213736734244
ENSG00000259648	0.0539026287059425
ENSG00000081181	0.000648206286356472
ENSG00000258626	0.0154596706219614
ENSG00000072042	-0.101182412761962
ENSG00000185650	0.538989569562874
ENSG00000072110	0.457728133251934
ENSG00000139990	-0.0345842979414445
ENSG00000100632	0.100249106859077
ENSG00000029364	-0.178287388352286
ENSG00000100647	0.173647383884426
ENSG00000198732	-0.0956173350428725
ENSG00000133983	-0.167134959639532
ENSG00000119707	0.0597447812717845
ENSG00000080815	-0.36268109442309
ENSG00000258376	-0.163368684498415
ENSG00000133961	-0.0597521728519903
ENSG00000156030	0.10923971789952
ENSG00000140043	-0.0997543753165254
ENSG00000156050	-0.103169686749996
ENSG00000119723	-0.102859135127784
ENSG00000187097	-0.145996378493132
ENSG00000119682	-0.135680995072575
ENSG00000258439	0.0366237896976723
ENSG00000119596	0.012308089010636
ENSG00000119689	0.122182640635018
ENSG00000198208	0.135917377084263
ENSG00000119640	-0.0565298278699665
ENSG00000119638	-0.109419096349957
ENSG00000273565	0.10509230187877
ENSG00000140044	-0.2450664525629
ENSG00000156127	0.0784594890755403
ENSG00000119685	-0.146755551277579
ENSG00000133935	-0.182499411047477
ENSG00000119699	0.438142628099417
ENSG00000259081	-0.270150367565924
ENSG00000119669	0.31436215757992
ENSG00000198894	-0.0608722662724913
ENSG00000100577	-0.0855990305443353
ENSG00000151445	-0.100486996015075
ENSG00000100591	-0.284122617642289
ENSG00000165417	0.00458454493365827
ENSG00000100433	-0.0796252844538885
ENSG00000222990	1.17425802554379
ENSG00000258789	-0.0178950721649172
ENSG00000278576	-0.162211681490312
ENSG00000119720	-0.0160198032893902
ENSG00000242571	0.555370473693342
ENSG00000100784	0.0166678460407014
ENSG00000133943	0.0772823102028172
ENSG00000119714	-0.0624272734927291
ENSG00000140092	0.408613628485409
ENSG00000066427	-0.160748694651558
ENSG00000100600	-0.124494925723744
ENSG00000066455	0.0106490085665996
ENSG00000153485	-0.126075483223046
ENSG00000170270	0.102505138610566
ENSG00000012963	-0.0374360025256262
ENSG00000011114	0.0508572294746977
ENSG00000187581	-0.0426962207661038
ENSG00000175785	-0.0510724448168273
ENSG00000089737	-0.0118806755138515
ENSG00000165949	-0.0530194697785557
ENSG00000119632	-0.124426173100665
ENSG00000197249	0.358531858968892
ENSG00000196136	0.792575403537968
ENSG00000247092	-0.0225883449365813
ENSG00000182512	0.114260249212373
ENSG00000227051	-0.0515058208204713
ENSG00000168398	0.24230806893782
ENSG00000066739	-0.126123066748979
ENSG00000090060	-0.0906026445108867
ENSG00000258702	-0.417078715194175
ENSG00000232573	0.179516329608753
ENSG00000066629	-0.0169099357386155
ENSG00000100811	-0.0866429460725311
ENSG00000197119	-0.0596174540805837
ENSG00000258666	0.407877373413901
ENSG00000140105	0.0649013773144163
ENSG00000258521	-0.577731086107506
ENSG00000258581	0.67661550782972
ENSG00000258498	0.36325345303115
ENSG00000197102	-0.114400074618797
ENSG00000080824	0.185333297862162
ENSG00000140153	-0.0254973185043782
ENSG00000022976	-0.0638751878993659
ENSG00000196663	-0.0869921258047074
ENSG00000198752	-0.0252214155135699
ENSG00000278071	0.390061068635746
ENSG00000259775	0.333134021752254
ENSG00000100664	-0.261654798868352
ENSG00000075413	0.0192711922768552
ENSG00000166170	-0.0333090353079611
ENSG00000269958	0.0468974182264401
ENSG00000066735	-0.0711516894991014
ENSG00000258986	-0.501716920775615
ENSG00000203485	-0.0840643666021734
ENSG00000142208	-0.119759350583872
ENSG00000179627	-0.0784014963849633
ENSG00000258701	0.329832107186507
ENSG00000196183	0.103741064310272
ENSG00000258811	0.155211395925974
ENSG00000258593	-0.297597569587952
ENSG00000099814	-0.0577219324835855
ENSG00000166428	0.0354528307903857
ENSG00000170779	0.0995392547106069
ENSG00000183484	0.153350834443033
ENSG00000183828	-0.251365655299332
ENSG00000185024	-0.0470122047487581
ENSG00000179364	-0.306511194195014
ENSG00000251602	-0.34987373446306
ENSG00000182979	0.159985850221533
ENSG00000257270	0.763118147778954
ENSG00000182809	0.284130067848007
ENSG00000213145	0.548881847670667
ENSG00000185347	0.257618685529615
ENSG00000184986	-0.07198004162723
ENSG00000211890	0.461408141224839
ENSG00000211892	0.460561867019985
ENSG00000211899	-0.100401378039776
ENSG00000224373	0.46400145471162
ENSG00000180229	0.409115840650789
ENSG00000276550	-0.721706364271734
ENSG00000277435	0.144589595348448
ENSG00000274253	-0.0930523745956429
ENSG00000140157	-0.0830170219358466
ENSG00000273749	-0.190057090679408
ENSG00000275835	-0.107565624206805
ENSG00000179455	-0.0168045469605136
ENSG00000182636	0.0775304117065752
ENSG00000273173	0.891432339745959
ENSG00000114062	-0.0213564757840557
ENSG00000206190	-0.133353265857325
ENSG00000128731	-0.120258333721044
ENSG00000256338	-0.418724996545975
ENSG00000260844	-0.507248987421428
ENSG00000034053	-0.229347659755014
ENSG00000104067	0.104646734992885
ENSG00000234664	-0.14633070392088
ENSG00000166912	-0.258856054036107
ENSG00000259448	-0.247987087542094
ENSG00000169926	-0.135246817428666
ENSG00000169918	-0.0042561384779744
ENSG00000223509	-0.0244930436471332
ENSG00000166922	-0.263234424182964
ENSG00000259408	0.0230072828347697
ENSG00000182405	-0.329545702193464
ENSG00000182117	-0.114016612357003
ENSG00000259397	-0.408576801714381
ENSG00000274444	-0.436908588786555
ENSG00000236914	-0.178256115523681
ENSG00000166068	0.0300707651398777
ENSG00000259192	-0.0232373586592969
ENSG00000137801	1.57768614743595
ENSG00000261136	-0.175633234336024
ENSG00000140319	-0.11756149440951
ENSG00000137841	0.082290808814998
ENSG00000273855	0.0927825291868961
ENSG00000188549	-0.148608844489199
ENSG00000128928	-0.104925673953963
ENSG00000140320	0.0339277146697961
ENSG00000223313	1.32501978328198
ENSG00000245849	-0.0502872196294155
ENSG00000104129	-0.118629955423327
ENSG00000166140	-0.161788447648744
ENSG00000166145	-0.535125635867632
ENSG00000104142	-0.17436871552681
ENSG00000251161	-0.0899895131731214
ENSG00000128917	0.548648220241565
ENSG00000128965	-0.24606438342847
ENSG00000128908	-0.0116507118541295
ENSG00000137815	-0.105649944402065
ENSG00000092445	-0.183204756150296
ENSG00000243789	-0.147114426493231
ENSG00000166887	-0.170599804817066
ENSG00000214013	-0.110789800243249
ENSG00000092529	-0.548558846238121
ENSG00000103994	-0.172151559233504
ENSG00000092531	0.0604889235476622
ENSG00000137814	-0.143374777015854
ENSG00000159433	0.20321697339453
ENSG00000140326	0.070895151390574
ENSG00000274403	0.305744599912514
ENSG00000128881	-0.19169545709594
ENSG00000159459	-0.0683184129433471
ENSG00000205871	0.204493977233782
ENSG00000137842	-0.167964099511874
ENSG00000168803	0.0741338570989663
ENSG00000140265	-0.190024942551118
ENSG00000166963	-0.243987726245778
ENSG00000167004	0.244712938088669
ENSG00000140264	0.0271693292840096
ENSG00000140259	-0.128994857449884
ENSG00000227973	-0.132054738526208
ENSG00000179523	-0.133851244993914
ENSG00000104133	-0.114857853316852
ENSG00000185880	-0.0885047734112043
ENSG00000171766	-0.116577322329684
ENSG00000171763	0.10690308781515
ENSG00000166920	-0.296548828643966
ENSG00000275709	0.023261394565204
ENSG00000104164	0.0238775191917719
ENSG00000137767	0.120669200556096
ENSG00000128951	0.0387337182951907
ENSG00000166147	-0.0328201657498768
ENSG00000185634	-0.0325485517955122
ENSG00000138593	-0.139196198288863
ENSG00000275580	-0.167323911208912
ENSG00000276593	-0.104376049203904
ENSG00000104064	0.00445087137398948
ENSG00000285410	-0.0770813976902493
ENSG00000244879	-0.220477641276512
ENSG00000242737	-0.386359998015668
ENSG00000081014	-0.10043536815041
ENSG00000186417	-0.197824912715635
ENSG00000259668	-0.317709272192279
ENSG00000104112	-0.341979285360016
ENSG00000140280	-0.237515745110126
ENSG00000138594	0.0622714713310795
ENSG00000197535	-0.0840387430008775
ENSG00000069974	0.153789962206111
ENSG00000276533	-0.274257039687592
ENSG00000225973	-0.18805154180214
ENSG00000069943	-0.143565719275417
ENSG00000274765	-1.01241488030336
ENSG00000276524	0.419470522859189
ENSG00000128849	-0.185934818149014
ENSG00000276772	-0.270007182334791
ENSG00000277229	-0.239698160668739
ENSG00000259250	-0.461102082859968
ENSG00000137845	-0.0665737385478781
ENSG00000245975	-0.0687239354917204
ENSG00000157456	-0.107237009274817
ENSG00000277144	0.601089072382586
ENSG00000259732	0.223334941151642
ENSG00000140299	0.0888471197253713
ENSG00000234797	-0.00372944186421817
ENSG00000182718	0.522324152451042
ENSG00000128915	-0.261740161663479
ENSG00000259251	0.00855227462100374
ENSG00000205502	1.8164736459796
ENSG00000274340	-0.0117950277923821
ENSG00000171914	-0.14570884251731
ENSG00000140416	0.445747754161237
ENSG00000103642	0.179928226531897
ENSG00000185088	0.175558016500585
ENSG00000138613	-0.138096891126984
ENSG00000103657	0.000546606177483817
ENSG00000166797	-0.18614389930755
ENSG00000028528	-0.0886309952490304
ENSG00000157734	0.0508538001917243
ENSG00000103671	-0.19700887925327
ENSG00000180357	-0.126903349320829
ENSG00000166831	0.195886169704094
ENSG00000241839	0.226925516176129
ENSG00000166839	0.151912104560142
ENSG00000090487	-0.1561384767876
ENSG00000186198	0.0769412993490767
ENSG00000277351	1.14556657554804
ENSG00000278737	0.663905305303508
ENSG00000090470	-0.0570863393959382
ENSG00000138617	-0.120108840193865
ENSG00000174498	-0.0771990703902548
ENSG00000103742	-0.0126393181081541
ENSG00000074603	-0.0345855822081843
ENSG00000138614	-0.0849496585962075
ENSG00000174485	0.0386646986444341
ENSG00000261351	-0.214056529062287
ENSG00000137834	-0.428152558985343
ENSG00000166949	0.168602645705456
ENSG00000129007	-0.174613215590327
ENSG00000128973	-0.26041582792271
ENSG00000103647	-0.238614155857257
ENSG00000271232	-0.753794358548858
ENSG00000140350	-0.122274556015337
ENSG00000140332	0.17249746492051
ENSG00000137831	0.349189903723355
ENSG00000259744	0.286801787550145
ENSG00000137821	-0.144392955488453
ENSG00000213614	-0.309197130820676
ENSG00000260339	-0.443362498698825
ENSG00000243007	-0.0735777711683456
ENSG00000166233	0.0117289291092467
ENSG00000067141	-0.0624261197905247
ENSG00000205363	-0.10065890650377
ENSG00000067221	-0.330467555133152
ENSG00000140464	0.274566129828676
ENSG00000138623	-0.199030553855126
ENSG00000138629	-0.0999282269962985
ENSG00000179361	0.0025195664251828
ENSG00000179151	-0.0631268490149623
ENSG00000103653	-0.135102326108701
ENSG00000140497	-0.061510158344787
ENSG00000178802	-0.13676079198709
ENSG00000178718	-0.202764909199325
ENSG00000138621	-0.0703506253375016
ENSG00000167173	0.23499906518442
ENSG00000140365	-0.10345410079184
ENSG00000260274	-0.0804172654270126
ENSG00000169375	0.0396237993014924
ENSG00000169371	-0.076023751386668
ENSG00000177971	-0.0350190603614415
ENSG00000278991	0.0617557447698671
ENSG00000173517	-0.141790781020004
ENSG00000140382	-0.088496439266186
ENSG00000169783	-0.148489651073827
ENSG00000167202	-0.00650579728705141
ENSG00000103740	0.106349635681286
ENSG00000140403	0.436439681251084
ENSG00000140395	-0.175324684700833
ENSG00000259562	0.269326312575428
ENSG00000136381	0.0214319642740921
ENSG00000058335	-0.238874861157567
ENSG00000136371	-0.182875327413161
ENSG00000278600	-0.0645172886672531
ENSG00000259642	-0.161360401798539
ENSG00000140379	0.346504609982699
ENSG00000172379	-0.153531998063122
ENSG00000277782	-0.0927855969015375
ENSG00000183496	-0.0409291757193762
ENSG00000214575	-0.191191374495743
ENSG00000259462	-0.131712678347349
ENSG00000279758	0.305164586668984
ENSG00000103942	-0.00841272706915292
ENSG00000169609	-0.0815407474355004
ENSG00000273747	0.00645810920821062
ENSG00000259308	0.397506030062663
ENSG00000197696	0.409583582460986
ENSG00000166716	-0.11257492375107
ENSG00000136383	-0.0521963899775246
ENSG00000170776	-0.0607193797307106
ENSG00000183655	0.406357926652647
ENSG00000181026	0.442044805275475
ENSG00000172183	0.560844616675628
ENSG00000140511	0.903415429498107
ENSG00000140545	-0.426194545422349
ENSG00000261549	-0.225696370408325
ENSG00000140526	-0.104808458724785
ENSG00000261441	-0.00166582991423495
ENSG00000261478	-0.00719412548921487
ENSG00000166819	0.217639571307681
ENSG00000166821	-0.158182658125566
ENSG00000157823	-0.228618760264473
ENSG00000242498	-0.0582223629707208
ENSG00000140548	-0.1252647767276
ENSG00000185033	0.32907706724329
ENSG00000185043	0.229064008710551
ENSG00000196391	-0.21440894369512
ENSG00000140575	-0.109986970610524
ENSG00000140564	0.326440579470615
ENSG00000182511	0.800064288721706
ENSG00000196547	-0.134143616080349
ENSG00000140553	0.274121713405033
ENSG00000258384	0.0814969907204034
ENSG00000166965	-0.17884437315381
ENSG00000198901	-0.140532104707735
ENSG00000184056	-0.071080928404023
ENSG00000272888	0.0962583651230447
ENSG00000173575	-0.00404438226470443
ENSG00000277135	-0.100387991851222
ENSG00000259424	0.139015854032901
ENSG00000278022	0.867362453267674
ENSG00000261054	0.453622039185552
ENSG00000068305	-0.078219668834436
ENSG00000259604	-0.0872136402495508
ENSG00000154237	-0.170601006711439
ENSG00000131873	0.323436708647027
ENSG00000131876	-0.0336623657506007
ENSG00000279970	-0.0478219436266202
ENSG00000274139	-0.369898444613497
ENSG00000007384	0.291342506062943
ENSG00000103148	-0.0200636292725669
ENSG00000206177	-0.802437463702065
ENSG00000188536	-0.0547465921873249
ENSG00000206172	0.398080791450497
ENSG00000007392	0.0601430688207415
ENSG00000167930	-0.18344303724687
ENSG00000076344	0.181472381150633
ENSG00000086504	0.0714360851464696
ENSG00000129925	-0.0957354860521608
ENSG00000242612	-0.0236697000038303
ENSG00000277142	0.0218798947543754
ENSG00000197562	-0.0788056082703734
ENSG00000140983	0.16579354069889
ENSG00000162004	-0.431088071058228
ENSG00000103245	-0.0830941982225605
ENSG00000102854	-0.0227589046092675
ENSG00000103227	0.0102022214772836
ENSG00000260022	0.41941898948904
ENSG00000260807	-0.117023162038811
ENSG00000005513	-0.213866756137259
ENSG00000196557	0.160784659572384
ENSG00000007520	-0.184541907980733
ENSG00000090581	-0.0416678948805692
ENSG00000059145	0.00978396908510517
ENSG00000174109	-0.0866981045449577
ENSG00000197599	-0.14636638273646
ENSG00000279930	-0.386455784581863
ENSG00000131634	0.189285557553898
ENSG00000206053	-0.110575722335505
ENSG00000138834	-0.127148743841694
ENSG00000198736	0.0866787837179515
ENSG00000140988	-0.103224525543471
ENSG00000255513	-0.00996926167327354
ENSG00000183751	0.176152484667053
ENSG00000127554	-0.0599351479972078
ENSG00000261790	0.105840979750939
ENSG00000167962	0.135829998119406
ENSG00000065057	-0.125425046376856
ENSG00000131653	0.22246950209148
ENSG00000167965	-0.236327478351126
ENSG00000167967	0.141985901253731
ENSG00000167968	-0.0557417343177041
ENSG00000205937	-0.0501964570604498
ENSG00000260778	-0.0365785128585167
ENSG00000167972	-0.230422231693757
ENSG00000162063	-0.0945544129006036
ENSG00000185883	-0.135708357686066
ENSG00000279520	0.251738893954663
ENSG00000162066	-0.421143747960196
ENSG00000269937	-0.0876954762274532
ENSG00000279568	-0.145403256471726
ENSG00000279162	-0.202011954414679
ENSG00000260565	0.140677419820101
ENSG00000172382	-0.0397788592552
ENSG00000205913	0.129903995130503
ENSG00000162078	0.202261365804163
ENSG00000263280	-0.833407673664381
ENSG00000162076	-0.116384843457927
ENSG00000059122	0.491309284547574
ENSG00000131650	-0.30003168345462
ENSG00000127564	-0.044160087455382
ENSG00000162073	-0.399709203627361
ENSG00000213937	-0.0267237123525521
ENSG00000006327	0.38969759666135
ENSG00000103145	0.0854113642718989
ENSG00000131652	0.207938279170837
ENSG00000008517	0.306635544888546
ENSG00000263072	-0.138396722703398
ENSG00000085644	-0.149373299048712
ENSG00000103313	-0.0508447467544593
ENSG00000006194	-0.116079756247533
ENSG00000140993	-0.174095166469075
ENSG00000162086	-0.111763550639379
ENSG00000168158	-0.0890481386321806
ENSG00000103343	-0.0202124808677019
ENSG00000167981	-0.0830514188675112
ENSG00000122390	-0.0858518182146903
ENSG00000167984	-0.0904214223292612
ENSG00000213918	-0.0981695068434884
ENSG00000126602	0.0129080199167774
ENSG00000090447	0.00544198437110822
ENSG00000280063	-0.0168728478903808
ENSG00000262246	-0.0928145649979048
ENSG00000277170	0.222016103197988
ENSG00000277440	0.0558338373469
ENSG00000153406	-0.0217753859806716
ENSG00000103415	-0.231668417218536
ENSG00000089486	-0.144241041751378
ENSG00000168101	-0.075640183886681
ENSG00000103199	-0.00906497329213457
ENSG00000140623	0.074870290377562
ENSG00000267795	-0.0148740342172932
ENSG00000267077	-0.261171343399518
ENSG00000067836	0.0281982184349613
ENSG00000140632	0.00339844811313069
ENSG00000118900	-0.0702866121810084
ENSG00000103184	-0.165477520954808
ENSG00000103174	-0.133770717250409
ENSG00000033011	-0.145447350218037
ENSG00000067365	-0.118456373214279
ENSG00000140650	0.0960950005021996
ENSG00000261481	0.0990994312691762
ENSG00000182831	-0.086003360817605
ENSG00000279662	0.219639908448669
ENSG00000213853	0.357573502891476
ENSG00000179583	-0.257608573178597
ENSG00000182108	-0.28472024920554
ENSG00000038532	-0.0130209138387324
ENSG00000185338	0.821372930303289
ENSG00000122299	0.0171210520251312
ENSG00000277369	-0.279948199357878
ENSG00000262097	0.305863346958603
ENSG00000186260	0.425175269665161
ENSG00000140694	-0.0820913559521823
ENSG00000103512	-0.159763690334815
ENSG00000183458	0.208430884482288
ENSG00000157045	-0.00128563070218492
ENSG00000085721	0.127301236990599
ENSG00000188599	0.225304259609697
ENSG00000156968	-0.238760525529713
ENSG00000166783	-0.294961241801238
ENSG00000072864	-0.244968816420688
ENSG00000280206	-0.110735283771348
ENSG00000133392	0.806265982250595
ENSG00000103489	-0.231355728877235
ENSG00000134419	0.0244008029595744
ENSG00000167186	-0.0871206265710595
ENSG00000205730	-0.0171590092427328
ENSG00000103528	-0.111502919908013
ENSG00000259871	0.270192178332002
ENSG00000006007	-0.225229026141661
ENSG00000103544	-0.016515757755413
ENSG00000183549	0.0200955382219844
ENSG00000188215	0.523643239029847
ENSG00000102897	-0.0178360028148512
ENSG00000287809	0.21568601949374
ENSG00000197006	-0.121812103146991
ENSG00000261596	-0.0761519682492849
ENSG00000140749	-0.597907244581855
ENSG00000286808	0.134376456722822
ENSG00000103365	-0.188375464686548
ENSG00000166847	-0.328994017678785
ENSG00000122257	0.119511556700525
ENSG00000090905	-0.00126932347260628
ENSG00000158865	0.13921328942071
ENSG00000262155	-0.0311322313903532
ENSG00000262700	-0.548568807460155
ENSG00000205629	-0.202332337194872
ENSG00000155592	-0.195751696700322
ENSG00000155666	-0.018567674137589
ENSG00000274092	0.431376009489802
ENSG00000077238	0.759702274099223
ENSG00000047578	-0.0463223468963425
ENSG00000261329	0.0585969831210664
ENSG00000169180	0.0826369562426633
ENSG00000250982	0.180435812203542
ENSG00000188603	-0.305935415342839
ENSG00000184730	0.60712641436807
ENSG00000176046	0.0165708874882483
ENSG00000275441	0.505694879668771
ENSG00000270424	-0.32222264267632
ENSG00000260442	-0.404987028006062
ENSG00000177548	0.00400271445227593
ENSG00000259807	-0.2473788259586
ENSG00000103485	-0.104420900624124
ENSG00000185905	-0.104520453144839
ENSG00000079616	-0.165342326754381
ENSG00000013364	0.338565333379589
ENSG00000103502	-0.0805395920558204
ENSG00000174943	-0.0774157586291591
ENSG00000169592	0.0919840094413508
ENSG00000149922	-0.143928181359773
ENSG00000250616	-0.285314981712866
ENSG00000102886	-0.128530173695544
ENSG00000275371	-0.332643564557806
ENSG00000102882	-0.154430926540221
ENSG00000102879	0.285275417454658
ENSG00000261052	-0.192659784212608
ENSG00000169221	-0.00366125981964711
ENSG00000180035	-0.0552446278182415
ENSG00000280137	0.390062526550377
ENSG00000179918	-0.0887629194243912
ENSG00000005844	0.0274453385116273
ENSG00000169955	-0.121711569187901
ENSG00000235560	-0.52074673288365
ENSG00000169951	0.0829880712022831
ENSG00000197162	0.0214120715642196
ENSG00000080603	0.10519568613892
ENSG00000103549	0.0125972888893867
ENSG00000280211	0.243213473678707
ENSG00000102870	-0.0933782518583767
ENSG00000279196	-0.0789087471367213
ENSG00000099377	-0.320600180508914
ENSG00000103496	-0.163391641167458
ENSG00000260911	-0.0458792957250532
ENSG00000167394	-0.0391953117399992
ENSG00000262766	0.584514186207696
ENSG00000089280	0.284281607596009
ENSG00000260304	0.109367716199782
ENSG00000103490	0.0223142440182201
ENSG00000169896	-0.0447492113807877
ENSG00000261245	-1.2828559682001
ENSG00000176723	0.0676303325447181
ENSG00000140691	-0.0840924609665389
ENSG00000140688	0.00179659204476251
ENSG00000260625	-0.187628626121773
ENSG00000169877	0.324480551429353
ENSG00000185947	0.0739403319676828
ENSG00000286473	-0.400991003425376
ENSG00000261461	-0.567215589689327
ENSG00000261512	-0.0258798245318705
ENSG00000261131	-0.0232004357005137
ENSG00000155330	-0.0501835638063761
ENSG00000171208	-0.013283708769876
ENSG00000260012	-0.615170258739865
ENSG00000102893	0.0367336569734805
ENSG00000280067	-0.374914700905728
ENSG00000196470	0.125063464973215
ENSG00000275155	-0.29427723524599
ENSG00000205423	-0.0362147327287893
ENSG00000279356	0.126078545316772
ENSG00000121274	-0.0362525948022645
ENSG00000121281	-0.348765538039662
ENSG00000278909	0.0154203416074551
ENSG00000260249	-0.277916293330092
ENSG00000167208	-0.05617332590175
ENSG00000167207	0.00477794815637998
ENSG00000083799	-0.114436588988045
ENSG00000280344	0.0458436859434171
ENSG00000260818	-0.24259500466621
ENSG00000177200	-0.0151214553848525
ENSG00000103479	-0.0730696038956434
ENSG00000279722	-0.329482237361238
ENSG00000166971	-0.105790344233729
ENSG00000277559	0.263604991809869
ENSG00000176842	0.302418285965205
ENSG00000261997	0.297185878442709
ENSG00000198848	0.101775064604385
ENSG00000260198	0.173759510242316
ENSG00000279764	-0.118854495950702
ENSG00000087263	0.0401974238651369
ENSG00000125124	0.101294078389529
ENSG00000087250	0.671484030972068
ENSG00000125148	1.13170374289833
ENSG00000260549	1.1893917500025
ENSG00000169715	0.92435181293101
ENSG00000205364	0.800283590342614
ENSG00000255986	1.02207020807636
ENSG00000205362	1.49196747077737
ENSG00000125144	0.398856390053765
ENSG00000187193	1.1123786443461
ENSG00000261429	0.0874468009379331
ENSG00000102900	-0.169072394352964
ENSG00000261270	0.22583043165984
ENSG00000261114	0.182462417988193
ENSG00000140853	0.183179108050779
ENSG00000159579	0.12222453657225
ENSG00000276663	0.636676596827003
ENSG00000260038	0.220462622437064
ENSG00000005194	-0.122973035358751
ENSG00000088682	0.0356598009005583
ENSG00000102978	0.0400634703461658
ENSG00000135736	0.0556064791665657
ENSG00000205336	0.590964299708246
ENSG00000140854	-0.111174647785195
ENSG00000140859	-0.251265235389733
ENSG00000276166	-0.0124889265584934
ENSG00000103005	-0.0523580819594682
ENSG00000102996	-0.00173741365263447
ENSG00000070761	-0.173908404020087
ENSG00000260927	-0.0338306111373543
ENSG00000103021	-0.217195179930197
ENSG00000224631	-0.279062914896664
ENSG00000231589	0.216700108249887
ENSG00000179776	0.473409853861006
ENSG00000166548	-0.153400242886563
ENSG00000289353	-0.0478910272638699
ENSG00000166595	0.0329211170271143
ENSG00000172831	-0.0291282375609131
ENSG00000172824	0.410566049319503
ENSG00000289415	0.617780415710361
ENSG00000125149	-0.216197679420926
ENSG00000140939	0.348811897052958
ENSG00000179044	0.0663855366193549
ENSG00000205250	-0.010477537741748
ENSG00000102890	0.300854543879637
ENSG00000125122	-0.219631573470837
ENSG00000168701	0.0276344231251257
ENSG00000135723	0.363865728395246
ENSG00000196155	-0.00259095829238009
ENSG00000159713	-0.0380688760380359
ENSG00000159720	-0.34586348030079
ENSG00000270049	-0.0874762799631326
ENSG00000039523	-0.114224221512073
ENSG00000280214	-0.614966902701141
ENSG00000102977	0.00330691853840954
ENSG00000188038	0.247192088172552
ENSG00000159792	-0.152663344052034
ENSG00000205220	-0.0119535883752495
ENSG00000167261	-0.349574163918346
ENSG00000182810	0.165004032637563
ENSG00000103064	0.0212343217533852
ENSG00000279649	-0.0973498797593851
ENSG00000132600	-0.0544141368539302
ENSG00000287760	-0.384908247621295
ENSG00000275383	0.0993822494379415
ENSG00000260577	-0.170419398147981
ENSG00000141076	0.0331993128946843
ENSG00000132612	-0.150630129858711
ENSG00000132603	0.173346751458963
ENSG00000141101	0.0692505452282328
ENSG00000198373	-0.0504400542960135
ENSG00000261556	-0.0820649725383357
ENSG00000157349	0.00867539445795628
ENSG00000157350	-0.122371775934032
ENSG00000157353	-0.0116209551981841
ENSG00000103051	-0.192441952995809
ENSG00000132613	-0.0177916355227122
ENSG00000103043	-0.156921087586304
ENSG00000279412	-0.0435440916424817
ENSG00000167377	-0.0940814965183129
ENSG00000102984	-0.0471537660946263
ENSG00000102967	-0.0441295689060983
ENSG00000257017	0.791577929255589
ENSG00000140829	0.0461942770212401
ENSG00000260664	-0.140722196578643
ENSG00000271009	0.0521018607523523
ENSG00000260880	-0.533732310729162
ENSG00000261227	0.261258465239698
ENSG00000275236	-0.163863749412438
ENSG00000259972	0.0251970788123566
ENSG00000239763	-0.354207082471916
ENSG00000214331	-0.117430223637558
ENSG00000261079	0.236767356146833
ENSG00000090863	-0.072159434868907
ENSG00000168411	-0.132058586112968
ENSG00000168404	0.339595885236916
ENSG00000103089	-0.239378242307988
ENSG00000186187	-0.112876342322227
ENSG00000166816	-0.0979606009445912
ENSG00000153774	-0.103806354494801
ENSG00000274220	-0.154013955960608
ENSG00000276408	-0.183680956627066
ENSG00000034713	-0.0297981525046482
ENSG00000065427	-0.0530966312662383
ENSG00000103111	-0.239307477273662
ENSG00000276007	0.398221917291929
ENSG00000178573	-0.119399197970675
ENSG00000166454	-0.224223019354074
ENSG00000260495	-0.171187043459219
ENSG00000197943	-0.167192739456839
ENSG00000135698	-0.130662949854445
ENSG00000259914	-0.0781986235509147
ENSG00000103150	-0.11534512770675
ENSG00000260018	0.304486287954628
ENSG00000135686	-0.0115311519983105
ENSG00000103196	0.422781629786387
ENSG00000153786	-0.18524889738437
ENSG00000140968	-0.11800282901924
ENSG00000268388	0.117045281758692
ENSG00000243697	-0.0665864007860302
ENSG00000103248	-0.0313544166817717
ENSG00000270006	0.561086945678399
ENSG00000276337	0.68505700250751
ENSG00000104731	0.0105915638266451
ENSG00000261327	-0.516762301790009
ENSG00000051523	0.423062271109252
ENSG00000167508	0.196478565659237
ENSG00000260630	-0.237941331415642
ENSG00000185669	-0.309117890865724
ENSG00000158717	-0.0130928964298182
ENSG00000174177	0.172634688808954
ENSG00000167515	-0.144964225873528
ENSG00000170100	-0.0868777470553419
ENSG00000197912	-0.088328562215539
ENSG00000167523	-0.0779460356359274
ENSG00000185324	0.286543259148606
ENSG00000158805	0.0522179664680283
ENSG00000141002	-0.044919251847267
ENSG00000258839	0.101375941462197
ENSG00000258947	-0.327313784264447
ENSG00000141013	0.0878280599490656
ENSG00000222019	0.234374906311222
ENSG00000262061	-0.591777460104991
ENSG00000167695	0.232602122114779
ENSG00000179409	-0.0463804924327348
ENSG00000167699	-0.192606283301162
ENSG00000167693	0.0603863982008891
ENSG00000280408	0.48856443800091
ENSG00000197879	0.547788650922877
ENSG00000132376	-0.0301075170234278
ENSG00000074660	0.853857485498597
ENSG00000174231	0.0533742633139926
ENSG00000277597	-0.0117852586537187
ENSG00000185561	0.214743904288551
ENSG00000186594	0.885110812849375
ENSG00000167711	-0.323651389818578
ENSG00000186532	0.013275654494545
ENSG00000132383	-0.0671379720879994
ENSG00000177374	0.173131486860804
ENSG00000070366	-0.0924162254312504
ENSG00000070444	0.197394295298681
ENSG00000127804	-0.0935191135717878
ENSG00000007168	-0.191816885614332
ENSG00000239884	-0.849961183557451
ENSG00000132361	0.0147037899175047
ENSG00000280268	0.115234432751511
ENSG00000108381	0.0321929345996348
ENSG00000167723	-0.203352492884327
ENSG00000196689	0.0146406976461944
ENSG00000263338	-0.0874339865174915
ENSG00000213977	0.0864370403999862
ENSG00000240898	0.209712798039762
ENSG00000074755	-0.0114510195524031
ENSG00000167740	-0.0774776885526175
ENSG00000185722	-0.0775418610912564
ENSG00000132388	-0.192373039231714
ENSG00000261868	-0.242576337729902
ENSG00000132382	0.231002206610339
ENSG00000244184	0.0951712334318541
ENSG00000141480	-0.00190479184787539
ENSG00000161920	-0.220061763949172
ENSG00000280254	-0.303365115219394
ENSG00000262165	0.178171642358992
ENSG00000185245	0.186706210173632
ENSG00000108523	-0.214128374609344
ENSG00000091640	-0.171673838870733
ENSG00000196388	-0.0904603766696088
ENSG00000129250	0.0449818325645912
ENSG00000180787	-0.185341099013857
ENSG00000234327	-0.332971401551547
ENSG00000180626	-0.151266180816346
ENSG00000029725	-0.277496888431146
ENSG00000129197	-0.0135045800251133
ENSG00000108561	0.0163613010473684
ENSG00000005100	0.00360832909565915
ENSG00000091592	-0.228353911563553
ENSG00000179314	-0.166126994245652
ENSG00000282936	0.0258025188488152
ENSG00000108590	-0.126543588224739
ENSG00000256806	-0.211151486958824
ENSG00000132530	-0.453446618570173
ENSG00000279296	-0.208603165934285
ENSG00000215067	-0.121442780224201
ENSG00000258315	0.0865316739029359
ENSG00000174327	-0.00690223201237099
ENSG00000072778	0.206491486618354
ENSG00000040633	-0.0586045583022443
ENSG00000170296	-0.155205836878424
ENSG00000181885	-0.573937112703967
ENSG00000132507	0.107702243083379
ENSG00000205544	-0.0147571834676406
ENSG00000169992	-0.1144413584983
ENSG00000161958	0.243047247995353
ENSG00000170175	0.0189712481929239
ENSG00000174282	-0.0621695138401402
ENSG00000181222	0.28269748392959
ENSG00000239697	-0.00781971848710545
ENSG00000161956	-0.0423024753002777
ENSG00000161960	0.234642879015556
ENSG00000129226	0.0747849023789639
ENSG00000233223	-0.0476052826763301
ENSG00000129255	-0.143539512746303
ENSG00000141504	-0.126426689557969
ENSG00000141510	0.317144070781851
ENSG00000183011	-0.112133042773753
ENSG00000182224	-0.261780900224663
ENSG00000170043	-0.0272929966313949
ENSG00000179593	-0.487515891444792
ENSG00000179094	0.357277079180579
ENSG00000220205	-0.141807159992685
ENSG00000178977	0.288932935451504
ENSG00000178921	0.00555858557808354
ENSG00000125434	0.0727516943369215
ENSG00000108961	0.0642072029684675
ENSG00000198844	0.408959700841019
ENSG00000184619	-0.100113254082783
ENSG00000185156	-0.378522720719937
ENSG00000141506	-0.202161514833094
ENSG00000065320	0.00111854870470681
ENSG00000007237	-0.274924123404251
ENSG00000109063	0.307959145858519
ENSG00000133028	-0.108354641292203
ENSG00000154957	0.0735363552587349
ENSG00000263648	1.56081626426635
ENSG00000109099	0.327255381048627
ENSG00000175106	0.0398740372462948
ENSG00000187607	-0.173111835957438
ENSG00000265519	0.208342492561234
ENSG00000011295	0.123498929091848
ENSG00000275413	0.253876069310739
ENSG00000141027	-0.188497468841554
ENSG00000108474	-0.0389987142623006
ENSG00000170315	-0.177122180884859
ENSG00000187688	-0.0767658561853023
ENSG00000175061	-0.0578823260015738
ENSG00000286743	-0.161496069916407
ENSG00000141040	-0.110299876248229
ENSG00000235554	0.0258111586973093
ENSG00000288235	-0.538102485351439
ENSG00000133030	0.106205298593955
ENSG00000263624	0.33487952696901
ENSG00000141030	-0.124228574014005
ENSG00000141026	-0.0480487501142183
ENSG00000108551	0.418525865214677
ENSG00000108557	0.0314006996050876
ENSG00000072310	0.58301228969628
ENSG00000175662	-0.054033113232354
ENSG00000171953	-0.152945038042233
ENSG00000280198	-0.0763934844010843
ENSG00000108591	-0.0702278255158264
ENSG00000131899	-0.0988276084713795
ENSG00000177302	-0.114957284757068
ENSG00000176994	-0.441739885051708
ENSG00000176974	-0.0696460814464155
ENSG00000249459	-0.160897945476128
ENSG00000224126	0.434573846593766
ENSG00000108448	-0.202433668528502
ENSG00000262202	0.73435837800236
ENSG00000166482	1.46325465456003
ENSG00000262681	0.012074138589658
ENSG00000083290	-0.182002147685983
ENSG00000261033	-0.278940565672912
ENSG00000128487	-0.0942524546699995
ENSG00000236819	-0.136444859589838
ENSG00000109016	-0.0146369023237506
ENSG00000178307	-0.00861720154502205
ENSG00000274180	-0.0168879517369492
ENSG00000034152	0.386323362556262
ENSG00000263563	-0.223183792433828
ENSG00000265683	0.459510153639728
ENSG00000141068	0.0143852128505492
ENSG00000168961	-0.028133477626556
ENSG00000232859	0.0750621800179798
ENSG00000288923	0.17393175599499
ENSG00000237575	0.167769058836948
ENSG00000109084	0.426835836644081
ENSG00000109083	-0.0420442337818024
ENSG00000109079	0.0453555347571224
ENSG00000004142	-0.180292174784859
ENSG00000244045	-0.230309410454402
ENSG00000004139	-0.170687272887876
ENSG00000279532	0.330273134228833
ENSG00000076351	-0.172775737905945
ENSG00000087111	-0.13446697513916
ENSG00000109107	0.51204204670583
ENSG00000109111	0.0281129590260572
ENSG00000167525	-0.27348202584784
ENSG00000109113	0.534549762874241
ENSG00000198242	-0.0181038248741825
ENSG00000264577	0.427271589460703
ENSG00000076604	0.213592866053052
ENSG00000265474	0.277361848425523
ENSG00000173065	-0.061661370635181
ENSG00000132591	-0.181683366527006
ENSG00000132589	-0.0431014647446229
ENSG00000109118	0.10718789868393
ENSG00000179761	-0.0261548161958309
ENSG00000196535	0.0142906667543278
ENSG00000108256	0.0948802956503355
ENSG00000168792	-0.102726847144072
ENSG00000108262	-0.168491045472849
ENSG00000198720	0.00769617086551062
ENSG00000265625	0.663744767990116
ENSG00000264943	-0.328258554936385
ENSG00000250462	-0.012788431405427
ENSG00000184060	-0.112319512145059
ENSG00000266274	0.0618132841824587
ENSG00000265743	0.185309840674071
ENSG00000286194	-0.175797779234811
ENSG00000181481	-0.153078050955245
ENSG00000264456	-0.279313646277437
ENSG00000266865	-0.169188077517122
ENSG00000196712	-0.106835842773645
ENSG00000126861	-0.333001885906617
ENSG00000185862	-0.595385864632886
ENSG00000172301	-0.247057803397093
ENSG00000185158	-0.172230018314096
ENSG00000266777	-0.205624963321568
ENSG00000277511	-0.109120685114389
ENSG00000108666	-0.231680870710162
ENSG00000108671	-0.0804370725385278
ENSG00000176658	-0.248358312283231
ENSG00000006042	-0.164604183167121
ENSG00000108691	2.02322420741395
ENSG00000108700	0.437440799818466
ENSG00000197322	-0.104516852251423
ENSG00000181291	0.122499903194832
ENSG00000132141	-0.111076755130787
ENSG00000285559	0.0297825210799205
ENSG00000198783	-0.0757947053437103
ENSG00000273687	0.350782063143504
ENSG00000267457	-0.0746695255288676
ENSG00000073536	-0.0974850221602783
ENSG00000266947	-0.109679627042629
ENSG00000172716	0.0853133971101509
ENSG00000267547	0.484310251027532
ENSG00000267648	0.0448972208664007
ENSG00000172123	-0.110868721511366
ENSG00000267369	-0.599998573424716
ENSG00000255987	0.199230057419106
ENSG00000006125	-0.191305137745096
ENSG00000271503	-0.0168620839454074
ENSG00000276409	1.04652360480867
ENSG00000277161	0.0108688145330646
ENSG00000275720	-0.0262884765903233
ENSG00000278540	-0.24286412365875
ENSG00000275066	-0.135851521345837
ENSG00000278053	0.00359994814850444
ENSG00000275832	-0.0797466757118406
ENSG00000277363	-0.0797126079978356
ENSG00000273604	0.246175328576373
ENSG00000277969	0.0320174126243012
ENSG00000275532	-0.763578378058244
ENSG00000277972	-0.179815492580793
ENSG00000277258	0.104556915288408
ENSG00000276293	-0.269286043522365
ENSG00000273559	0.114494136943414
ENSG00000002834	-0.0485599422595891
ENSG00000161381	-0.0532128902067927
ENSG00000067191	0.132244462908175
ENSG00000108306	-0.167466815133359
ENSG00000167258	-0.0517364033341093
ENSG00000131748	-0.187310797897791
ENSG00000173991	0.250800280756843
ENSG00000161395	-0.22862588405503
ENSG00000141741	-0.0981682086180609
ENSG00000073605	0.123978027762416
ENSG00000172057	-0.0307173489821386
ENSG00000108344	-0.0109067668322297
ENSG00000108342	1.97881687913563
ENSG00000008838	0.197831735569725
ENSG00000188895	-0.218396587118288
ENSG00000108349	0.176792914056038
ENSG00000131759	0.270735612648281
ENSG00000265666	0.324851006356731
ENSG00000141753	1.44129287196682
ENSG00000126353	0.440036970822879
ENSG00000278834	-0.0956132291807662
ENSG00000167920	0.0389552741233933
ENSG00000173805	-0.546587032707109
ENSG00000239542	-0.305056351804241
ENSG00000141696	0.116919103135318
ENSG00000178502	-0.353131349241143
ENSG00000173786	-0.213587942793291
ENSG00000267221	-0.165802526907378
ENSG00000108771	-0.0460830116026364
ENSG00000260325	0.250554325558177
ENSG00000108774	-0.0259350645000177
ENSG00000173757	-0.0425719067253769
ENSG00000126561	-0.0281333013441783
ENSG00000168610	0.317103128159016
ENSG00000033627	-0.341317851823862
ENSG00000267222	0.161751431024492
ENSG00000267632	0.44050192589127
ENSG00000283929	-0.23736858673609
ENSG00000267185	-0.100029661998421
ENSG00000108784	-0.316862581412126
ENSG00000266962	-0.0774658360578746
ENSG00000108786	0.291904778157728
ENSG00000068120	-0.0204362911092319
ENSG00000108788	-0.134874900123752
ENSG00000131462	0.0561062638700048
ENSG00000184451	0.00569678130872239
ENSG00000108799	-0.0319913080078671
ENSG00000197291	-0.0135858761678452
ENSG00000131477	0.255780132302384
ENSG00000183978	-0.0918939200253511
ENSG00000126581	-0.201949357316687
ENSG00000131467	-0.0567977501897594
ENSG00000131480	-0.0836873455317305
ENSG00000131471	0.866855419534795
ENSG00000266967	0.0369844894149678
ENSG00000131469	-0.00659861115306337
ENSG00000068079	0.165113290433146
ENSG00000012048	-0.102880064151277
ENSG00000198496	-0.253667356960573
ENSG00000267002	-0.0563752362294988
ENSG00000188554	-0.168736860600917
ENSG00000184988	0.144085230775521
ENSG00000108861	-0.133994409325132
ENSG00000108852	-0.108361995999519
ENSG00000161653	0.239736758798316
ENSG00000091947	-0.286621476488058
ENSG00000141349	-0.0797002972943347
ENSG00000108840	-0.211443832458668
ENSG00000267080	0.0310191986948576
ENSG00000108312	-0.134951528608296
ENSG00000260793	-0.213809188080359
ENSG00000267750	-0.0824740581711865
ENSG00000013306	-0.12424295895747
ENSG00000030582	-0.495111822341855
ENSG00000005961	-0.0638738906800351
ENSG00000186566	-0.10977295496746
ENSG00000180340	-0.253338523762505
ENSG00000161692	-0.2489682046534
ENSG00000136448	-0.215744526387029
ENSG00000131094	-0.338289554152031
ENSG00000172992	0.123167762689417
ENSG00000186834	0.20171837796599
ENSG00000267121	-0.176904029605873
ENSG00000184922	0.215439217809516
ENSG00000006062	0.19073628972874
ENSG00000159314	-0.0505980316120577
ENSG00000266918	-0.628701958696671
ENSG00000120071	-0.0729279203249725
ENSG00000004897	-0.0332903037088823
ENSG00000141279	-0.201847815173012
ENSG00000006025	0.0971809668679622
ENSG00000189120	0.197494728698488
ENSG00000167182	-0.033057140268385
ENSG00000082641	-0.1528688526354
ENSG00000173917	-0.05069311595702
ENSG00000230148	-0.186645853726438
ENSG00000120093	0.0530475808862736
ENSG00000182742	0.262072974687903
ENSG00000159199	-0.185991431611427
ENSG00000167083	-0.195756554511164
ENSG00000108798	0.322701308161097
ENSG00000173868	-0.767619690309009
ENSG00000198740	0.111255142993889
ENSG00000248714	-0.319882649133663
ENSG00000121067	-0.157228262811586
ENSG00000136504	-0.0408403823797851
ENSG00000246640	-0.13905519159895
ENSG00000005882	0.0787820345030951
ENSG00000188662	-0.0824713808307418
ENSG00000108826	-0.0712008779822914
ENSG00000154920	-0.132391243766133
ENSG00000108829	0.0250261104165064
ENSG00000167107	0.0170822099805121
ENSG00000136457	-0.464277200032646
ENSG00000136444	-0.0857620361087908
ENSG00000108848	-0.0339631444512698
ENSG00000141232	0.66768491137857
ENSG00000243678	0.0101238277969086
ENSG00000279089	-0.0716828574957871
ENSG00000011260	-0.0965259646220839
ENSG00000279059	-0.294182181523804
ENSG00000108924	-0.137980101725951
ENSG00000108960	0.0532040135375182
ENSG00000283209	0.0282813558601663
ENSG00000121060	-0.0378720787890631
ENSG00000274213	1.399029896965
ENSG00000263120	-0.0753743297910512
ENSG00000263004	-0.139441587484531
ENSG00000180891	-0.0970405425201976
ENSG00000278642	0.340331000513937
ENSG00000279207	-0.309596322041463
ENSG00000011143	0.00192435535038775
ENSG00000005381	-0.104311451653478
ENSG00000265206	0.372564923933897
ENSG00000212195	-0.000312667997574515
ENSG00000068489	-0.133175714576095
ENSG00000175155	-0.131758949503556
ENSG00000273702	-0.0435708995467766
ENSG00000062716	0.378345497339189
ENSG00000108423	0.0117362249954245
ENSG00000189050	-0.0626728100121157
ENSG00000068097	-0.0978296432192403
ENSG00000267248	-0.2303441203769
ENSG00000062725	-0.0568463990484556
ENSG00000121068	0.500580192241677
ENSG00000187013	-0.138288524220174
ENSG00000279133	0.199475474436408
ENSG00000011028	0.161173801002396
ENSG00000279713	-0.155546174098917
ENSG00000170921	-0.16709425836914
ENSG00000198909	-0.111095582609941
ENSG00000266173	0.00302354412603316
ENSG00000136490	0.28767801825607
ENSG00000087191	0.030977566946822
ENSG00000007312	0.123244043176331
ENSG00000264954	-0.216648991547978
ENSG00000108622	0.356527977074321
ENSG00000178607	0.129712488577615
ENSG00000261371	0.620489935010855
ENSG00000271605	-0.326054989532938
ENSG00000256525	0.0181272885621057
ENSG00000258890	0.221633629060142
ENSG00000214176	0.145188665596555
ENSG00000214174	-0.0294979782656139
ENSG00000108370	0.151902660641126
ENSG00000168646	0.2045535511086
ENSG00000075461	-0.15821658270634
ENSG00000198265	-0.093146275013928
ENSG00000197170	-0.109150152789969
ENSG00000154217	0.129983198601223
ENSG00000130935	-0.0540855214897995
ENSG00000171634	-0.048638883198153
ENSG00000265100	-0.121738057556115
ENSG00000070540	0.0261834853108732
ENSG00000154262	0.241112864346033
ENSG00000154265	0.11064261782443
ENSG00000108984	-0.0959151583775661
ENSG00000267365	-0.270908938677079
ENSG00000123700	-0.304953220852185
ENSG00000256124	-0.223194086175531
ENSG00000252274	0.949065067998522
ENSG00000166685	0.098967091542728
ENSG00000141219	-0.0935011288946833
ENSG00000246731	0.0276998773649942
ENSG00000141540	0.0109241440928833
ENSG00000196169	0.913301534356959
ENSG00000167851	0.0215300109778352
ENSG00000167850	-0.615759635686095
ENSG00000186407	-0.0461006701111444
ENSG00000161513	0.0334249576860625
ENSG00000167861	0.302022253085567
ENSG00000109089	-0.026503021146567
ENSG00000167862	-0.114265499740457
ENSG00000180901	-0.285534189334668
ENSG00000239607	-0.0406887951793035
ENSG00000170190	-0.195704673064216
ENSG00000125458	0.215675447570699
ENSG00000263843	-0.249597500434096
ENSG00000125454	-0.220287140727489
ENSG00000177885	-0.24354833496598
ENSG00000228007	-0.121880667158688
ENSG00000177728	-0.0653397423645545
ENSG00000177303	0.276739867502336
ENSG00000182173	0.107592268355293
ENSG00000266714	0.271527634767666
ENSG00000108469	-0.0510287503960025
ENSG00000204323	-0.013506542317723
ENSG00000259120	-0.182089404730371
ENSG00000161526	-0.00875921954116367
ENSG00000108479	0.285468262557385
ENSG00000132475	0.614681200653069
ENSG00000132478	-0.0117691956479969
ENSG00000092929	-0.19284245428643
ENSG00000132471	-0.090422683081517
ENSG00000132481	0.277192079431409
ENSG00000267801	0.443384589635616
ENSG00000161533	-0.00616263580961715
ENSG00000167881	-0.0904537141386905
ENSG00000182473	-0.142877934795079
ENSG00000185262	0.06048137757672
ENSG00000129646	-0.205970111241625
ENSG00000176170	1.0600555626312
ENSG00000175931	-0.254989215647833
ENSG00000129673	-0.109047294885449
ENSG00000129667	0.551007453651731
ENSG00000272386	-0.0699683535103291
ENSG00000163597	0.0686990917282369
ENSG00000070526	0.235063875241805
ENSG00000261335	0.178917147015934
ENSG00000277382	-0.057936248127585
ENSG00000070495	-0.101449853355599
ENSG00000161547	0.272062111000547
ENSG00000078687	-0.000287824674161719
ENSG00000167895	0.267150531038794
ENSG00000167900	0.0107423614761466
ENSG00000183077	0.0410546988542895
ENSG00000204278	-0.328521780091863
ENSG00000279886	-0.498425956113761
ENSG00000184557	2.3872747205724
ENSG00000187775	0.0697684989748004
ENSG00000267432	0.154715557556653
ENSG00000108669	-0.00864307673464614
ENSG00000055483	0.222811590259226
ENSG00000035862	-0.287146689692542
ENSG00000171302	-0.40447825892471
ENSG00000173894	0.23736422693558
ENSG00000141570	0.0987572208275073
ENSG00000141582	0.11617820421177
ENSG00000141543	0.176372516122185
ENSG00000275479	0.126343479510529
ENSG00000141527	-0.29963635423182
ENSG00000262580	0.0625003953539729
ENSG00000181523	0.0716001442626401
ENSG00000173818	-0.183893979721205
ENSG00000176108	0.0421221040325791
ENSG00000280351	-0.220489816026285
ENSG00000181409	0.0360682845415554
ENSG00000263167	0.36451441578748
ENSG00000185168	0.0722208366902121
ENSG00000287431	-0.0152555515803673
ENSG00000262223	0.0468565349173009
ENSG00000266074	0.0478148904368826
ENSG00000279692	0.203702609643087
ENSG00000186765	-0.0226494802334926
ENSG00000182446	-0.062090241961448
ENSG00000182612	-0.131436697145058
ENSG00000185298	0.0284887355724894
ENSG00000185359	-0.00850193582324834
ENSG00000262049	0.159003584068111
ENSG00000262814	0.0150977777194239
ENSG00000183048	0.0133316450809844
ENSG00000225663	-0.0951516545001169
ENSG00000182676	0.577670165685627
ENSG00000185624	0.102612643232758
ENSG00000278876	0.316588065477765
ENSG00000141522	0.0963742334535233
ENSG00000183684	0.268740486131992
ENSG00000185813	0.0124059879897255
ENSG00000197063	-0.201310834744947
ENSG00000265688	0.348302252212208
ENSG00000183010	0.132991354185087
ENSG00000169696	-0.0474849316342758
ENSG00000169738	0.272994931773497
ENSG00000264569	0.172361556360309
ENSG00000169733	-0.124429423605931
ENSG00000169727	-0.0271513435997116
ENSG00000169710	0.0127270882237603
ENSG00000176155	0.0563993999023528
ENSG00000141526	0.155460900031603
ENSG00000141551	0.0445493815714968
ENSG00000280407	0.0761214778068223
ENSG00000265692	-0.278587978289037
ENSG00000173762	0.320496937589706
ENSG00000141574	0.163596618510095
ENSG00000181396	-0.0365503919633815
ENSG00000169660	-0.262866847927124
ENSG00000279066	0.160348822108629
ENSG00000265458	0.0340922429656831
ENSG00000141562	0.0372040804178383
ENSG00000266236	0.210447898004598
ENSG00000141568	-0.0075850852036086
ENSG00000141580	-0.0213137579980401
ENSG00000262410	0.3268310777548
ENSG00000176845	0.795286006882721
ENSG00000261888	0.0275752306441183
ENSG00000101557	-0.10223297313662
ENSG00000288533	0.28277371783249
ENSG00000132199	0.274542581833403
ENSG00000176105	0.0115286479681422
ENSG00000266405	0.154886762323552
ENSG00000101577	-0.0130426146682109
ENSG00000101608	0.207372959425418
ENSG00000177337	0.445696692607563
ENSG00000263753	-0.156032393690565
ENSG00000198081	-0.0475655556861769
ENSG00000082397	-0.387229729750081
ENSG00000235552	-0.0987935116642187
ENSG00000286649	0.264688313359928
ENSG00000206418	-0.0262137181530785
ENSG00000265962	-0.101230217819879
ENSG00000168502	0.160538540011355
ENSG00000288939	-0.04695827283936
ENSG00000178127	-0.203308850409109
ENSG00000101745	-0.0506232416518084
ENSG00000017797	-0.143663148248003
ENSG00000168461	0.0203428089207821
ENSG00000266891	0.390314992428542
ENSG00000101558	-0.188505263700293
ENSG00000154856	-0.0335297523668375
ENSG00000134265	-0.0537312969991322
ENSG00000154864	-0.111506979719054
ENSG00000255112	-0.170942966766181
ENSG00000154889	-0.219151971787881
ENSG00000176014	0.627760445799461
ENSG00000141385	-0.0979177678083241
ENSG00000175354	0.00920999205214841
ENSG00000085415	0.0224710232479977
ENSG00000168675	-0.0430400417636494
ENSG00000279020	0.251781007568835
ENSG00000267690	0.225474396450523
ENSG00000266954	0.0940636858004131
ENSG00000101654	-0.157904065450773
ENSG00000286293	-0.107813140354968
ENSG00000265015	-0.270743222454325
ENSG00000158201	0.0580833249262138
ENSG00000242971	-0.381320802524966
ENSG00000154040	-0.0994629284344239
ENSG00000273524	0.121922803264179
ENSG00000273321	-0.371969329420194
ENSG00000154059	-0.140882951002381
ENSG00000198795	-0.159613195447217
ENSG00000141380	0.0269990422098148
ENSG00000171885	0.343900750351481
ENSG00000274578	-0.12857202540893
ENSG00000118271	-0.631932372603334
ENSG00000276282	0.335736476865566
ENSG00000101695	-0.275773984789195
ENSG00000141441	-0.0862028684610823
ENSG00000134769	-0.074027591443141
ENSG00000166974	-0.215929473852306
ENSG00000186812	-0.0355615115670465
ENSG00000274184	-0.376898183168314
ENSG00000268573	-0.0487963847623447
ENSG00000257267	-0.225786559187244
ENSG00000274918	-0.638208002717924
ENSG00000267397	-0.236814076880171
ENSG00000278986	-0.148445937751622
ENSG00000141425	-0.0572529343714687
ENSG00000288917	-0.634188802380681
ENSG00000267707	0.287653732031412
ENSG00000078142	-0.118012904846745
ENSG00000152229	0.14740580180578
ENSG00000152242	-0.102564162574968
ENSG00000078043	-0.0088377574025878
ENSG00000280212	-0.0871591859334243
ENSG00000167220	-0.189955101324617
ENSG00000134049	0.0246407215041301
ENSG00000267156	-0.408280218976199
ENSG00000267541	0.489105638334743
ENSG00000265681	-0.125997989425433
ENSG00000101670	0.409863235556241
ENSG00000141644	0.0241701841868165
ENSG00000101751	0.065264599045673
ENSG00000091164	-0.15489423476318
ENSG00000066926	0.074289905132499
ENSG00000172175	0.0104332652806287
ENSG00000074657	-0.0759884382527618
ENSG00000141682	-0.183478464488036
ENSG00000101542	-0.142849569936769
ENSG00000176641	0.127131781959662
ENSG00000134444	-0.117433570637197
ENSG00000266900	-0.0600705027203667
ENSG00000141655	0.0182303651323697
ENSG00000141664	-0.106483363928474
ENSG00000171791	0.183358784884007
ENSG00000119541	0.0366578131108872
ENSG00000221887	-0.085881785535538
ENSG00000283667	0.178289060732058
ENSG00000166401	0.00982692812687521
ENSG00000166479	0.064511324923424
ENSG00000170677	-0.200777731081505
ENSG00000278971	0.176941413582729
ENSG00000075336	-0.11939039674349
ENSG00000187773	-0.308046005587596
ENSG00000287689	-0.0794307959306442
ENSG00000150656	-0.242128377378103
ENSG00000264340	0.220727954685808
ENSG00000264247	-0.224174209145434
ENSG00000278607	-0.352660386022247
ENSG00000180011	-0.296137309510027
ENSG00000265778	-0.198447029127634
ENSG00000130856	0.00746814382302204
ENSG00000279811	-0.0571989470103673
ENSG00000287680	-0.0532653856405646
ENSG00000278330	-0.153902956674549
ENSG00000266213	-0.11113428498868
ENSG00000263146	0.163654177332627
ENSG00000256463	-0.030024520437551
ENSG00000166377	-0.0619587676910373
ENSG00000279397	0.18030588251105
ENSG00000274828	-0.0169614662748736
ENSG00000060069	-0.0522662343040892
ENSG00000122490	0.114714705385593
ENSG00000226742	-0.30296605765933
ENSG00000261126	-0.152417078168578
ENSG00000266909	0.735347711593455
ENSG00000101544	0.201858304168321
ENSG00000267270	0.0869886697340354
ENSG00000278000	0.399334543254197
ENSG00000099822	-0.347499315710631
ENSG00000099821	0.188824659842431
ENSG00000070423	0.175509989812586
ENSG00000011304	0.255698032174099
ENSG00000172232	-0.214368244589431
ENSG00000197766	0.190282778037586
ENSG00000198858	0.388117104922803
ENSG00000116017	-0.0319006695448191
ENSG00000064666	0.890191577535341
ENSG00000064687	0.0400816542660188
ENSG00000099817	-0.183096033925191
ENSG00000167468	-0.222270263666938
ENSG00000064932	0.457466894155081
ENSG00000267778	-0.165610220207364
ENSG00000288704	0.215860084457279
ENSG00000167470	0.755112500312693
ENSG00000099622	0.323351671267235
ENSG00000267372	0.154926372110776
ENSG00000130005	0.230369807931311
ENSG00000115266	0.143159579986327
ENSG00000267317	-0.068207130024088
ENSG00000115255	0.115741006449951
ENSG00000181588	0.144237524187641
ENSG00000071655	-0.13672810577042
ENSG00000079313	0.0242619831140472
ENSG00000267244	0.311781742348475
ENSG00000129911	0.061785011257184
ENSG00000129968	-0.121296837383663
ENSG00000227500	-0.104085957501359
ENSG00000213638	-0.179935912392648
ENSG00000133275	-0.0123796712172439
ENSG00000267283	0.453006602660354
ENSG00000099875	0.300003071241627
ENSG00000099840	0.0667416637997941
ENSG00000104885	0.182898272040205
ENSG00000104904	-0.228350002987808
ENSG00000188305	-0.11068616526517
ENSG00000220008	0.0748050860685236
ENSG00000288156	0.429432125803613
ENSG00000130332	0.0315756556907048
ENSG00000005206	0.080728296719537
ENSG00000099800	-0.102498013394083
ENSG00000176619	0.0939458446276816
ENSG00000099860	1.65225826419782
ENSG00000176533	-0.257600962908301
ENSG00000261342	-0.352914153686445
ENSG00000104969	0.153952046827208
ENSG00000172009	0.0465490687144659
ENSG00000172006	-0.00293731628123485
ENSG00000186300	0.19779112560686
ENSG00000287766	-0.114189935759908
ENSG00000065717	0.0288176752008258
ENSG00000088256	-0.0542835043410639
ENSG00000060558	-0.0346963299445473
ENSG00000125910	-0.177407251861156
ENSG00000129932	-0.109416191235889
ENSG00000179855	-0.279623320627876
ENSG00000006638	0.16536406539882
ENSG00000183617	0.0664305309770768
ENSG00000105278	-0.118558065633964
ENSG00000167658	-0.271176359897008
ENSG00000126934	-0.0540944154544158
ENSG00000105246	0.558204929819822
ENSG00000105248	-0.088926423044607
ENSG00000105251	-0.561995473318388
ENSG00000167664	-0.12226960146688
ENSG00000105255	-0.213410591291027
ENSG00000267980	-0.0267313042058504
ENSG00000167674	0.12346635139783
ENSG00000171236	0.834355859195964
ENSG00000167680	0.216277724310064
ENSG00000185361	-0.15559467376567
ENSG00000074842	-0.0894388315585505
ENSG00000205790	0.149795976835868
ENSG00000287884	0.432650723315063
ENSG00000127666	0.0348694481747727
ENSG00000127663	0.0110553166534109
ENSG00000105426	-0.100359572543003
ENSG00000223573	-0.139969599000691
ENSG00000130254	0.151265494340224
ENSG00000160633	0.0389893250301444
ENSG00000130255	0.00210968138022593
ENSG00000174917	-0.132135635138073
ENSG00000212123	-0.00808436149119594
ENSG00000141994	0.0951667057534706
ENSG00000031823	-0.0996451087497479
ENSG00000125652	-0.144735126594907
ENSG00000125650	0.104466103547767
ENSG00000205744	0.022612356029186
ENSG00000104833	-0.0272104931817289
ENSG00000125657	0.397160737166878
ENSG00000125730	0.213952588609182
ENSG00000276980	0.241798431009784
ENSG00000125733	0.761495440188818
ENSG00000141968	-0.0939709319233771
ENSG00000130544	-0.131094813727375
ENSG00000171105	-0.00450918376757168
ENSG00000104883	0.141688342591181
ENSG00000198723	0.154789845147491
ENSG00000090674	-0.166047100212589
ENSG00000032444	-0.161192232683684
ENSG00000076944	0.135296929844774
ENSG00000104918	0.444843536548997
ENSG00000183019	0.181982156827362
ENSG00000090659	-0.174645090898877
ENSG00000142459	-0.00389280036758157
ENSG00000104976	-0.00529192120303562
ENSG00000090661	-0.272230127159071
ENSG00000186994	0.246460063711074
ENSG00000269386	-0.239613209275229
ENSG00000185236	0.0293116279228381
ENSG00000133250	0.0105409273916325
ENSG00000142347	-0.076402632809599
ENSG00000167785	-0.124827518601899
ENSG00000196110	-0.141029194689379
ENSG00000130818	-0.239507279286389
ENSG00000278611	-0.118581091169706
ENSG00000197961	0.0713957732776538
ENSG00000171469	-0.0731062555170703
ENSG00000171466	-0.237084719205311
ENSG00000224689	-0.346930127896942
ENSG00000277587	-0.654165310643737
ENSG00000127452	0.08554088204017
ENSG00000198258	-0.112787436389204
ENSG00000267289	0.108196539921371
ENSG00000105088	-0.109091561871882
ENSG00000130813	0.126764522575578
ENSG00000130810	0.212917056653961
ENSG00000130811	-0.0700498207697478
ENSG00000105364	-0.0559584575924512
ENSG00000090339	1.0450921572458
ENSG00000220201	-0.127560555756164
ENSG00000267673	-0.223735198302663
ENSG00000105401	0.237561996654112
ENSG00000180739	0.103772100851352
ENSG00000130734	-0.284101089219612
ENSG00000129347	0.208941019150716
ENSG00000129355	0.140954977631916
ENSG00000129353	0.206476368082716
ENSG00000129351	0.128503790087185
ENSG00000213339	0.0936282613144237
ENSG00000079805	-0.113103965764735
ENSG00000214212	-0.0902317745064008
ENSG00000142453	-0.125737240065423
ENSG00000127616	0.0219811844361695
ENSG00000276757	0.237507573073264
ENSG00000130164	0.464723260339395
ENSG00000105518	-0.106538810768645
ENSG00000183401	0.0688095030156227
ENSG00000105520	0.13283375067797
ENSG00000173928	-0.132485024704189
ENSG00000187266	0.146738507294897
ENSG00000205517	0.197881494850497
ENSG00000198003	0.0577666590406232
ENSG00000130175	-0.10608093239845
ENSG00000196361	-0.153324924770023
ENSG00000130159	-0.42975763443963
ENSG00000130176	0.92397430055495
ENSG00000130165	-0.0704022714313195
ENSG00000197933	0.163591638386181
ENSG00000197044	0.0503780010949476
ENSG00000177599	0.0139262842462755
ENSG00000278897	0.0185669489340871
ENSG00000197054	-0.121666603110326
ENSG00000223547	-0.0443334686942289
ENSG00000196646	0.0678510053550065
ENSG00000198342	0.0739193733208812
ENSG00000248406	-0.1929093701776
ENSG00000196466	-0.050998463145471
ENSG00000180855	-0.0254080756101477
ENSG00000249709	-0.157967462263189
ENSG00000173875	-0.0892228556317284
ENSG00000178464	0.313204584402187
ENSG00000104774	-0.175266571581245
ENSG00000105583	-0.165917907336615
ENSG00000095059	-0.0876809671016646
ENSG00000095066	-0.0995036896877892
ENSG00000105607	0.142692305168265
ENSG00000179218	0.309152149173305
ENSG00000008441	-0.00394234949179885
ENSG00000104903	0.138355777971341
ENSG00000104907	0.149921617246909
ENSG00000160877	-0.0690504485698672
ENSG00000104915	-0.0641344640202443
ENSG00000104957	0.190155005447245
ENSG00000104998	0.0890310447242156
ENSG00000187867	-0.580292328475081
ENSG00000141858	-0.0363426982398617
ENSG00000072062	-0.0971626586403195
ENSG00000072071	-0.162706754479246
ENSG00000123136	0.053154711602154
ENSG00000123159	-0.0416235029303952
ENSG00000132002	1.07205543294366
ENSG00000099795	-0.0572534335341437
ENSG00000160961	-0.0987723844733536
ENSG00000127507	0.149406836369776
ENSG00000188269	0.0615900254340922
ENSG00000105137	0.348260884724058
ENSG00000141867	0.074823816237385
ENSG00000105127	0.206376108012746
ENSG00000011243	0.0855815393503243
ENSG00000279716	0.469728488942555
ENSG00000105122	0.201516026034723
ENSG00000267056	0.728187604863526
ENSG00000171903	0.55205871373491
ENSG00000167460	0.323488574195915
ENSG00000279198	0.511086852183166
ENSG00000167461	-0.0561106210725584
ENSG00000072958	-0.0884259762965699
ENSG00000085872	0.0841784142503093
ENSG00000105085	-0.0349203326610025
ENSG00000268087	-0.215681242039899
ENSG00000214046	-0.151920769261328
ENSG00000269044	0.0568364447167391
ENSG00000267904	-0.285073377593558
ENSG00000127511	0.0133776724883172
ENSG00000127533	0.465763560790334
ENSG00000160111	0.415920099908984
ENSG00000269480	-0.00963904976536593
ENSG00000053501	-0.072295093695335
ENSG00000099330	0.286178013009165
ENSG00000160113	-0.0443597054812333
ENSG00000160117	-0.460651094627582
ENSG00000130312	-0.113744608216834
ENSG00000130311	0.0217057131111209
ENSG00000130300	0.0306752607329527
ENSG00000130303	-0.0458640858676845
ENSG00000282851	0.0882462350138036
ENSG00000269053	0.158991162318942
ENSG00000130309	0.159416813117374
ENSG00000130479	-0.180454527571801
ENSG00000105639	0.720651803016097
ENSG00000105640	0.0122050656518884
ENSG00000007080	-0.0302383025812754
ENSG00000105643	0.0550650972508242
ENSG00000096996	-0.0222101879359706
ENSG00000105647	-0.149321442542561
ENSG00000216490	0.725433766145662
ENSG00000130518	0.00548026276196791
ENSG00000130522	0.612117490503433
ENSG00000130513	0.336652111408853
ENSG00000175489	-0.359892376649937
ENSG00000130511	0.129017017325584
ENSG00000105655	0.352582130766073
ENSG00000105656	0.116127859961715
ENSG00000268030	0.52532069144885
ENSG00000167487	0.027748610023029
ENSG00000223802	0.0435112001233369
ENSG00000105669	0.0266329257015909
ENSG00000051128	0.0495332632073505
ENSG00000105676	-0.096768957825984
ENSG00000064545	0.0123707292567499
ENSG00000064490	0.0496873998491911
ENSG00000184162	-0.190339982021847
ENSG00000105705	-0.0524340989089996
ENSG00000064547	-0.308046374292703
ENSG00000089639	0.048966074624375
ENSG00000105708	0.129886320726721
ENSG00000197124	0.0450715846875077
ENSG00000280079	-0.488706694028672
ENSG00000160352	-0.303459668381107
ENSG00000268521	-0.555855893918277
ENSG00000198521	-0.176989123181893
ENSG00000269575	0.0253934497851278
ENSG00000268079	0.187453346563647
ENSG00000269837	0.167717070926672
ENSG00000269397	0.157014871683158
ENSG00000281468	0.56026959615972
ENSG00000267264	-0.352971813992984
ENSG00000267323	0.308732331043794
ENSG00000276251	0.272485720944056
ENSG00000279387	-0.166060396422479
ENSG00000187135	-0.132053063927332
ENSG00000166289	0.53418193270279
ENSG00000131943	-0.0330037699978779
ENSG00000267692	-1.16864479473308
ENSG00000266910	0.344982518657497
ENSG00000198597	-0.0825759441670739
ENSG00000280061	0.0224624540662094
ENSG00000168813	-0.0391744172939264
ENSG00000178904	0.170281117888313
ENSG00000131941	0.243631044558511
ENSG00000289378	-0.403437740865124
ENSG00000245848	-0.303746452641232
ENSG00000267296	-0.0324537248270167
ENSG00000153879	0.0270718525943232
ENSG00000124299	-0.233062370155554
ENSG00000124302	-0.213281770811628
ENSG00000153885	0.0468731291519397
ENSG00000289539	-0.0188697274931119
ENSG00000166398	-0.126089917664863
ENSG00000268751	-0.374550826046097
ENSG00000271049	0.255820581442701
ENSG00000153896	0.078840504556735
ENSG00000089351	0.233792620768654
ENSG00000179066	0.0342796245051031
ENSG00000105697	1.41506111008188
ENSG00000105695	-0.181781833472802
ENSG00000236144	-0.137475195876837
ENSG00000105677	-0.101475488082059
ENSG00000249115	-0.0395500710428149
ENSG00000126254	0.105158867133593
ENSG00000105672	-0.0509285851653756
ENSG00000272333	0.183606406129672
ENSG00000126246	0.0699066477954256
ENSG00000004777	0.0178251147825632
ENSG00000225872	-0.0160119105284742
ENSG00000105290	-0.253380652772532
ENSG00000126264	0.530257120082913
ENSG00000011600	0.163984369144614
ENSG00000126243	-0.186161296714701
ENSG00000267388	0.154067432399883
ENSG00000105270	-0.0736380872960683
ENSG00000105254	0.11805976312946
ENSG00000196357	-0.00529885150615478
ENSG00000167635	-0.0724080215137703
ENSG00000232677	-0.064157167124791
ENSG00000142065	-0.154540312335187
ENSG00000267142	-0.297446795639821
ENSG00000186017	0.00610357275333075
ENSG00000267309	-0.352726658301957
ENSG00000267091	-0.194432963314118
ENSG00000254004	-0.244233042204912
ENSG00000186020	-0.138547270375124
ENSG00000225975	-0.245907983995025
ENSG00000197863	-0.170105055253847
ENSG00000189164	-0.0607971284525464
ENSG00000266916	-0.256611966465484
ENSG00000188227	-0.0589460474600342
ENSG00000180458	-0.0731290211808015
ENSG00000267470	-0.0428102303709019
ENSG00000196381	-0.0405831535233133
ENSG00000267319	-0.418357540936936
ENSG00000011332	-0.11886698337239
ENSG00000167641	0.1144155784801
ENSG00000167645	-0.0360913771261213
ENSG00000099337	0.0495450407559253
ENSG00000099341	-0.0694400889124803
ENSG00000179168	0.0640379981248036
ENSG00000188766	0.158012819143177
ENSG00000130244	-0.152484732142701
ENSG00000171777	-0.317456879100983
ENSG00000267892	0.174976306611201
ENSG00000269688	0.474579177305509
ENSG00000068903	-0.338586950670194
ENSG00000262484	-0.0210441453102185
ENSG00000104835	-0.00811217392200244
ENSG00000161243	-0.0815599724991248
ENSG00000183760	-0.0455100069212474
ENSG00000130755	0.184196313019539
ENSG00000006712	0.294017954867176
ENSG00000063322	0.0698727404605878
ENSG00000288919	0.357578069484777
ENSG00000090924	0.813542197331683
ENSG00000105193	0.0916657192684968
ENSG00000105197	0.00542276894016354
ENSG00000090932	-0.224548146709134
ENSG00000176396	0.020422129259745
ENSG00000276445	-0.485787901215317
ENSG00000105204	-0.235445499201375
ENSG00000275395	-0.661598759811821
ENSG00000013275	-0.0302292957728089
ENSG00000197782	-0.110098764214241
ENSG00000105223	-0.356858433662447
ENSG00000279759	-0.000912715566983181
ENSG00000105227	1.04894923481287
ENSG00000197019	0.529692435922853
ENSG00000105245	0.386253444104911
ENSG00000123815	0.215423470869854
ENSG00000086544	0.721715880279369
ENSG00000077312	0.11738902906548
ENSG00000261857	0.662286643170147
ENSG00000167578	-0.184994215989806
ENSG00000269652	0.381088159882639
ENSG00000105329	0.201847822496244
ENSG00000142039	-0.0724475886737206
ENSG00000123810	0.100539165035142
ENSG00000077348	-0.0780492825334824
ENSG00000248098	0.0778737566780619
ENSG00000105341	-0.212817054120893
ENSG00000267107	0.101874429075062
ENSG00000289298	0.248847164571448
ENSG00000268355	-1.16640782057329
ENSG00000268027	0.0901961161170722
ENSG00000105372	-0.0432749320859529
ENSG00000105404	-0.154739995732234
ENSG00000028277	0.0216199575757377
ENSG00000259436	-0.0115841412569005
ENSG00000160570	0.256955398611115
ENSG00000105723	-0.15147731665901
ENSG00000105722	0.450095670006827
ENSG00000079432	0.0603302517904862
ENSG00000079462	-0.0727696127398193
ENSG00000079435	0.174731987053299
ENSG00000225877	0.0774039821702527
ENSG00000124466	0.341228604638965
ENSG00000176531	0.232776420564719
ENSG00000105755	0.0694137295900089
ENSG00000176472	0.0668151919684073
ENSG00000073050	-0.0179066592984609
ENSG00000105767	-0.138322475398934
ENSG00000105771	-0.00079778215838996
ENSG00000176222	0.0588596735388373
ENSG00000267058	-0.40130650935468
ENSG00000178386	-0.0844998794918235
ENSG00000186019	-0.343452086654521
ENSG00000289428	-0.135480315375064
ENSG00000167380	0.157448491749373
ENSG00000159915	-0.0432085560764595
ENSG00000267508	-0.122924929293414
ENSG00000073008	0.332722145399453
ENSG00000186567	0.145233557724847
ENSG00000069399	1.26144327094597
ENSG00000187244	0.701342603684818
ENSG00000130202	0.435260246839073
ENSG00000130204	0.0426204055381742
ENSG00000104856	0.472206260014609
ENSG00000179846	-0.220475296307435
ENSG00000007255	-0.19722196683867
ENSG00000189114	-0.189868529773533
ENSG00000213889	-0.0711013038829834
ENSG00000125753	0.319409248829848
ENSG00000177464	0.946595634103553
ENSG00000125743	-0.00319409287977179
ENSG00000177051	-0.0378758506468437
ENSG00000267395	0.111984378269642
ENSG00000185800	-0.0967450153932552
ENSG00000170604	0.0626805799301363
ENSG00000176182	-0.141225960773316
ENSG00000104967	-0.0882080907700833
ENSG00000268460	0.190188368539114
ENSG00000124440	0.205696997231781
ENSG00000269124	0.869247522252465
ENSG00000011485	0.0143332868214986
ENSG00000204850	0.236865992257145
ENSG00000160013	0.513450825157595
ENSG00000197380	-0.0772307002493776
ENSG00000105287	0.343068217184015
ENSG00000090372	0.103582611029085
ENSG00000181027	-0.0629865029223061
ENSG00000286669	0.423985534959714
ENSG00000105321	0.332995956489697
ENSG00000257704	0.142027577899482
ENSG00000134830	-0.0134607073131363
ENSG00000134815	0.0796462554311142
ENSG00000118162	0.132226883393317
ENSG00000268061	-0.0964290827332917
ENSG00000105402	-0.0601569957746391
ENSG00000024422	0.656606301493554
ENSG00000105486	-0.0165562327508231
ENSG00000185453	-0.0396195373396594
ENSG00000105483	-0.0789539886021789
ENSG00000268583	-0.43923166997967
ENSG00000268001	-0.383638190774519
ENSG00000142227	0.245971625936536
ENSG00000161558	-0.178657616980988
ENSG00000105443	-0.0985991032873672
ENSG00000105516	0.0780392320934038
ENSG00000063180	0.0815182122832015
ENSG00000176920	-0.0816900068125316
ENSG00000174951	0.5341362468557
ENSG00000087074	1.28588378936456
ENSG00000104805	0.229419878403867
ENSG00000087088	0.0604880423153206
ENSG00000183207	0.00858691865463449
ENSG00000104863	-0.170694195958627
ENSG00000221916	0.0652842421316223
ENSG00000130529	0.0233071720117096
ENSG00000104894	0.020414983976901
ENSG00000074219	0.533716233630146
ENSG00000104872	0.0273850631696588
ENSG00000200259	2.9024844256243
ENSG00000142534	0.0570200051897027
ENSG00000104870	0.189359669229759
ENSG00000142552	0.0311006460572265
ENSG00000142546	0.0242190882064205
ENSG00000126458	0.512957291877971
ENSG00000126461	-0.0497902277447391
ENSG00000126456	0.115523902042611
ENSG00000126457	0.148315449008155
ENSG00000224420	1.00173641025521
ENSG00000169169	-0.0362135765227482
ENSG00000196961	-0.0701319280200748
ENSG00000010361	-0.115025292321797
ENSG00000104973	0.0361399387999551
ENSG00000268006	-0.135465109572394
ENSG00000104960	-0.220641432825332
ENSG00000204673	-0.273086027020299
ENSG00000104946	-0.0410310127800029
ENSG00000104951	0.187904442326498
ENSG00000213024	-0.0205851568470702
ENSG00000161643	-0.00682592290436925
ENSG00000142528	0.0506389270184885
ENSG00000131408	0.0477565465745058
ENSG00000161677	-0.104574917096032
ENSG00000204653	0.0626771506767371
ENSG00000131409	-0.2604050655918
ENSG00000167747	0.10246650627379
ENSG00000167755	-0.23816449149329
ENSG00000129437	0.0012485541333071
ENSG00000142544	-0.102147705825781
ENSG00000129450	0.283338071473113
ENSG00000168995	-0.331767849548931
ENSG00000262874	-0.267015699184786
ENSG00000105366	-0.551829711627503
ENSG00000105497	-0.187802673152818
ENSG00000289037	-0.0922682080908773
ENSG00000269959	-0.417015578741284
ENSG00000182310	0.302255076735445
ENSG00000171051	-0.00979429671830129
ENSG00000161551	-0.153701722860574
ENSG00000176024	-0.0936033492715869
ENSG00000197619	-0.221797799473347
ENSG00000256087	-0.0596866413398095
ENSG00000260160	0.0914256016498548
ENSG00000204611	-0.17216182701771
ENSG00000196214	-0.167076403650916
ENSG00000167554	-0.250078571051312
ENSG00000269834	-0.138461529116351
ENSG00000167555	0.0732215271607729
ENSG00000198482	-0.190075035586694
ENSG00000167562	-0.00310429147377451
ENSG00000288953	-0.22060798266802
ENSG00000213020	-0.0791517864707177
ENSG00000198538	-0.148227837172594
ENSG00000204604	-0.131315994531244
ENSG00000170949	-0.0518077436976688
ENSG00000170954	-0.265546605628233
ENSG00000213799	-0.206872792379418
ENSG00000160336	-0.191848898397611
ENSG00000170909	0.450032371259217
ENSG00000088038	0.130022499278847
ENSG00000105617	0.102724511891768
ENSG00000125505	-0.0667086865934607
ENSG00000204577	0.273900838932967
ENSG00000105609	-0.323882889989166
ENSG00000131042	0.196084315523378
ENSG00000187116	-0.179456338070911
ENSG00000167613	0.246502783984069
ENSG00000167614	0.00860352043847461
ENSG00000268496	0.194257877946832
ENSG00000267838	0.0565649212053794
ENSG00000226696	0.134035453116661
ENSG00000235681	-0.298815042819703
ENSG00000167617	0.301098819802425
ENSG00000239998	-0.359624273688908
ENSG00000104974	0.0125250604037384
ENSG00000104972	0.294708373161306
ENSG00000186818	-0.0931033642956737
ENSG00000287170	-0.194420725666838
ENSG00000105063	-0.118912129777162
ENSG00000160471	-0.0579066522808884
ENSG00000108107	-0.103732064401324
ENSG00000187902	0.0244906537014646
ENSG00000197483	0.240544097038753
ENSG00000218891	0.0224268761867464
ENSG00000179943	-0.205957074668402
ENSG00000171443	0.0034566706841545
ENSG00000276488	-0.447445818214664
ENSG00000267096	-0.126903225850309
ENSG00000063245	-0.025009754197296
ENSG00000267117	-0.20175534045947
ENSG00000167685	0.0205692491041021
ENSG00000018869	-0.033037039302657
ENSG00000267454	-0.0347949827680564
ENSG00000198046	-0.32242585759074
ENSG00000267224	-0.330832816324702
ENSG00000267421	-0.150738747341082
ENSG00000196867	-0.117989015869257
ENSG00000269696	-0.154044859063967
ENSG00000197016	-0.345020468179312
ENSG00000197951	-0.170472096992869
ENSG00000105146	-0.373785264255924
ENSG00000204524	0.0397470853432686
ENSG00000197714	0.184940376102026
ENSG00000178229	0.0945986265447942
ENSG00000188785	0.182796951778247
ENSG00000186272	0.140949937506309
ENSG00000178201	-0.499883235323717
ENSG00000152439	-0.179569138171326
ENSG00000121406	-0.109991968375422
ENSG00000251369	-0.175648714557732
ENSG00000171649	-0.060815226474887
ENSG00000183647	-0.219060514810015
ENSG00000213762	-0.0534656313139764
ENSG00000179909	0.0314812722555752
ENSG00000083814	-0.0553941632515512
ENSG00000152443	-0.182596892559597
ENSG00000083828	-0.113835839108492
ENSG00000269343	0.0412073583598724
ENSG00000204514	-0.273252529246824
ENSG00000198466	-0.0970687817437357
ENSG00000270804	-0.0809051487427175
ENSG00000173480	-0.0595748063704163
ENSG00000196724	-0.0530743937103984
ENSG00000152454	-0.0479010826408624
ENSG00000243234	0.389076768788642
ENSG00000177025	0.22138004644615
ENSG00000176593	-0.317040753063963
ENSG00000152467	-0.100632958898057
ENSG00000176293	0.0585656218902008
ENSG00000243642	-0.173861476215545
ENSG00000181894	-0.205985399957525
ENSG00000269236	0.072402153011136
ENSG00000171606	-0.0740687485620399
ENSG00000142396	-0.0215776288351814
ENSG00000283103	0.335382962392334
ENSG00000279611	0.461816849201516
ENSG00000174586	0.109621916521698
ENSG00000268049	-0.00673529930074854
ENSG00000083845	-0.140747236714397
ENSG00000171574	-0.127386323573961
ENSG00000131849	-0.0334015652525675
ENSG00000083812	0.052372325864793
ENSG00000083838	-0.048865475403589
ENSG00000130724	0.107214106955942
ENSG00000130725	0.0188812944531238
ENSG00000099326	-0.0108323570131968
ENSG00000196476	-0.270042177838585
ENSG00000247315	-0.121246236911093
ENSG00000286158	0.234388191457056
ENSG00000177732	0.127494782699368
ENSG00000125841	-0.124854904981191
ENSG00000101255	0.340418726027833
ENSG00000125875	-0.250123647944312
ENSG00000271303	0.0678954586084962
ENSG00000101276	0.291974374152846
ENSG00000101282	-0.179368844519824
ENSG00000125895	-0.028296656412186
ENSG00000125775	0.0607823263070377
ENSG00000229728	-0.226372600449989
ENSG00000088832	0.253553743342988
ENSG00000196209	-0.388231534807397
ENSG00000198053	-0.290885602932264
ENSG00000125834	-0.0769256944536238
ENSG00000125835	0.118778898515419
ENSG00000101361	0.0520052044753419
ENSG00000132635	-0.0139743599149734
ENSG00000132670	-0.091971834549555
ENSG00000185019	-0.130347010714509
ENSG00000215251	-0.0789518906103605
ENSG00000289494	-0.0193644695969155
ENSG00000125877	-0.0865465399646049
ENSG00000088854	-0.20231296910004
ENSG00000088812	-0.202630408486643
ENSG00000125817	0.0170894435803771
ENSG00000101224	-0.0636835775102657
ENSG00000125843	-0.256478649944353
ENSG00000088888	-0.228777446408881
ENSG00000125779	-0.00594000302324574
ENSG00000226608	-0.128050779447336
ENSG00000101265	-0.389622223523102
ENSG00000089057	-0.20601848935213
ENSG00000089063	-0.205614390840701
ENSG00000125772	0.101399940497697
ENSG00000089195	-0.0786097222504238
ENSG00000125885	-0.231627338226861
ENSG00000275632	-0.663203017428977
ENSG00000088766	0.0908887327552313
ENSG00000278192	-0.68533368294235
ENSG00000101311	-0.326251842238775
ENSG00000125863	-0.310818845957046
ENSG00000101384	0.557053559315378
ENSG00000132640	-0.0813369333155825
ENSG00000101247	-0.0525102584376128
ENSG00000125868	0.0758615623482005
ENSG00000089006	-0.159520564580604
ENSG00000132664	-0.133158582800487
ENSG00000214612	0.26190088704421
ENSG00000232388	-0.143687835673612
ENSG00000125821	-0.0687735103266951
ENSG00000179935	-0.151009627158035
ENSG00000268628	-0.160544183346408
ENSG00000101343	-0.108347393504926
ENSG00000088970	-0.22939352441965
ENSG00000088930	0.0370178038393361
ENSG00000225280	0.270523827815101
ENSG00000223128	-0.0666296296467509
ENSG00000278041	-0.119725410145406
ENSG00000125820	-0.240762066565609
ENSG00000289590	-0.230148559920892
ENSG00000289431	-0.0815337501930035
ENSG00000178726	0.899392505125205
ENSG00000279447	0.350249584032967
ENSG00000125810	1.58359265722144
ENSG00000132661	0.518122937504256
ENSG00000232645	0.363287122994419
ENSG00000101463	-0.0269949504836481
ENSG00000274173	0.519640582437592
ENSG00000077984	0.291490569481184
ENSG00000154930	0.0544720970589447
ENSG00000277938	-0.141062310769825
ENSG00000100994	0.0774727184938039
ENSG00000276952	0.443526527124814
ENSG00000100997	-0.287573191972439
ENSG00000101004	-0.141477955490162
ENSG00000170191	0.0698495701651383
ENSG00000278383	0.0401545939290062
ENSG00000149531	-0.129995467833016
ENSG00000274364	-0.181441489574584
ENSG00000171552	-0.11678182161294
ENSG00000149599	0.13923224788493
ENSG00000131044	-0.122971476574103
ENSG00000088356	-0.156372082848189
ENSG00000101336	0.153393686467817
ENSG00000101337	-0.0496043747696867
ENSG00000235217	-0.314045103174701
ENSG00000126003	-0.113254396475632
ENSG00000101346	-0.024026063164437
ENSG00000101350	-0.164315755918224
ENSG00000171456	0.055768816246956
ENSG00000197183	-0.0516631122080466
ENSG00000149600	-0.0886926757490458
ENSG00000101391	-0.0328987895930838
ENSG00000101417	-0.289290755449262
ENSG00000285230	-0.0407191404423426
ENSG00000277558	0.203477474007499
ENSG00000125971	-0.0502682171542572
ENSG00000101460	-0.0278025145235681
ENSG00000100983	-0.100651724942466
ENSG00000100991	-0.0418119566268392
ENSG00000101000	0.328485799079175
ENSG00000126001	-0.17272608080437
ENSG00000125991	-0.188804526658047
ENSG00000061656	0.219868159807946
ENSG00000244462	0.305168645715697
ENSG00000025293	-0.197108179010402
ENSG00000088367	-0.187822039150762
ENSG00000232406	-0.0123949534720272
ENSG00000131043	-0.0950414866295106
ENSG00000080845	0.0580575368748527
ENSG00000118707	0.269558728302894
ENSG00000101084	-0.125710141287498
ENSG00000149639	0.0246961803211556
ENSG00000101347	-0.00781218966890423
ENSG00000118705	-0.0407823550269067
ENSG00000197122	-0.053793383229399
ENSG00000101407	-0.0340374364602099
ENSG00000101413	-0.00884067066569483
ENSG00000198959	1.35264260796617
ENSG00000149633	-0.155767150635112
ENSG00000277829	0.119708932074711
ENSG00000196756	0.37533501598576
ENSG00000235408	0.494866062730264
ENSG00000174365	-0.164967988512679
ENSG00000101442	0.159675468079798
ENSG00000199691	0.783131700846519
ENSG00000101445	-0.0977812482746668
ENSG00000101452	-0.162030019100038
ENSG00000174306	-0.0954436549672735
ENSG00000183798	-0.184357747611546
ENSG00000124177	-0.101665080078544
ENSG00000124193	-0.0897890185582972
ENSG00000101049	-0.349723442760698
ENSG00000282876	0.218910739884541
ENSG00000101052	-0.0766416368077393
ENSG00000149596	0.102689208848164
ENSG00000223891	-0.186431556695108
ENSG00000168734	0.351338427491599
ENSG00000196839	0.0963907002382653
ENSG00000101104	0.0783189993561617
ENSG00000101109	-0.136731347062923
ENSG00000124102	0.155694251144096
ENSG00000204070	-0.0911878714054107
ENSG00000124251	-0.0402626231595048
ENSG00000232880	-0.537685932706506
ENSG00000244274	-0.0573106745190806
ENSG00000124155	-0.0782545083624219
ENSG00000277022	-0.777024796247466
ENSG00000101457	-0.0628933623210019
ENSG00000101473	-0.266878762738235
ENSG00000285796	-0.315311180050237
ENSG00000100982	-0.00778310767945244
ENSG00000198026	0.136342631531163
ENSG00000100985	0.114347727964288
ENSG00000124160	-0.0307541310520297
ENSG00000101017	0.486234943450786
ENSG00000149654	-0.130155250817598
ENSG00000080189	-0.225927168775783
ENSG00000062598	0.0148268157131271
ENSG00000158296	0.0630389941777199
ENSG00000101040	0.034591422889394
ENSG00000124126	-0.0299860708948821
ENSG00000124198	-0.041496501129054
ENSG00000158470	0.0260819888416126
ENSG00000197818	0.0494162926868558
ENSG00000158480	-0.217179898609371
ENSG00000229222	0.228731482893548
ENSG00000124216	0.808103540660068
ENSG00000244687	-0.00913680444081347
ENSG00000172216	0.872583177771834
ENSG00000042062	-0.0964281640315293
ENSG00000000419	0.133546406066554
ENSG00000171940	0.252204800334159
ENSG00000236352	-0.568309566282301
ENSG00000101132	-0.115868808455888
ENSG00000022277	-0.181614471879557
ENSG00000124097	-0.0348622812997105
ENSG00000278709	0.191869729259501
ENSG00000215440	0.0350120964600474
ENSG00000087460	-0.348505489801219
ENSG00000101160	-0.422045733089533
ENSG00000124205	-0.284925314717469
ENSG00000238194	-0.0570839280221482
ENSG00000132825	0.0047467315271004
ENSG00000286232	-0.0622886549601775
ENSG00000149657	0.00232702160603722
ENSG00000101182	0.0477494335437756
ENSG00000101181	-0.154730414767702
ENSG00000130703	-0.160763240170408
ENSG00000130706	0.0872002083357346
ENSG00000226332	0.413484359461714
ENSG00000130702	0.745584461837739
ENSG00000171858	0.172463538834119
ENSG00000101187	0.406372917385863
ENSG00000277496	0.103141450896557
ENSG00000232803	-0.0170671589409495
ENSG00000101189	0.148547456805628
ENSG00000060491	0.259369968302998
ENSG00000092758	-0.0490205787059828
ENSG00000273759	0.0381510129104132
ENSG00000101194	0.335713246345088
ENSG00000149658	0.257863845235398
ENSG00000101198	-0.167724880371728
ENSG00000275620	0.0663027193732678
ENSG00000101203	-0.361910333889656
ENSG00000125534	0.116089471478334
ENSG00000101213	0.120321650617255
ENSG00000125508	0.179794746456464
ENSG00000130589	0.133328204553151
ENSG00000101216	0.0887463328945456
ENSG00000232442	0.074570005611491
ENSG00000243509	1.37214203097725
ENSG00000125520	0.359589830812977
ENSG00000130584	-0.0255395653560208
ENSG00000268858	-0.237076592817181
ENSG00000280213	-0.47948079422342
ENSG00000196700	0.0754442554403892
ENSG00000101161	0.0404674931258251
ENSG00000171700	0.286520794374081
ENSG00000277117	0.0994389742651436
ENSG00000280800	0.450687390548458
ENSG00000185272	-0.23584668348776
ENSG00000155307	-0.201564630752376
ENSG00000180530	-0.0485124745627445
ENSG00000232560	-0.21232165775604
ENSG00000154639	0.183382449684044
ENSG00000154642	-0.163165114970209
ENSG00000244676	-0.138805798760215
ENSG00000234883	0.081195783506698
ENSG00000260583	-0.137682447932035
ENSG00000154721	0.243884241775948
ENSG00000154734	1.43130133439501
ENSG00000156239	-0.130568919234759
ENSG00000176054	0.274371340011052
ENSG00000156256	-0.0220643280620522
ENSG00000156261	-0.242291247224263
ENSG00000273017	-0.367308537885989
ENSG00000174680	-0.0586684395298662
ENSG00000142168	-0.236965771797418
ENSG00000238390	0.934771803531745
ENSG00000273271	0.0991827904541241
ENSG00000159055	-0.0468363281869876
ENSG00000227256	-0.0458780654903142
ENSG00000166979	0.0877303678595752
ENSG00000159079	0.14937817468538
ENSG00000238197	-0.156721763059279
ENSG00000227757	-0.316377783594103
ENSG00000205927	-0.0168133722605683
ENSG00000184221	-0.114301979754025
ENSG00000159128	0.0285464566365969
ENSG00000142188	-0.00285613408551896
ENSG00000231355	-0.420584734692565
ENSG00000159140	-0.102833809790937
ENSG00000205726	-0.176238435543735
ENSG00000243927	-0.0361128150301308
ENSG00000198743	0.455366393047782
ENSG00000214914	0.067209085560048
ENSG00000185917	0.0722989558071014
ENSG00000159231	-0.126233051504395
ENSG00000159256	0.0483521041052601
ENSG00000228107	-0.212709548235278
ENSG00000159259	0.174385308151002
ENSG00000159267	-0.108000694315687
ENSG00000289404	0.659682564962724
ENSG00000157557	1.152268428623
ENSG00000232837	0.14570220725173
ENSG00000185658	0.0175612891226579
ENSG00000185437	0.327377285322714
ENSG00000226496	0.601380165304426
ENSG00000183486	-0.0382061645800045
ENSG00000157601	-0.129491302918178
ENSG00000157617	-0.0566146030923102
ENSG00000160179	-0.0637666506531252
ENSG00000160190	0.0226646878839533
ENSG00000160191	0.049241605823571
ENSG00000160199	-0.110550659305907
ENSG00000160208	-0.0666569879929641
ENSG00000160213	-0.0143894172317397
ENSG00000226543	-0.604220785418318
ENSG00000160216	-0.0420491280678553
ENSG00000160218	-0.111951318360562
ENSG00000160224	-0.402374606420635
ENSG00000141959	0.321014309492178
ENSG00000160226	-0.0246759081370935
ENSG00000224747	0.21298540614939
ENSG00000274225	0.494393437797889
ENSG00000287088	0.11315503441292
ENSG00000184900	-0.0116284961381642
ENSG00000160255	-0.00535247531328621
ENSG00000183250	0.0248746374216285
ENSG00000276529	-0.264653908542893
ENSG00000234880	-0.101801757560668
ENSG00000235374	-0.0596185756257624
ENSG00000273796	0.0873502294864538
ENSG00000280604	0.162017369400738
ENSG00000289224	0.347417655342697
ENSG00000160285	0.0111191857541586
ENSG00000223901	0.196341879241598
ENSG00000160294	-0.0858153203612471
ENSG00000239415	0.0797075327784468
ENSG00000160299	-0.0319190767453156
ENSG00000160310	-0.27518448053344
ENSG00000289511	0.0586249431828608
ENSG00000273203	-0.0716151147132717
ENSG00000177663	-0.112162015814464
ENSG00000183307	-0.104986651248937
ENSG00000093072	-0.593130175617173
ENSG00000099954	0.0265509560493335
ENSG00000131100	-0.275251707470283
ENSG00000015475	-0.0665961679018462
ENSG00000243156	-0.0319799635540273
ENSG00000184979	-0.0365318011112051
ENSG00000100033	0.382922559241738
ENSG00000070413	-0.248895392391849
ENSG00000273311	0.102663033929869
ENSG00000281530	0.511229960585848
ENSG00000100075	0.00259516439373693
ENSG00000070371	0.155745672545092
ENSG00000185608	-0.0216666545448793
ENSG00000273300	0.35698186449726
ENSG00000287652	-0.203871009328116
ENSG00000184113	0.62684818192942
ENSG00000236540	-0.125376755982946
ENSG00000099899	0.12710541740604
ENSG00000099901	0.0168092375459682
ENSG00000040608	-0.110471920622325
ENSG00000128185	-0.119831366935137
ENSG00000185252	-0.138750534457337
ENSG00000226287	-0.221852936540621
ENSG00000099940	-0.0852710203075793
ENSG00000099942	-0.152973153939854
ENSG00000184436	0.061001078887672
ENSG00000099957	-0.174146900640966
ENSG00000169635	-0.0622249894885722
ENSG00000185651	-0.178068430707966
ENSG00000273342	0.19404738147978
ENSG00000128228	0.64082488583515
ENSG00000100023	0.082163044546984
ENSG00000100027	-0.184847396896164
ENSG00000100030	-0.0886792697261365
ENSG00000100034	-0.212430448130578
ENSG00000211640	-0.397311272483024
ENSG00000272779	0.0789307528371751
ENSG00000278196	-0.113137557836283
ENSG00000128266	-0.17353795401541
ENSG00000186716	0.251907926155611
ENSG00000272578	0.139820305090424
ENSG00000099956	0.0293650510133539
ENSG00000133460	-0.0965330326832735
ENSG00000272787	-0.455470544518522
ENSG00000232545	0.341878731090345
ENSG00000099998	0.886279264790949
ENSG00000128271	0.441727443665698
ENSG00000138867	-0.14095658488215
ENSG00000100031	0.0683436353830937
ENSG00000284128	0.149720466830707
ENSG00000284070	-0.0560694181844034
ENSG00000167037	-0.0839590278423754
ENSG00000272942	-0.59932612185219
ENSG00000271138	-0.0880178011876486
ENSG00000100058	-0.0996239974894404
ENSG00000272977	-0.00116456871005974
ENSG00000224003	-0.120901029111051
ENSG00000128294	0.0148208834254283
ENSG00000100209	0.157303305887905
ENSG00000159873	0.0752227765824383
ENSG00000100219	0.697260171018869
ENSG00000182944	0.134268878325113
ENSG00000185340	0.0183649746750758
ENSG00000100276	-0.10413325790079
ENSG00000225465	-0.241561928428765
ENSG00000100296	-0.128754818280544
ENSG00000128342	1.68232706258875
ENSG00000268812	0.204900349284766
ENSG00000099985	0.125866389658462
ENSG00000239282	0.113442021289328
ENSG00000099992	0.175019174747825
ENSG00000099999	-0.0809135584680303
ENSG00000100003	-0.0109076672240753
ENSG00000273350	0.0113284185314489
ENSG00000242114	0.306471230998552
ENSG00000128242	-0.100297413427383
ENSG00000185339	0.190669062771147
ENSG00000167065	-0.126179269432435
ENSG00000250318	0.133473672480187
ENSG00000184792	-0.19235925478842
ENSG00000133422	-0.0123567098424886
ENSG00000253352	0.0314152315356331
ENSG00000273387	-0.549317983915164
ENSG00000198832	0.271583949380981
ENSG00000138942	-0.153964794193089
ENSG00000100100	-0.367304560725909
ENSG00000100105	0.158254592532777
ENSG00000213888	-0.45853610655695
ENSG00000287817	-0.044470415230257
ENSG00000241878	0.0934141959887377
ENSG00000183530	-0.204334982523466
ENSG00000100150	-0.0488053843390734
ENSG00000232346	0.419053975728482
ENSG00000100281	0.0256867996828083
ENSG00000273044	0.245219629011891
ENSG00000221963	0.425461159892657
ENSG00000128284	0.552557983661799
ENSG00000100336	0.894837152572808
ENSG00000128335	0.0719222028960878
ENSG00000100342	0.623025049112972
ENSG00000100345	0.478305853272883
ENSG00000100350	-0.146120356241014
ENSG00000100360	-0.116102682681173
ENSG00000100365	0.279651477684444
ENSG00000100368	0.172476967781908
ENSG00000128311	0.155340190545188
ENSG00000128309	-0.0447245517670904
ENSG00000287236	-0.394588161973551
ENSG00000100379	-0.268482562019674
ENSG00000133466	0.0525960228266302
ENSG00000128340	0.403611884857788
ENSG00000100055	0.0921799973651538
ENSG00000166897	-0.293200226513103
ENSG00000100060	0.0507961971788747
ENSG00000100092	0.0373791164157735
ENSG00000100097	-0.272616816197088
ENSG00000273899	-0.0943309222524257
ENSG00000189060	0.236948020472725
ENSG00000100124	-0.0437466538782822
ENSG00000272582	-0.364946622058596
ENSG00000100142	0.0496957305041929
ENSG00000100146	-0.0775357008920797
ENSG00000222044	-0.174990293544827
ENSG00000273214	0.466792183559421
ENSG00000100156	0.265045702748058
ENSG00000128298	0.184716641203699
ENSG00000272720	0.420406252860092
ENSG00000184381	0.0831773681884444
ENSG00000185022	1.14594011303965
ENSG00000198792	-0.123404962280433
ENSG00000235246	0.33596297423656
ENSG00000213923	0.120679979179913
ENSG00000100211	0.0351789256646595
ENSG00000100216	0.011746112539717
ENSG00000100226	0.128057018152861
ENSG00000230149	0.621323278250218
ENSG00000273096	0.247023512808033
ENSG00000244509	0.000930883420042946
ENSG00000243811	0.0562107554362653
ENSG00000128394	0.0754515034290583
ENSG00000239713	0.122746016939204
ENSG00000100298	0.0317309706984821
ENSG00000279833	-0.184806638691077
ENSG00000100311	-0.592505790678497
ENSG00000209480	0.0733459814891735
ENSG00000280216	0.0575324868774955
ENSG00000100324	0.0444569662523142
ENSG00000128268	-0.118350602192868
ENSG00000100335	-0.0412194509567999
ENSG00000187051	-0.110682857133979
ENSG00000196588	-0.028165986575226
ENSG00000128285	-0.331180237221712
ENSG00000100372	-0.00847238910171948
ENSG00000100380	-0.0631323650527314
ENSG00000196236	-0.239530286628155
ENSG00000100387	-0.0863896173987035
ENSG00000100393	-0.152117947568061
ENSG00000100395	-0.0503338405663293
ENSG00000235513	0.0903655160718712
ENSG00000100399	-0.146937218536757
ENSG00000100401	-0.204690709508522
ENSG00000273424	0.0335826404534917
ENSG00000183864	0.264364153600624
ENSG00000100412	-0.00334549209279295
ENSG00000100413	0.012024480463516
ENSG00000184208	-0.0428770552144988
ENSG00000100147	-0.037591398622455
ENSG00000198911	0.0331796206265808
ENSG00000205704	-0.152367814670921
ENSG00000198951	0.067971847763193
ENSG00000177096	-0.0234815689287439
ENSG00000183172	-0.113414367955624
ENSG00000213790	-0.183209593701252
ENSG00000226450	-0.128950929710305
ENSG00000229891	0.220668919308828
ENSG00000235568	-0.47478721033957
ENSG00000128274	0.54473104127644
ENSG00000242247	0.295476088631065
ENSG00000100271	-0.126286122862709
ENSG00000100300	-0.082199980392984
ENSG00000186732	-0.334199972276601
ENSG00000280434	0.153291860437576
ENSG00000138964	-0.0189691236724141
ENSG00000188636	-0.171076946652555
ENSG00000130638	-0.185723196414813
ENSG00000182257	-0.348369874478733
ENSG00000197182	0.120224834172259
ENSG00000289044	-0.450748762926352
ENSG00000130943	-0.127044638239927
ENSG00000075234	0.0560268774761771
ENSG00000277232	-0.357575682175953
ENSG00000075240	-0.207951638887001
ENSG00000260708	0.549343017985995
ENSG00000278881	0.109325871360472
ENSG00000205632	-0.0868316639027416
ENSG00000286381	-0.202526630191928
ENSG00000235111	-0.446991336905481
ENSG00000198355	0.196398253661968
ENSG00000170638	0.0235410004797125
ENSG00000188130	0.206063817796374
ENSG00000185386	0.117029625789844
ENSG00000100241	-0.00401002676226454
ENSG00000128165	-0.0512434526843128
ENSG00000025770	-0.0763921762019337
ENSG00000284194	0.0966827055184722
ENSG00000025708	0.824224021447674
ENSG00000177989	0.195294225369564
ENSG00000130487	-0.0982133475289462
ENSG00000272940	-0.278856249873732
ENSG00000251322	0.0603712307058949
ENSG00000100312	0.110370189091586
ENSG00000184319	-0.41868487971828
ENSG00000178605	-0.321057808442491
ENSG00000226179	-0.239251727043561
ENSG00000167393	-0.00642122526232213
ENSG00000198223	-0.435372488332909
ENSG00000185291	0.293893043842731
ENSG00000169100	-0.145059899489426
ENSG00000169093	0.0455234207178078
ENSG00000197976	0.306195900568534
ENSG00000183943	-0.133180649692073
ENSG00000101850	-0.138114700563369
ENSG00000146950	-0.165973288047919
ENSG00000047644	-0.0341406442061383
ENSG00000004961	-0.124088644192721
ENSG00000101911	-0.00944608788504536
ENSG00000196664	-0.485317177241969
ENSG00000101916	-0.456615633194508
ENSG00000197582	-2.50689092546771
ENSG00000176896	0.0223394970813167
ENSG00000046651	0.200669616756183
ENSG00000046647	-0.105147793256383
ENSG00000087842	-0.0641036161106365
ENSG00000186312	-0.304468239332125
ENSG00000169249	0.162095819254562
ENSG00000182287	0.0125372965622602
ENSG00000047230	-0.13358337069702
ENSG00000102054	-0.0877294594854149
ENSG00000169891	-0.174251676552167
ENSG00000047634	0.290734257494044
ENSG00000131831	0.110582682671243
ENSG00000008086	0.0503720608977579
ENSG00000044446	-0.00405075019861814
ENSG00000173681	-0.0497429309157354
ENSG00000173674	0.0479652766163341
ENSG00000177189	0.0311174685919433
ENSG00000012174	-0.280576125343661
ENSG00000165186	-0.0585762859688692
ENSG00000184831	-0.257141485563004
ENSG00000005889	-0.00308620723732445
ENSG00000102230	-0.291998179747989
ENSG00000169297	-0.62927070491269
ENSG00000120280	-0.353030401451133
ENSG00000198814	0.0899501016282941
ENSG00000219186	0.302119140374011
ENSG00000165168	-0.235235133608347
ENSG00000156313	0.26528045577398
ENSG00000165175	0.164145179338084
ENSG00000183337	0.0544713720532474
ENSG00000288856	0.16078807092482
ENSG00000185753	-0.0664296689875107
ENSG00000180182	-0.047705541435988
ENSG00000216866	0.519685834325713
ENSG00000124486	-0.0698760446791345
ENSG00000171659	-0.152657909199015
ENSG00000228847	0.700204230041286
ENSG00000189221	0.195430858285922
ENSG00000069509	-0.241077112450302
ENSG00000147050	-0.038153763945855
ENSG00000147113	0.125652432528095
ENSG00000269902	0.256536529567086
ENSG00000147121	0.0379879939080094
ENSG00000230844	0.0107906475097099
ENSG00000147119	-0.016524138590962
ENSG00000102221	-0.210715083154313
ENSG00000130988	0.065705088608817
ENSG00000130985	-0.0348486797984815
ENSG00000224975	0.294173286844788
ENSG00000102225	-0.0768999435077222
ENSG00000102226	-0.0676344967679501
ENSG00000147124	-0.155655532433258
ENSG00000102265	0.992696888303871
ENSG00000126759	-0.149909871273076
ENSG00000126756	-0.0817389360911617
ENSG00000221994	-0.273983044000538
ENSG00000287757	-0.266136719886296
ENSG00000068438	0.0510929947444329
ENSG00000102312	-0.155685780655084
ENSG00000147155	0.022666637179145
ENSG00000102317	0.0406662089076141
ENSG00000015285	0.12438331736519
ENSG00000101945	-0.142726369353822
ENSG00000233585	0.262196010541364
ENSG00000068308	-0.0299373236488499
ENSG00000068323	0.147360428665096
ENSG00000068394	0.126305188855458
ENSG00000269313	-0.0139493254940004
ENSG00000102007	0.403200868700579
ENSG00000012211	0.481832033089816
ENSG00000102003	-0.578760335549849
ENSG00000101997	-0.139976922427127
ENSG00000049769	-0.219073028611601
ENSG00000158352	-0.0428148322951085
ENSG00000179222	0.143768041890723
ENSG00000184194	-0.0455354160181945
ENSG00000184205	0.52008865405109
ENSG00000234019	0.127459150463934
ENSG00000232593	-0.0327676801239234
ENSG00000072506	0.0897433706206677
ENSG00000086758	0.0297526263241166
ENSG00000130119	-0.107566013073512
ENSG00000102316	-0.0871503006165096
ENSG00000158578	-0.232949371698026
ENSG00000256045	0.370702908742377
ENSG00000247746	-0.0340873274377177
ENSG00000083750	0.00205050699628951
ENSG00000204271	-0.110744921195132
ENSG00000186787	0.155675676213094
ENSG00000286977	0.251074100059745
ENSG00000126970	-0.0810792659106466
ENSG00000274536	0.574482042376453
ENSG00000155659	-0.071186251125179
ENSG00000089472	0.272925530038853
ENSG00000260118	-0.153022024941277
ENSG00000181704	-0.122730087838644
ENSG00000130052	0.227133990058628
ENSG00000090776	0.0826177380733904
ENSG00000181191	-0.103251603832371
ENSG00000089289	-0.353841433375371
ENSG00000120509	-0.215953061229761
ENSG00000184481	0.17624055300228
ENSG00000147168	0.234502173126905
ENSG00000196338	-0.261068433643187
ENSG00000169562	-0.232459729283605
ENSG00000147133	-0.0173045882368206
ENSG00000147174	-0.109131539990765
ENSG00000102309	-0.125114769498747
ENSG00000125931	-0.027832178569102
ENSG00000186288	-0.0444498918951914
ENSG00000204116	-0.144928693873872
ENSG00000234969	0.0340593582908025
ENSG00000280375	0.653818377078362
ENSG00000147100	-0.00450137551490446
ENSG00000215105	-0.0952024970029263
ENSG00000235447	-0.295697556407961
ENSG00000102144	-0.0341431541036233
ENSG00000147145	0.22608983236371
ENSG00000165288	-0.00531874660015536
ENSG00000198157	-0.196432595704383
ENSG00000174740	-0.0996767016793335
ENSG00000179083	-0.146304544524619
ENSG00000102359	0.178792932579889
ENSG00000102362	0.154677260899053
ENSG00000188917	-0.201239076354681
ENSG00000010671	-0.409668071978674
ENSG00000102393	-0.149293286859857
ENSG00000126945	-0.00672971460243665
ENSG00000196440	0.0677296258701635
ENSG00000198960	-0.0306720927936366
ENSG00000286000	0.0276511951103551
ENSG00000166432	-0.0173700711403692
ENSG00000125962	0.0972969510685154
ENSG00000185222	0.498055660754437
ENSG00000279894	-0.285968778360883
ENSG00000231154	0.0598633993102119
ENSG00000235946	0.612089168012908
ENSG00000123575	-0.0945048194417265
ENSG00000147234	-0.0260664253718553
ENSG00000147224	-0.193143889486306
ENSG00000157514	-0.170982113958634
ENSG00000188153	0.00762814571143687
ENSG00000237863	-0.201555099411743
ENSG00000101888	0.0487627966748737
ENSG00000176076	-0.0344839754618907
ENSG00000289365	0.133162237709793
ENSG00000077279	-0.144391291160831
ENSG00000101901	-0.0168741924417595
ENSG00000126016	-0.143384220134314
ENSG00000102024	0.098930763971674
ENSG00000234785	-0.765281432465014
ENSG00000131724	-0.0742153144879037
ENSG00000101856	0.096719919451572
ENSG00000018610	0.0304412683761046
ENSG00000186416	0.113720070214065
ENSG00000187808	-0.150064744097792
ENSG00000177485	-0.154045498260192
ENSG00000125675	-0.269916203469156
ENSG00000230916	0.799353824052776
ENSG00000183631	-0.521612957395791
ENSG00000102038	-0.0453275907719567
ENSG00000122126	-0.116980758901464
ENSG00000171388	-0.000795971219337873
ENSG00000122122	-0.0712401691976617
ENSG00000188706	0.0293704831586849
ENSG00000156697	-0.151889362362492
ENSG00000085185	-0.000446226680683656
ENSG00000102034	0.00629440407847952
ENSG00000156709	0.145034646209858
ENSG00000134594	0.10995307484482
ENSG00000242610	0.156039933752408
ENSG00000203952	-0.242235929629258
ENSG00000165704	-0.091327151456064
ENSG00000223749	0.371279166841098
ENSG00000134590	-0.102627083226146
ENSG00000203950	-0.0407935131824744
ENSG00000186376	-0.126396291911615
ENSG00000173275	0.063311826781322
ENSG00000129680	0.086302475086021
ENSG00000102241	-0.0180540296863913
ENSG00000129675	-0.26477359605164
ENSG00000225400	-0.436932129706498
ENSG00000101977	-0.255006985106316
ENSG00000134595	-0.345158348664098
ENSG00000182195	0.0706973926192234
ENSG00000185985	0.0639383216864726
ENSG00000289591	-0.205325861638608
ENSG00000225660	-1.38417173915319
ENSG00000271660	0.256424431211783
ENSG00000219507	0.495267951881822
ENSG00000197620	-0.0944283647401834
ENSG00000197021	-0.0850656218797657
ENSG00000183171	-0.2372253745175
ENSG00000102181	-0.469724162239806
ENSG00000029993	-0.111443891025614
ENSG00000102287	0.425265461811801
ENSG00000147383	-3.69788540524215e-05
ENSG00000286939	0.546808534621543
ENSG00000224963	-0.298944454709783
ENSG00000182492	0.462972724358338
ENSG00000262919	-0.123806304715722
ENSG00000130821	0.130353774465387
ENSG00000198753	0.165632990854239
ENSG00000067829	0.0852884257786424
ENSG00000089820	0.279921198584626
ENSG00000102030	0.04733716836048
ENSG00000102032	-0.234734568196723
ENSG00000184216	-0.364209008390685
ENSG00000169057	-0.156234980140516
ENSG00000196924	0.787760367328591
ENSG00000102119	0.388730414202472
ENSG00000147403	-0.112863260129401
ENSG00000013563	-0.0099642490444711
ENSG00000197180	0.00562846014062427
ENSG00000071553	-0.230224670423811
ENSG00000203879	-0.110855368979712
ENSG00000196976	0.215583490974651
ENSG00000071889	-0.062259898520683
ENSG00000160219	-0.032766129935482
ENSG00000130826	0.163403129154767
ENSG00000288722	-0.0388019151954651
ENSG00000155962	-0.00115531317932205
ENSG00000183878	0.00115892772184372
ENSG00000154620	-0.0993358736820917
ENSG00000267793	-0.737988721903698
ENSG00000198804	0.120576088481337
ENSG00000210154	1.6025441739303
ENSG00000198899	-0.03168092375848
ENSG00000198938	-0.0679644715398694
ENSG00000210174	1.04558810894181
ENSG00000210194	0.902205179075619
