Gene	Value
ENSG00000268903	0.0938122534368655
ENSG00000269981	0.181029227076239
ENSG00000225630	-0.752137847270464
ENSG00000228794	-0.13111233534454
ENSG00000187961	0.0935197645174763
ENSG00000187608	0.0921317067398207
ENSG00000131591	0.0249469369391539
ENSG00000186827	0.440132360535132
ENSG00000176022	-0.0770877125119756
ENSG00000184163	0.0641521124230548
ENSG00000160087	-0.12544666506181
ENSG00000242485	-0.0245767034635031
ENSG00000225905	0.0137117896979147
ENSG00000205116	-0.0425916551844085
ENSG00000225285	0.160656577555448
ENSG00000179403	0.145604578614087
ENSG00000160075	-0.106946196903487
ENSG00000215014	-0.0693092583487652
ENSG00000272106	0.024210651444931
ENSG00000189339	0.161516560301328
ENSG00000269737	0.282059489855774
ENSG00000008130	0.031984586865861
ENSG00000078369	0.0314334356037367
ENSG00000231050	0.0543046442184627
ENSG00000067606	-0.0602892225609171
ENSG00000157911	0.142277625548759
ENSG00000149527	-0.0485982780453676
ENSG00000224387	0.760787102782212
ENSG00000229393	0.504706628373345
ENSG00000157881	-0.0865311698936978
ENSG00000238164	0.138171720492285
ENSG00000157873	0.163537530657207
ENSG00000272088	-0.224880998584083
ENSG00000238260	-0.245807230312141
ENSG00000227372	-0.107172971363973
ENSG00000235169	-0.342116659144813
ENSG00000130764	0.0548167317359963
ENSG00000097021	-0.0519746765001358
ENSG00000162408	-0.0290180299350743
ENSG00000116273	0.203262820285942
ENSG00000041988	-0.127376445865612
ENSG00000007923	0.038351354923269
ENSG00000237436	-0.00782721664677605
ENSG00000237402	0.0523925439887096
ENSG00000270171	-0.118898996311195
ENSG00000269978	0.101754943441675
ENSG00000269925	0.140948053409052
ENSG00000049246	-0.201346006596753
ENSG00000116288	-0.0790852955799883
ENSG00000116285	0.210937934533455
ENSG00000162426	0.0872114548780782
ENSG00000142599	-0.0374909965249497
ENSG00000074800	0.289086251949233
ENSG00000142583	0.221804357562087
ENSG00000049239	0.0610316795061328
ENSG00000284652	-0.325642113931117
ENSG00000284693	0.0584242626387377
ENSG00000171612	-0.0296181389822386
ENSG00000231181	0.49616318578432
ENSG00000188807	0.014186866385764
ENSG00000171608	0.0799695260280378
ENSG00000171603	-0.00328171696633803
ENSG00000178585	-0.0294395369996847
ENSG00000162441	-0.127749820620601
ENSG00000130939	-0.0754451256187738
ENSG00000284735	-0.0839622362308002
ENSG00000284642	-0.278313500915533
ENSG00000142655	-0.00409203566529426
ENSG00000009724	0.0965504911795941
ENSG00000116649	0.0163179085117724
ENSG00000171824	0.0272621198485268
ENSG00000198793	0.0578097628125634
ENSG00000120942	0.1204003075563
ENSG00000284646	-0.130590970100898
ENSG00000116663	-0.0460984116645408
ENSG00000116670	0.0814040751930576
ENSG00000162490	0.0607477552468262
ENSG00000177000	0.134584588720099
ENSG00000011021	-0.00158847545760082
ENSG00000116685	0.109311383628738
ENSG00000083444	-0.0857362650434208
ENSG00000028137	0.663256537872068
ENSG00000048707	0.0882989820155955
ENSG00000162493	0.149672957508806
ENSG00000116731	-0.00143695881137086
ENSG00000189337	-0.0656397191887403
ENSG00000171729	-0.0247785273158968
ENSG00000142634	0.101692082823409
ENSG00000162458	0.26039952072629
ENSG00000179743	-0.0114715323597361
ENSG00000065526	0.0903497380374148
ENSG00000116809	-0.0340894758464412
ENSG00000183888	0.119049758593128
ENSG00000173641	0.306402573623439
ENSG00000232456	-0.377633442737456
ENSG00000185519	-0.361267834272923
ENSG00000142627	0.133316206891167
ENSG00000142632	0.236226529259727
ENSG00000288398	0.00614201236953709
ENSG00000261135	-0.00442481670841309
ENSG00000219481	-0.017147578577096
ENSG00000238142	-0.242885897315279
ENSG00000117115	0.136133813460495
ENSG00000179051	-0.213935598614029
ENSG00000117154	-0.182058639904324
ENSG00000272084	-0.0385667022522621
ENSG00000127481	0.224014489486358
ENSG00000127463	0.0604282919657742
ENSG00000053372	-0.0127422685187672
ENSG00000211454	-0.0575061743771157
ENSG00000053371	0.113808917648135
ENSG00000040487	-0.0721715867060674
ENSG00000173436	-0.272235099932042
ENSG00000236963	-0.0280953636612187
ENSG00000289402	-0.172207061981062
ENSG00000090432	0.152041567201468
ENSG00000183114	-0.053907148416448
ENSG00000158825	-0.109424478744309
ENSG00000117242	0.067259381645405
ENSG00000127483	-0.0453841645650129
ENSG00000075151	-0.0643687578295701
ENSG00000117298	0.314174812463875
ENSG00000142794	-0.364090295727879
ENSG00000162551	-0.100767143168675
ENSG00000090686	-0.029841948729726
ENSG00000142798	0.470300300406802
ENSG00000070831	0.0651869443709003
ENSG00000162552	0.367472648981851
ENSG00000173372	0.586409444593228
ENSG00000159189	0.599722859879738
ENSG00000173369	0.812288083094131
ENSG00000133216	0.0416148127042919
ENSG00000169641	-0.0881024611559471
ENSG00000125945	-0.0871280678026638
ENSG00000249087	-0.0663193533555769
ENSG00000204219	0.156268017822545
ENSG00000088280	0.0553837867733908
ENSG00000117318	-0.0717121923812075
ENSG00000057757	0.0286521275561366
ENSG00000011009	-0.0296818350484982
ENSG00000117305	0.102052735378436
ENSG00000189266	-0.126385174124408
ENSG00000001460	-0.0118026590493989
ENSG00000117602	0.0306002607667152
ENSG00000020633	0.110710252469678
ENSG00000233419	0.0796736123274278
ENSG00000117614	-0.0718615686908507
ENSG00000284602	-0.13214416439524
ENSG00000117616	0.114853632535249
ENSG00000204178	-0.0894427154517936
ENSG00000157978	-0.355563452877283
ENSG00000117640	0.00464296510143828
ENSG00000117632	-0.0672588965820946
ENSG00000229786	0.0669962660359228
ENSG00000158006	0.030176847992179
ENSG00000158008	0.00879856086484404
ENSG00000197245	0.0589468871894084
ENSG00000130695	0.151913050738387
ENSG00000270733	0.114622605878706
ENSG00000169442	0.0918144531542765
ENSG00000198830	0.110396794436767
ENSG00000117676	0.107864094966688
ENSG00000260063	0.187578241303076
ENSG00000117713	0.0476454893646732
ENSG00000060642	0.013754085142646
ENSG00000204160	-0.0618221515161046
ENSG00000175793	0.969465753873458
ENSG00000090273	-0.0523280716327018
ENSG00000090020	0.0138261714843621
ENSG00000142784	-0.0472741150225717
ENSG00000186501	0.0153266352378184
ENSG00000142733	0.0804129195052945
ENSG00000142748	-0.399840738499324
ENSG00000181773	-0.269355638872225
ENSG00000126705	0.00605261595623375
ENSG00000000938	0.109296870075362
ENSG00000126709	0.368459922316296
ENSG00000270031	0.129593052618001
ENSG00000117751	-0.00468192960060877
ENSG00000130775	0.0363604890074527
ENSG00000117748	-0.100467314382605
ENSG00000158156	-0.121016338321635
ENSG00000169403	0.0920572588633348
ENSG00000130766	-0.0691031343268126
ENSG00000180198	-0.15082240795687
ENSG00000242125	-0.0232599514393906
ENSG00000120656	-0.100040622272712
ENSG00000198492	0.00155754959359369
ENSG00000116353	-0.0368982942346396
ENSG00000060656	-0.224337580130606
ENSG00000162510	-0.0733943041802769
ENSG00000186056	0.175992828545462
ENSG00000162511	0.638487071554083
ENSG00000168528	0.246340769051993
ENSG00000162517	0.0370025259400745
ENSG00000235790	0.0671287990899707
ENSG00000084636	-0.0373470834621516
ENSG00000121774	0.0426558547798908
ENSG00000025800	0.0159825665932848
ENSG00000160050	-0.139534671584302
ENSG00000084623	0.0173391334347071
ENSG00000220785	-0.0104199024313504
ENSG00000183615	-0.195351321704599
ENSG00000116478	0.0389603397324231
ENSG00000175130	0.0554781325178985
ENSG00000233775	-0.180890869394512
ENSG00000160058	-0.0873236924318899
ENSG00000160062	-0.0392335111059672
ENSG00000162521	0.0609081905142408
ENSG00000162522	0.138112256727262
ENSG00000134684	-0.107784875592972
ENSG00000116497	-0.00861214643395997
ENSG00000116514	0.220417138863463
ENSG00000142920	0.0511024034426132
ENSG00000116525	-0.0432108670650914
ENSG00000279179	0.0388230496160273
ENSG00000134686	-0.0206358097099315
ENSG00000121903	-0.0719276253887309
ENSG00000163866	0.0700534155227479
ENSG00000187513	0.673886033104566
ENSG00000241014	0.28698645789145
ENSG00000243749	0.0663738782048942
ENSG00000116560	-0.0478141835177631
ENSG00000146463	-0.121762063460566
ENSG00000126067	-0.0243382568117943
ENSG00000142686	-0.105356386056182
ENSG00000134698	0.032820923216022
ENSG00000171812	0.104272063940136
ENSG00000054116	0.0394280166278398
ENSG00000116871	0.11448505798419
ENSG00000196182	0.16371287693554
ENSG00000181817	0.0620887273374581
ENSG00000116898	-0.178005005183665
ENSG00000163873	-0.101067235592096
ENSG00000116922	-0.0406630344312974
ENSG00000183317	0.199234277785652
ENSG00000185090	0.0540255588001643
ENSG00000197982	-0.0455274112700854
ENSG00000183431	-0.0666342022339859
ENSG00000183386	0.0117721368351443
ENSG00000214114	0.101213988068515
ENSG00000174574	0.0168428325667541
ENSG00000168653	-0.261441860226063
ENSG00000183682	0.0121296203110024
ENSG00000090621	0.0742935952851366
ENSG00000163909	0.551696090196051
ENSG00000084072	-0.0865331416354862
ENSG00000116985	0.126045290580726
ENSG00000043514	-0.0226748094111942
ENSG00000116990	0.377518786381873
ENSG00000117000	0.0341834011106899
ENSG00000084073	-0.106803099511281
ENSG00000049089	-0.108004340376348
ENSG00000084070	0.06351205829053
ENSG00000279667	-0.231804004143741
ENSG00000187815	-0.193656648849939
ENSG00000066136	-0.0969903487357117
ENSG00000171793	0.0552510786363092
ENSG00000066185	0.0679902051130934
ENSG00000236876	-0.708622782293027
ENSG00000234917	-0.213633744280183
ENSG00000065978	-0.0618007105299129
ENSG00000117385	0.106625899890038
ENSG00000164010	0.0468483691523987
ENSG00000164011	-0.0500618830980839
ENSG00000117394	0.386567577774326
ENSG00000179178	0.115456018794164
ENSG00000066056	0.293703992638297
ENSG00000234694	-0.0130450678341605
ENSG00000117399	0.481960052161843
ENSG00000066322	0.162951095468702
ENSG00000288772	0.543100465276494
ENSG00000159479	0.0249270452702314
ENSG00000229431	0.108926536582809
ENSG00000198198	0.0926458997389884
ENSG00000142949	0.167531114409349
ENSG00000236200	0.0243021613656652
ENSG00000117407	0.413623420109493
ENSG00000237950	0.0445796924467562
ENSG00000288573	0.0390294058400383
ENSG00000117408	0.0240868278498933
ENSG00000132768	0.0857990271746681
ENSG00000117410	-0.0903121454399137
ENSG00000117411	-0.0469539424880403
ENSG00000196517	0.192352229744486
ENSG00000178028	-0.0564247698014643
ENSG00000117419	-0.0106005932654902
ENSG00000233602	0.101867902347072
ENSG00000198520	-0.015127687500965
ENSG00000173846	0.545860382669553
ENSG00000188396	0.409874371033885
ENSG00000226499	0.0754472197188962
ENSG00000126088	0.041195834924245
ENSG00000186603	0.00228037144206668
ENSG00000132773	-0.0421601064901277
ENSG00000070759	0.0843129397933162
ENSG00000132763	-0.157412033768363
ENSG00000117448	-0.0157916202951148
ENSG00000132780	-0.216025668974147
ENSG00000159592	-0.0403753225988789
ENSG00000117461	-0.124315974052391
ENSG00000117472	-0.0687954292844889
ENSG00000085998	-0.0558866557478146
ENSG00000171357	0.0638309360461793
ENSG00000085999	-0.250965799769929
ENSG00000132128	0.110090061114915
ENSG00000117481	0.0735644600304466
ENSG00000117480	-0.086985508431584
ENSG00000079277	0.0843045401695776
ENSG00000142961	0.0422385337046247
ENSG00000159658	0.026747219710267
ENSG00000162367	-0.380536670872637
ENSG00000237424	0.233728266939144
ENSG00000272491	-0.481052738048105
ENSG00000224986	0.0794536703962995
ENSG00000162373	-0.0747825768703977
ENSG00000284700	-0.0243244351863231
ENSG00000085832	-0.12315325285495
ENSG00000117859	-0.0800047743175999
ENSG00000117862	-0.0939889976751395
ENSG00000213735	0.191942058608546
ENSG00000154222	-0.118240363428681
ENSG00000272100	0.147796438039372
ENSG00000134744	-0.0424146052719616
ENSG00000162377	0.0570077945653226
ENSG00000230953	0.214797346629931
ENSG00000174348	0.0605940320314721
ENSG00000162383	-0.187178761955202
ENSG00000157184	0.119870573565565
ENSG00000162384	-0.1696762657445
ENSG00000162385	-0.100576641859201
ENSG00000226754	-0.213569620561123
ENSG00000230138	-0.0266468832897713
ENSG00000058799	-0.0209582654014725
ENSG00000081870	-0.0958800097561231
ENSG00000116209	-0.0918512541692472
ENSG00000215883	-0.0298215301762752
ENSG00000157216	0.0497401769102521
ENSG00000198711	0.190958246630736
ENSG00000243725	0.168793353543646
ENSG00000116133	0.0877440285176046
ENSG00000162407	0.266963086088517
ENSG00000162600	-0.0153100054970064
ENSG00000162601	0.101526586781703
ENSG00000134716	-0.106716075089806
ENSG00000162599	-0.137727858822631
ENSG00000162604	-0.0138968261846979
ENSG00000132854	-0.0831591940548498
ENSG00000162607	-0.112230846117928
ENSG00000125703	-0.1176892684893
ENSG00000203965	-0.254139116794219
ENSG00000162437	-0.173351874927324
ENSG00000185031	0.0870911827846327
ENSG00000162433	0.0375086714847186
ENSG00000116675	0.046093039236968
ENSG00000213625	0.227171238459374
ENSG00000184588	0.0343132933707643
ENSG00000289394	-0.388220915603202
ENSG00000142864	-0.111878557654404
ENSG00000116717	0.403286190395933
ENSG00000116745	-0.0328887912010037
ENSG00000066557	-0.0952215971347618
ENSG00000118454	-0.0203831463267263
ENSG00000226088	0.277471838443925
ENSG00000271992	-0.212795468659221
ENSG00000272864	-0.774156883809403
ENSG00000116791	0.00359829221454813
ENSG00000162623	-0.190936447807851
ENSG00000181227	0.525581564775627
ENSG00000272855	-0.62481454587209
ENSG00000162616	-0.0549998707333944
ENSG00000273338	0.0241343815486701
ENSG00000137959	0.0855080749610838
ENSG00000137965	0.244078382756968
ENSG00000238015	0.27542341791675
ENSG00000174021	0.120410584202558
ENSG00000117151	0.266994687795352
ENSG00000284882	0.209829724625989
ENSG00000142867	0.0802334408255136
ENSG00000122417	0.0426431233799391
ENSG00000016602	-0.0517245970077091
ENSG00000143013	-0.247544844329699
ENSG00000137944	0.100359301597656
ENSG00000117226	-0.056870646494041
ENSG00000117228	-0.193393212589966
ENSG00000234518	-0.0407620280245331
ENSG00000162645	0.36033147614335
ENSG00000162654	-0.333624222828888
ENSG00000154451	-0.220464203521251
ENSG00000225492	-0.251778351092887
ENSG00000197147	0.000428300452168813
ENSG00000231999	0.050464635824851
ENSG00000231613	-0.00586420664591629
ENSG00000171492	0.014483885959251
ENSG00000228175	0.166894844219087
ENSG00000225446	-0.0151322935517592
ENSG00000232882	-0.0528703853361296
ENSG00000122482	-0.0808919725120139
ENSG00000097046	-0.23723749963195
ENSG00000069702	0.0742119993845809
ENSG00000189195	-0.173888958083577
ENSG00000273487	-0.571875726187628
ENSG00000122484	-0.0867059366360615
ENSG00000289544	0.167344489380537
ENSG00000223745	-0.0779470705312024
ENSG00000117505	-0.101553419616727
ENSG00000067334	-0.0835960380548149
ENSG00000023909	0.273275146968892
ENSG00000137962	0.061764494681824
ENSG00000117525	0.288765991531503
ENSG00000117519	0.1466413125242
ENSG00000172339	-0.0596723265617936
ENSG00000122481	-0.134485463562876
ENSG00000137970	-0.289744369419378
ENSG00000117569	0.0516990171460203
ENSG00000228057	-0.0472503087363733
ENSG00000162627	-0.12189646402271
ENSG00000099260	0.176083972243707
ENSG00000223656	0.0882947639468775
ENSG00000162688	-0.0757295327997311
ENSG00000117620	-0.034473102738193
ENSG00000288826	-0.392892037799382
ENSG00000122435	-0.16400696816533
ENSG00000137992	0.0127955268998929
ENSG00000224616	-0.103408776663331
ENSG00000137996	0.0161980442246271
ENSG00000162692	0.328879923842169
ENSG00000162695	-0.0289343500510068
ENSG00000170989	0.346083212230783
ENSG00000240038	-0.0883100067823455
ENSG00000243480	0.0812244113741361
ENSG00000198890	-0.0208242201048156
ENSG00000289612	-0.384723443035126
ENSG00000162636	-0.123031999845129
ENSG00000162639	0.0513463597997663
ENSG00000116266	-0.207646660490665
ENSG00000121957	-0.024903022537652
ENSG00000121940	0.0763431252560196
ENSG00000085433	0.0535373657620366
ENSG00000031698	0.0537174474003592
ENSG00000143126	-0.246699806767493
ENSG00000134222	-0.145059453256399
ENSG00000134243	-0.122066395343069
ENSG00000162650	-0.208552060231527
ENSG00000174151	-0.10923900341974
ENSG00000156097	-0.0158553031174185
ENSG00000065135	-0.020566857609655
ENSG00000213366	0.128819113422918
ENSG00000168710	-0.0143483934432045
ENSG00000197106	-0.112418485738555
ENSG00000224965	-0.0554900504613283
ENSG00000162775	0.0364779400988577
ENSG00000143119	0.357954999777494
ENSG00000121931	-0.211384527545251
ENSG00000156171	0.0341187446269135
ENSG00000162777	0.156128278162953
ENSG00000064886	0.555219301716957
ENSG00000085465	-0.00504323287069984
ENSG00000260948	-0.109597064173296
ENSG00000116459	0.0479679694619313
ENSG00000143110	0.0403065441908455
ENSG00000121933	0.0940438946759262
ENSG00000282608	-0.138983289138544
ENSG00000231346	-0.143463486778477
ENSG00000273483	-0.699687478488393
ENSG00000155366	0.185861697997067
ENSG00000184599	0.0341929315509681
ENSG00000229020	0.096892926190285
ENSG00000198799	-0.0512573531617765
ENSG00000188761	-0.132675396657998
ENSG00000235527	-0.144030689584054
ENSG00000116774	0.302402978617913
ENSG00000116752	-0.000323474968783075
ENSG00000213281	0.0104059527545621
ENSG00000009307	-0.0641442585397667
ENSG00000134198	0.142465566865679
ENSG00000177551	-0.0679326707572912
ENSG00000163399	0.157791009953433
ENSG00000203865	0.200364757204005
ENSG00000116815	-0.0183771780936342
ENSG00000143061	0.123484702984047
ENSG00000116824	0.146424593167904
ENSG00000134253	0.061628556673388
ENSG00000271427	-0.261350111451751
ENSG00000196505	-0.0920053166534294
ENSG00000232780	-0.283661978903425
ENSG00000260941	-0.526487251277649
ENSG00000092621	-0.0189883530165737
ENSG00000134250	0.085423253595444
ENSG00000275131	-0.0376909452270614
ENSG00000198019	0.12733987479338
ENSG00000213244	0.435872546716544
ENSG00000272583	-0.198546358556382
ENSG00000265531	0.263179916453626
ENSG00000272150	0.0146021788920634
ENSG00000265491	-0.0460700181260989
ENSG00000186141	0.00592402901195736
ENSG00000131788	0.141417467226867
ENSG00000143127	0.0438295248922684
ENSG00000211451	-0.306946721953423
ENSG00000265241	-0.089761541880175
ENSG00000271601	-0.105939370968832
ENSG00000121851	-0.0400435199267987
ENSG00000265972	0.607903691885825
ENSG00000268043	0.0448423151716453
ENSG00000225603	0.205492339354339
ENSG00000180867	-0.283898960148194
ENSG00000131781	-0.00556612077239263
ENSG00000226015	0.20972247053271
ENSG00000162836	0.0366325363407687
ENSG00000265107	0.0979027894068901
ENSG00000188092	-0.19010805490349
ENSG00000274372	-0.146869419684768
ENSG00000225080	0.430298622392287
ENSG00000150337	0.414910438488704
ENSG00000233030	0.0302129472339742
ENSG00000184260	0.429096081459918
ENSG00000184270	0.0555551578325435
ENSG00000159164	0.0374982540222802
ENSG00000014914	0.194613281890453
ENSG00000136631	-0.0918350818426281
ENSG00000023902	0.164114438272744
ENSG00000143401	-0.300031922863047
ENSG00000118298	-0.118565043396546
ENSG00000117362	0.248524990387293
ENSG00000118292	0.186620838023935
ENSG00000159208	-0.0337461429273433
ENSG00000117360	-0.0261563109682085
ENSG00000143374	-0.0305764937621426
ENSG00000143369	0.00119517190444752
ENSG00000143382	0.472039667768585
ENSG00000288880	0.152954042280014
ENSG00000143457	-0.106703446322408
ENSG00000163131	0.236713140071126
ENSG00000143409	0.160660821276189
ENSG00000163141	-0.159235306780691
ENSG00000143443	0.093431365431608
ENSG00000143458	-0.0404285942711264
ENSG00000289288	-0.0427502638041271
ENSG00000163154	0.23881518777169
ENSG00000163156	-0.0567390791037573
ENSG00000163155	-0.00720177204294429
ENSG00000143398	0.0303183693203977
ENSG00000143373	0.192060504948773
ENSG00000143393	0.1239049867075
ENSG00000273481	-0.0337203574362045
ENSG00000237976	-0.131546699279662
ENSG00000159377	-0.118885065635775
ENSG00000143442	-0.0216733081316252
ENSG00000143376	-0.0967957580263471
ENSG00000143450	-0.380895469219999
ENSG00000182134	-0.127379994678517
ENSG00000269489	-0.451957959007845
ENSG00000225556	-0.231992078337602
ENSG00000234614	-0.128580071415418
ENSG00000196407	-0.0258746398766844
ENSG00000159445	-0.0476941453260568
ENSG00000163191	0.415903391560611
ENSG00000159450	0.00193805884462826
ENSG00000143536	0.0120462497455063
ENSG00000169509	0.162657756473867
ENSG00000169474	0.148640311029032
ENSG00000241794	0.0589834379480324
ENSG00000159516	-0.021902561975539
ENSG00000163220	-0.109979614860151
ENSG00000163221	-0.446482572978959
ENSG00000143546	0.00730925703753792
ENSG00000197956	0.0187513972038602
ENSG00000196154	0.308777621056395
ENSG00000188015	-0.0214857229756227
ENSG00000196754	-0.0260532554855524
ENSG00000188643	0.193682393139393
ENSG00000160678	-0.27800613018395
ENSG00000143621	0.0424799899027678
ENSG00000169418	0.268314748293618
ENSG00000143554	-0.0147521835583577
ENSG00000143614	0.0389098428171127
ENSG00000284738	-0.0160512967032203
ENSG00000143570	0.248074923294387
ENSG00000282386	0.650946096011325
ENSG00000143543	-0.0704507423217074
ENSG00000143545	-0.12615264158016
ENSG00000177954	0.109239544146723
ENSG00000143569	0.0769077354023612
ENSG00000160712	0.332054712652764
ENSG00000169291	0.118784181511767
ENSG00000160714	-0.111833717705816
ENSG00000163344	0.0393256044465377
ENSG00000163348	-0.0847414124737722
ENSG00000160691	0.424984851729929
ENSG00000243364	-0.146637760786681
ENSG00000169242	0.327930488412126
ENSG00000169241	0.162053661914403
ENSG00000163463	-0.0595725694295411
ENSG00000163462	0.174991987659644
ENSG00000173171	0.0247203977265338
ENSG00000160766	-0.110916656349257
ENSG00000177628	0.288843771103575
ENSG00000160767	-0.108216941524526
ENSG00000160752	-0.0328080523539723
ENSG00000235919	0.177194184389988
ENSG00000125459	0.0442960157785191
ENSG00000163374	0.0249139290325207
ENSG00000203761	0.070539182193715
ENSG00000116580	0.0944721044964425
ENSG00000132718	0.295482193320078
ENSG00000132680	-0.107756146490016
ENSG00000116584	0.0659010656216954
ENSG00000273002	0.136914428516145
ENSG00000163479	-0.0406456432779737
ENSG00000160803	-0.0310273761348019
ENSG00000116586	-0.0430416131253096
ENSG00000254726	-0.125443572677858
ENSG00000160789	0.409697920477145
ENSG00000160785	0.0711547250759886
ENSG00000160783	0.0624564658262774
ENSG00000242252	-0.0184410393901395
ENSG00000163472	-0.207279162113198
ENSG00000163468	-0.15516946924972
ENSG00000163382	-0.0634970410238001
ENSG00000132702	-0.0277300430486739
ENSG00000272068	0.0685373704411802
ENSG00000132692	-0.42089035814973
ENSG00000132688	0.158572600772438
ENSG00000143314	-0.09853198724526
ENSG00000143294	-0.0432149822176426
ENSG00000117036	-0.0284155461734404
ENSG00000183853	0.0249624668647574
ENSG00000158473	0.0113639716142843
ENSG00000163563	0.210347014286224
ENSG00000163565	0.176935822586804
ENSG00000213088	0.370821529036536
ENSG00000132693	-0.0901809461577294
ENSG00000288775	-0.0742038480952134
ENSG00000158716	0.166389467223429
ENSG00000158714	0.137539990051435
ENSG00000158710	0.458406995542619
ENSG00000085552	0.0492555663438247
ENSG00000177807	0.0578160583539925
ENSG00000143315	0.0732991155885603
ENSG00000162729	0.130143285272739
ENSG00000018625	0.329675007535283
ENSG00000143318	-0.135617768929929
ENSG00000227741	0.0585159172781597
ENSG00000132716	-0.00742712842537024
ENSG00000162735	0.111654285915729
ENSG00000171786	-0.0468588318308209
ENSG00000066294	0.225556077701418
ENSG00000117091	0.137453280538965
ENSG00000158769	0.529934002175584
ENSG00000289121	0.522707688364483
ENSG00000186517	0.303290046902974
ENSG00000143256	-0.348912512654892
ENSG00000158796	-0.15583281333005
ENSG00000143222	-0.014515376067808
ENSG00000143258	-0.0667458269496074
ENSG00000143224	0.0116267780182155
ENSG00000158850	0.105333215288981
ENSG00000158859	0.159007024427564
ENSG00000158869	0.300786360194588
ENSG00000158874	-0.221014353381384
ENSG00000158882	0.0840554767413448
ENSG00000143226	0.249199036737576
ENSG00000173110	1.70592992791239
ENSG00000203747	0.983759951932493
ENSG00000162747	-0.0839523406424148
ENSG00000072694	0.26128923177836
ENSG00000117143	0.070042443326122
ENSG00000162733	-0.119002903629417
ENSG00000132196	-0.0793205431645495
ENSG00000269887	-0.0668013235516028
ENSG00000143171	-0.312731504553742
ENSG00000143198	-0.173051223741396
ENSG00000143149	0.101786566768596
ENSG00000143179	-0.0580240191136883
ENSG00000225171	-0.526018432299531
ENSG00000143195	-0.159208623008269
ENSG00000272205	-0.404557440997454
ENSG00000143190	-0.0951147040481633
ENSG00000143162	0.290693920184322
ENSG00000198771	0.0682796549514162
ENSG00000143147	-0.0487325187255255
ENSG00000213064	0.299347282162647
ENSG00000143153	-0.0401535510987181
ENSG00000289466	0.318071056195337
ENSG00000117477	-0.1060553051027
ENSG00000188404	-0.162001567039426
ENSG00000007908	-0.244834308673928
ENSG00000171806	-0.192616466383233
ENSG00000000457	-0.0377703791120576
ENSG00000075945	-0.0625130693276201
ENSG00000120370	-0.117906718182257
ENSG00000116132	-0.1705271156918
ENSG00000271811	-0.10600513085212
ENSG00000094963	0.187508643291217
ENSG00000076258	-0.239046815477909
ENSG00000117523	0.0411268516316636
ENSG00000117533	-0.0640774063714909
ENSG00000197959	-0.106141212582314
ENSG00000094975	0.00104382621766171
ENSG00000226375	0.214975294485501
ENSG00000117592	0.041769252259796
ENSG00000116161	-0.123557331939463
ENSG00000235750	0.235205218482883
ENSG00000116147	-0.428769299555381
ENSG00000228686	0.283274955837958
ENSG00000120341	0.0324068931129107
ENSG00000224687	-0.00028141885312974
ENSG00000075391	0.0308174846586343
ENSG00000116194	0.109649217279649
ENSG00000289432	-0.209240360821013
ENSG00000143322	-0.0919548203752835
ENSG00000272906	-0.34637965241788
ENSG00000135837	0.00886978179085296
ENSG00000116260	0.0852734427569796
ENSG00000153029	0.264184206188063
ENSG00000162783	0.426174369767787
ENSG00000135821	0.318940409611389
ENSG00000135828	0.130799467674546
ENSG00000143333	0.351419066655895
ENSG00000287808	-0.15535661326841
ENSG00000135862	0.247455994812091
ENSG00000198756	-0.0616154553136366
ENSG00000135842	0.097494235985764
ENSG00000238061	0.061038773276455
ENSG00000279838	-0.147712343521069
ENSG00000116679	-0.149488657378102
ENSG00000228238	-0.0443190111435889
ENSG00000233196	-0.359691866774087
ENSG00000073756	0.795029864725438
ENSG00000273129	0.196012274029546
ENSG00000237457	-0.304003247430173
ENSG00000150681	-0.0723092331435327
ENSG00000023572	-0.166820400791224
ENSG00000162630	-0.323389218107972
ENSG00000000971	0.423331355388797
ENSG00000221879	-0.268517765541548
ENSG00000081237	0.244952909860296
ENSG00000174307	0.0292909242470507
ENSG00000159176	0.394246291905277
ENSG00000224536	0.0515227592783879
ENSG00000134369	0.00297679951833035
ENSG00000198700	-0.00834305096611438
ENSG00000198892	0.0745004151074848
ENSG00000163431	0.309192903342605
ENSG00000134375	-0.14601120046847
ENSG00000234678	0.235241049235043
ENSG00000170075	0.0517928041116711
ENSG00000143862	-0.0409280167785655
ENSG00000143851	0.0512205574696318
ENSG00000243323	0.107736450086388
ENSG00000236439	-0.231924833780235
ENSG00000226862	-0.0772058696601538
ENSG00000183155	-0.0763106535511864
ENSG00000117153	-0.00837454247409574
ENSG00000163485	0.030731699626061
ENSG00000133048	0.709231122019471
ENSG00000188783	0.432209451369578
ENSG00000058668	0.162007665573361
ENSG00000223505	0.181537784291134
ENSG00000143842	0.0659759355744295
ENSG00000143845	0.204016823808724
ENSG00000143850	-0.34626125712301
ENSG00000231691	-0.152155842195219
ENSG00000133056	0.114282827913727
ENSG00000170382	-0.0664656471252121
ENSG00000240219	-0.037683938788155
ENSG00000163531	0.14231383912651
ENSG00000174529	-0.391630027909517
ENSG00000133059	-0.162494225788296
ENSG00000133069	-0.262562091511898
ENSG00000163545	0.185436071631676
ENSG00000117266	-0.240527900270041
ENSG00000158715	-0.0527068272962804
ENSG00000117280	-0.0668945620238945
ENSG00000133065	0.0967027021603042
ENSG00000276600	0.0166237051660234
ENSG00000266028	-0.0873745305130738
ENSG00000263528	0.139340785792745
ENSG00000266094	0.209776151910206
ENSG00000143486	0.0338078922314509
ENSG00000143479	0.0749017170115233
ENSG00000123836	0.154935431416944
ENSG00000196352	0.0644552758966861
ENSG00000234219	0.338114434631767
ENSG00000174059	0.256754875885528
ENSG00000076356	-0.0110192865215821
ENSG00000196878	0.0771365870742949
ENSG00000123689	-0.204957209217349
ENSG00000117594	0.0385784529203746
ENSG00000009790	0.100510820380074
ENSG00000203706	-0.395028723553529
ENSG00000287354	0.156740420154886
ENSG00000234233	0.213420330440386
ENSG00000117625	0.0446047657780751
ENSG00000153363	-0.0469822922125834
ENSG00000170385	0.0245497499336347
ENSG00000123684	0.00644384180661087
ENSG00000143493	-0.0771851331193463
ENSG00000066027	-0.0882765374551079
ENSG00000065600	-0.0977606684562734
ENSG00000117691	-0.144748064027807
ENSG00000123685	0.0338566960257191
ENSG00000203705	0.121478961359272
ENSG00000162769	0.0347936556705575
ENSG00000174606	-0.032052555480293
ENSG00000117707	0.123768603957173
ENSG00000274895	-0.092621245740102
ENSG00000143499	0.0544759914750347
ENSG00000136636	0.00272531861759598
ENSG00000092969	0.0733816257310543
ENSG00000143353	-0.10180663511954
ENSG00000277007	-0.221516764962218
ENSG00000116141	-0.118972668263292
ENSG00000162817	-0.0446717494111545
ENSG00000117791	0.0938298382316003
ENSG00000186205	0.0249630345732626
ENSG00000136630	0.0198772726840582
ENSG00000225265	-0.0687205284947087
ENSG00000272750	-0.04356728348721
ENSG00000186063	-0.109850096686205
ENSG00000197520	0.0177274625960096
ENSG00000288824	0.0527185737185139
ENSG00000287338	-0.129645900636043
ENSG00000187554	0.0320219067647954
ENSG00000162909	0.235994774337971
ENSG00000143514	0.0147536418840743
ENSG00000288999	0.122670253132634
ENSG00000272645	-0.0634173784765648
ENSG00000185495	0.148321932287138
ENSG00000162923	-0.0190160472737891
ENSG00000143815	0.195023114958531
ENSG00000154380	-0.072391880318427
ENSG00000289602	0.239483853645049
ENSG00000143742	-0.138828670579091
ENSG00000143819	0.338445685121295
ENSG00000143811	0.145449024776004
ENSG00000272562	-0.184112739442171
ENSG00000182827	-0.0540183428144204
ENSG00000143761	0.0257846113027816
ENSG00000162910	0.0545318616984217
ENSG00000280157	0.0287586633117294
ENSG00000198835	-0.0798455105376388
ENSG00000203684	0.0764609260943748
ENSG00000181873	0.102482732400774
ENSG00000270110	0.183183743700265
ENSG00000181218	-0.104658589286792
ENSG00000168159	0.016517069971481
ENSG00000116574	0.206183103656632
ENSG00000177788	-0.115806245521615
ENSG00000237481	0.102479060352745
ENSG00000154429	-0.0566959695036244
ENSG00000135801	0.0481383573467601
ENSG00000135763	0.0424973140322247
ENSG00000228058	-0.0863048127956261
ENSG00000143641	0.070293675986251
ENSG00000177614	-0.103251142805701
ENSG00000119280	0.048218434380931
ENSG00000143643	-0.00922933540615545
ENSG00000173409	-0.230300974340122
ENSG00000182118	0.0180435036867932
ENSG00000116906	-0.105572391835346
ENSG00000116903	-0.166330963069959
ENSG00000116991	-0.0551520787727984
ENSG00000212916	0.0645559237134971
ENSG00000135750	-0.307788150464784
ENSG00000236358	-0.0826905168129677
ENSG00000273367	-0.425299149376568
ENSG00000168275	-0.232031423778722
ENSG00000059588	0.123772478734911
ENSG00000054267	-0.0767489454389707
ENSG00000152904	-0.198056300210338
ENSG00000162885	0.0755664643126246
ENSG00000143669	-0.0352316856183541
ENSG00000235674	0.338593182762406
ENSG00000116962	0.19642072992429
ENSG00000273058	-0.352766988791264
ENSG00000119285	0.0262650022640005
ENSG00000077522	-0.14522920819954
ENSG00000116984	0.0388531760876236
ENSG00000091483	0.00531552152735719
ENSG00000203668	0.0252998588707821
ENSG00000143702	-0.139809781485979
ENSG00000227230	-0.00286273890783749
ENSG00000035687	-0.0188867104072619
ENSG00000121644	-0.104563363621075
ENSG00000203667	-0.122385924723313
ENSG00000203666	-0.0894436030939788
ENSG00000228879	-0.459026775504047
ENSG00000260855	-0.123425730489433
ENSG00000227953	-0.0426298786913207
ENSG00000153207	-0.0056048742496545
ENSG00000221953	-0.135917279671689
ENSG00000259865	-0.24307853746899
ENSG00000227671	0.138444921512534
ENSG00000162714	0.212309738463258
ENSG00000162711	0.0960617833207121
ENSG00000162722	0.0606900965015338
ENSG00000203663	-0.130901714453063
ENSG00000196071	-0.194766389424148
ENSG00000175137	-0.139714522223626
ENSG00000171161	0.114183340188029
ENSG00000171163	-0.159690526220094
ENSG00000185220	0.0592188672461669
ENSG00000035115	-0.193251606549361
ENSG00000143727	-0.0327746707087142
ENSG00000151353	0.0422505219641994
ENSG00000032389	-0.0647384897068842
ENSG00000171853	0.0168309414089152
ENSG00000271868	-0.177929149061048
ENSG00000182551	0.0605204621316569
ENSG00000242282	0.0409081457900718
ENSG00000171865	-0.0315405091053613
ENSG00000171863	-0.180099370343382
ENSG00000289136	0.204949357800287
ENSG00000236106	0.28087322238103
ENSG00000232044	-0.0512448711664786
ENSG00000225964	0.0578580120784727
ENSG00000134326	0.209638087030226
ENSG00000134321	0.145149765728608
ENSG00000271947	-0.104038899800887
ENSG00000228203	0.144722087637003
ENSG00000151692	-0.0709970693227472
ENSG00000235576	0.0553511882385963
ENSG00000289191	0.0960945045717493
ENSG00000115738	0.113472042499224
ENSG00000134313	0.0328005537930486
ENSG00000143797	-0.0605834923946796
ENSG00000119185	-0.179822135682574
ENSG00000269973	-0.23688074468197
ENSG00000172059	0.299003708388421
ENSG00000257135	0.0877596492269825
ENSG00000272275	-0.132851661352102
ENSG00000143870	0.113943269944385
ENSG00000162976	0.0424324281532365
ENSG00000169016	-0.139904950504188
ENSG00000196208	0.0551110931567101
ENSG00000162981	-0.224208684950551
ENSG00000134323	0.164039097064675
ENSG00000183891	-0.274178624291108
ENSG00000118965	0.0532538798579005
ENSG00000068697	0.183718039433085
ENSG00000143878	0.330662420144417
ENSG00000269976	-0.0585451617796063
ENSG00000233416	0.0443380549858705
ENSG00000118961	-0.0244584285189362
ENSG00000163026	-0.12273464056598
ENSG00000115128	-0.132964134854442
ENSG00000219626	-0.121490551066744
ENSG00000198399	0.000123248122416115
ENSG00000242628	-0.101433033669775
ENSG00000084676	-0.0398833737186821
ENSG00000184924	-0.0241963422042038
ENSG00000138092	0.0234846986536137
ENSG00000271936	0.0935073861154028
ENSG00000138101	-0.267802725833965
ENSG00000268412	-0.565950864537461
ENSG00000157833	-0.252875226389724
ENSG00000084754	0.0889565087702043
ENSG00000286707	-0.125863101256057
ENSG00000157851	-0.166257613390768
ENSG00000119777	0.0759518218320599
ENSG00000084693	0.0794845909038385
ENSG00000138080	0.578770182963537
ENSG00000143994	0.100567818258861
ENSG00000138074	0.0702465198858826
ENSG00000163794	-0.162216642282569
ENSG00000115204	-0.110455567008475
ENSG00000115207	-0.0686256702614423
ENSG00000115234	0.0598342549522645
ENSG00000163795	0.087433696843339
ENSG00000115241	0.0143388305585932
ENSG00000138002	0.044753637190177
ENSG00000235267	0.0906106456554002
ENSG00000115226	0.102439054170809
ENSG00000176714	-0.101245505978193
ENSG00000075426	0.463631363606694
ENSG00000226833	0.00243371111048059
ENSG00000213639	-0.0298342416435092
ENSG00000171103	-0.00491764928575347
ENSG00000162961	-0.202737423399866
ENSG00000021574	-0.149282713374504
ENSG00000115760	0.0182320428784639
ENSG00000276517	0.0591876630885817
ENSG00000152689	-0.206917051378673
ENSG00000234587	0.322581081986469
ENSG00000150938	0.13467393240458
ENSG00000115808	-0.18628572674331
ENSG00000055332	-0.123110604117411
ENSG00000003509	-0.10996621942663
ENSG00000115825	-0.0688481140404282
ENSG00000115828	0.15585066016318
ENSG00000163171	0.0762935477277146
ENSG00000138061	0.0683284324518807
ENSG00000213553	0.0546215710976077
ENSG00000143891	0.0119583645054754
ENSG00000115875	0.0145912204741596
ENSG00000152147	-0.143384056366648
ENSG00000163214	-0.026741720621963
ENSG00000115904	-0.136155743764475
ENSG00000011566	-0.0428572995672375
ENSG00000289003	0.0659271009158932
ENSG00000152154	-0.170797584879841
ENSG00000143924	0.102913937871502
ENSG00000057935	-0.028484147811246
ENSG00000162881	0.045488267243768
ENSG00000162882	0.134671315670427
ENSG00000289082	0.178792745289981
ENSG00000231826	0.0197030771606566
ENSG00000152518	0.662979116749508
ENSG00000279873	0.31410929149155
ENSG00000223658	-0.0744367402667384
ENSG00000138095	-0.0317584475128199
ENSG00000231848	0.557910791413317
ENSG00000116016	0.472672260775421
ENSG00000119729	0.0554937292440555
ENSG00000119878	-0.172382168500509
ENSG00000180398	0.0319744713135918
ENSG00000143933	-0.106238108732727
ENSG00000184261	0.0642222058435453
ENSG00000233230	-0.0486334319107554
ENSG00000119737	0.192287454945839
ENSG00000068878	0.11118196646872
ENSG00000272156	0.0541817600204753
ENSG00000237887	-0.399839630137579
ENSG00000115310	-0.104181139764834
ENSG00000143947	-0.160256307328873
ENSG00000162997	0.341998516911128
ENSG00000115355	-0.0495674781815535
ENSG00000275052	-0.144905146510655
ENSG00000115380	0.175501520865789
ENSG00000055813	0.00381255403216601
ENSG00000162927	-0.0527785222505475
ENSG00000162929	-0.0369336639521475
ENSG00000273302	-0.295651663998475
ENSG00000270820	0.0587560800434756
ENSG00000082898	-0.134235746941884
ENSG00000230702	-0.145443501916451
ENSG00000115484	-0.0900865825849903
ENSG00000286360	-0.0132701723058731
ENSG00000186889	0.046795973838815
ENSG00000242412	0.0599217883762809
ENSG00000169764	-0.152593513930839
ENSG00000251775	0.800794978265259
ENSG00000260101	0.0962934832577076
ENSG00000119844	-0.17892610589488
ENSG00000179833	0.118211356826868
ENSG00000011523	0.0784121507100339
ENSG00000138069	-0.0443145178365667
ENSG00000143995	-0.0575339413197375
ENSG00000243667	0.0133007108772963
ENSG00000273064	-0.17720985305485
ENSG00000115956	0.246556603697561
ENSG00000289250	-0.650224831696423
ENSG00000124380	-0.163251007705249
ENSG00000179818	-0.101910132716371
ENSG00000169564	0.0364217177089394
ENSG00000115998	-0.130324913852572
ENSG00000163235	-0.0419795715289313
ENSG00000144043	0.174966539654096
ENSG00000124370	-0.125294695880136
ENSG00000281195	0.180054864243878
ENSG00000289463	0.506585886703422
ENSG00000135636	0.0269552787074781
ENSG00000116096	-0.166145512025478
ENSG00000135631	-0.0271418606278932
ENSG00000135624	-0.0877971796743931
ENSG00000230002	0.187391602027935
ENSG00000144034	-0.258023474746186
ENSG00000144048	-0.0951812432799461
ENSG00000287250	0.0495422104868793
ENSG00000124356	-0.0634386046756233
ENSG00000187605	0.0527589008496847
ENSG00000257800	0.123133974571618
ENSG00000225439	-0.149857380365679
ENSG00000114978	-0.0411132124169192
ENSG00000065911	0.0050866612884101
ENSG00000286623	0.116708015397476
ENSG00000114993	0.0328313239233426
ENSG00000115275	0.0825341361933771
ENSG00000272183	-0.221909032962108
ENSG00000257702	0.0471385035053763
ENSG00000115289	-0.285088204601232
ENSG00000115307	-0.0262989975420464
ENSG00000115318	0.121728217319987
ENSG00000115325	0.246355602139221
ENSG00000272711	0.0083752344238915
ENSG00000159399	0.334448710231126
ENSG00000115350	0.0543842633974079
ENSG00000115364	-0.227533815603628
ENSG00000005436	-0.098843120849697
ENSG00000224731	-0.266501596149769
ENSG00000163541	-0.0880703833661252
ENSG00000034510	0.154994129735176
ENSG00000176407	-0.120595249745951
ENSG00000246575	-0.141675350361914
ENSG00000152291	0.14654039229213
ENSG00000042445	0.209936209316844
ENSG00000115459	-0.0723683052066332
ENSG00000278590	0.00915585573040132
ENSG00000152292	-0.0840183322978951
ENSG00000286532	0.225645971674653
ENSG00000168906	0.260110666233437
ENSG00000115486	-0.0289739255073539
ENSG00000118640	0.170955124851595
ENSG00000168899	0.133837331390683
ENSG00000168894	0.0140873602014493
ENSG00000168890	-0.0598252527887809
ENSG00000168887	-0.0375058934200599
ENSG00000168874	0.110241968363116
ENSG00000115525	-0.0422707161944217
ENSG00000232504	0.342946014465637
ENSG00000272564	0.398936918797962
ENSG00000068654	0.0389192875175336
ENSG00000132300	0.00966310895633304
ENSG00000273080	-0.742547749182086
ENSG00000115548	0.119776484969938
ENSG00000239305	-0.133912790549544
ENSG00000153563	0.252998973298086
ENSG00000231259	0.126727859900104
ENSG00000287670	-0.0022962206018687
ENSG00000234028	0.08763368251771
ENSG00000243290	-0.529371000769498
ENSG00000240864	0.891460906123181
ENSG00000213355	-0.535557963807859
ENSG00000223564	0.0503303240290726
ENSG00000233850	0.277211150310153
ENSG00000172005	0.232910595386924
ENSG00000231062	0.677754367469352
ENSG00000287362	0.0966863533193167
ENSG00000144029	-0.025051961384109
ENSG00000115041	-0.111860208667753
ENSG00000115042	0.0703113330947085
ENSG00000232931	0.117979414599312
ENSG00000231584	-0.070934246016666
ENSG00000274286	-0.287533151749028
ENSG00000158050	0.568351397468424
ENSG00000204685	-0.00425260440456876
ENSG00000144021	-0.0932218465441443
ENSG00000144028	0.0848995658301969
ENSG00000196843	0.511132803845739
ENSG00000114982	-0.0223711786955936
ENSG00000114988	-0.0415207768868233
ENSG00000158158	0.0721481580415649
ENSG00000273265	-0.0836543316808409
ENSG00000168763	-0.052294977751848
ENSG00000213337	-0.0532122902573071
ENSG00000168758	0.41298317916696
ENSG00000168754	-0.0977848060638428
ENSG00000144199	0.171108879411259
ENSG00000228486	-0.0198426002855365
ENSG00000183513	-0.20322829491435
ENSG00000071073	0.0991827102949276
ENSG00000226791	-0.0020755766007469
ENSG00000144182	-0.196083608967684
ENSG00000185414	-0.0395163737397903
ENSG00000135945	-0.0248240772575979
ENSG00000115526	-0.0585026276647165
ENSG00000163162	0.0640211284744494
ENSG00000115594	0.529308153515073
ENSG00000205716	0.219143072022321
ENSG00000115602	-0.178058895382683
ENSG00000115604	0.0405511471004409
ENSG00000235597	-0.0961580271728919
ENSG00000198914	-0.161382495175698
ENSG00000289498	-0.041262350852467
ENSG00000229743	0.0371604032479653
ENSG00000287135	-0.0204903680439863
ENSG00000272861	-0.00196487052184034
ENSG00000135966	-0.0560381846097676
ENSG00000272994	-0.118990784741658
ENSG00000071051	-0.0264595474056058
ENSG00000115652	0.00185367240504943
ENSG00000169756	0.0547772907388272
ENSG00000153201	0.0942390136859605
ENSG00000259863	0.475839704188968
ENSG00000175701	-0.111148548486253
ENSG00000153094	0.091089892702321
ENSG00000271590	0.054585695532697
ENSG00000153208	0.0808359130028556
ENSG00000188177	-0.0565273471970358
ENSG00000114999	0.0407648011469776
ENSG00000125611	0.149492733184242
ENSG00000228251	0.112330541620944
ENSG00000115008	-0.124628512537779
ENSG00000125538	0.370117534861319
ENSG00000125637	0.0854947612610161
ENSG00000136682	-0.0888054882255764
ENSG00000226516	-0.0640285333429111
ENSG00000279267	-0.590986684764084
ENSG00000236255	-0.512803162016689
ENSG00000279227	0.177014315487329
ENSG00000155368	0.0268048479329414
ENSG00000236878	0.0116333724022377
ENSG00000227788	-0.128537597568273
ENSG00000233286	-0.21758009574585
ENSG00000226479	0.067639520802579
ENSG00000144118	-0.0467436257419004
ENSG00000163083	0.0684984189694219
ENSG00000211460	-0.0275743270220122
ENSG00000163161	-0.0690914608026253
ENSG00000169967	-0.0450324409184296
ENSG00000236682	0.0609523722063704
ENSG00000272789	-0.0322967994232979
ENSG00000144230	-0.633115623171493
ENSG00000144233	0.0202783437676009
ENSG00000286873	-0.0418042446102458
ENSG00000213225	-0.422998719454858
ENSG00000136710	-0.0857314507750012
ENSG00000233087	0.155188103769889
ENSG00000152117	0.209717025978054
ENSG00000287071	-0.15420030882364
ENSG00000274353	-0.202067674922005
ENSG00000226953	-0.0351680497274653
ENSG00000152127	-0.180722187623671
ENSG00000152128	-0.0550602904201601
ENSG00000287463	-0.102088689211514
ENSG00000076003	0.12137371590599
ENSG00000115866	0.00443393574150188
ENSG00000121966	0.248128813340952
ENSG00000230037	0.125395615605256
ENSG00000150540	-0.020757791569372
ENSG00000279166	0.358462414585143
ENSG00000238057	-0.124370518543826
ENSG00000287115	-0.137479362800722
ENSG00000115963	0.0559072386950326
ENSG00000184898	-0.0121126730526159
ENSG00000123609	0.0642924745148711
ENSG00000123610	-0.0731318342484781
ENSG00000162980	-0.0456153918670161
ENSG00000157827	-0.159411770689426
ENSG00000286207	0.645225229890895
ENSG00000196504	-0.0751688826681747
ENSG00000230251	0.151377361455471
ENSG00000115159	-0.0416907192032957
ENSG00000136541	-0.305733392092952
ENSG00000115165	0.226299371690788
ENSG00000271320	-0.186597205683837
ENSG00000144283	-0.332514800327942
ENSG00000224152	-0.191154409553638
ENSG00000241399	0.164731804683229
ENSG00000153250	0.075988182872388
ENSG00000115267	-0.015231932164849
ENSG00000163072	-0.109425254861804
ENSG00000073737	0.0326666335051783
ENSG00000081479	0.317046143400204
ENSG00000138399	-0.216547480217899
ENSG00000144357	-0.00923330294232738
ENSG00000227176	-0.178965702179788
ENSG00000239467	0.0262794154628067
ENSG00000115806	-0.0626645477640398
ENSG00000198586	-0.0691360533471785
ENSG00000233762	-0.347796486607306
ENSG00000091409	0.219964958705343
ENSG00000091436	0.0383824003691614
ENSG00000144354	-0.00507733839628102
ENSG00000144306	-0.0669298428221016
ENSG00000115935	-0.117863526846479
ENSG00000128656	-0.17937767950472
ENSG00000128652	-0.0120631008278263
ENSG00000224189	-0.0967504618432189
ENSG00000128645	0.0208207338408352
ENSG00000128654	-0.071732108847638
ENSG00000237260	-0.163458111199802
ENSG00000163364	-0.0445068448571171
ENSG00000213963	0.0287044244193954
ENSG00000280374	0.0772665355380739
ENSG00000018510	-0.0241025276074623
ENSG00000155636	-0.00842265503266701
ENSG00000223960	-0.0299881096620749
ENSG00000204311	-0.085898618943658
ENSG00000170035	-0.030204845788852
ENSG00000138434	-0.203752100537289
ENSG00000162998	0.244741726091928
ENSG00000162999	-0.0927695741098122
ENSG00000064989	0.0198751929699105
ENSG00000168542	0.444510248594469
ENSG00000138449	-0.0471022945422771
ENSG00000128694	-0.0473757547759147
ENSG00000187699	-0.0652484377435515
ENSG00000138379	-0.150164461155243
ENSG00000198130	-0.130189536159193
ENSG00000151690	0.0452117879627036
ENSG00000189362	-0.0638650534341639
ENSG00000115415	0.309542172040026
ENSG00000173559	0.250046112700393
ENSG00000168497	0.136109170721954
ENSG00000144339	-0.0384603633424629
ENSG00000196950	-0.0502998691097311
ENSG00000081320	0.0330556678849697
ENSG00000187944	-0.139597889316793
ENSG00000115520	0.0104026454881054
ENSG00000144381	0.0871409792487914
ENSG00000115541	-0.169284380552401
ENSG00000115540	-0.150048172509939
ENSG00000162944	-0.221042821861274
ENSG00000119042	-0.153204192030595
ENSG00000238217	-0.0388272365695484
ENSG00000213938	0.269440989275382
ENSG00000013441	-0.299652291666086
ENSG00000196290	-0.166913901089989
ENSG00000003402	0.0437037980789342
ENSG00000003400	0.042473370332297
ENSG00000064012	0.0513985106066712
ENSG00000155755	-0.0428733938151481
ENSG00000230799	-0.0534126844706996
ENSG00000055044	-0.0237440688161508
ENSG00000204217	-0.0904565581216024
ENSG00000163596	-0.014315723411305
ENSG00000138380	0.00156859588022628
ENSG00000119004	-0.0857866514313675
ENSG00000138443	-0.135649284290352
ENSG00000163599	0.426432047493478
ENSG00000227946	-0.11200471059124
ENSG00000023228	-0.00262775091414932
ENSG00000118246	0.00823779078596933
ENSG00000118263	-0.0596839920225223
ENSG00000118260	-0.0871495703150003
ENSG00000144401	-0.226924996975191
ENSG00000163249	0.0422049098228744
ENSG00000178385	-0.0666421449429734
ENSG00000118231	-0.0410725547106973
ENSG00000138413	-0.00282339932654647
ENSG00000231063	-0.00487078868502442
ENSG00000288732	0.0596047458313026
ENSG00000030419	0.017130426473291
ENSG00000270659	0.0967480907134858
ENSG00000230076	-0.116611161004093
ENSG00000115425	0.0533324224946289
ENSG00000115457	0.475293189409873
ENSG00000180871	-0.213301572019452
ENSG00000163466	0.0296322407663843
ENSG00000127837	0.0679976983347832
ENSG00000127838	-0.0834312239197254
ENSG00000018280	0.570473189577218
ENSG00000144580	0.0332475468771624
ENSG00000115568	0.0396051438286142
ENSG00000074582	-0.00408473424450209
ENSG00000163481	-0.0739536512917024
ENSG00000272555	-0.77816522755732
ENSG00000115649	0.149193245783163
ENSG00000287529	0.612629153606763
ENSG00000198925	0.0135972223089672
ENSG00000127824	0.141904848528686
ENSG00000123992	0.01489786227981
ENSG00000144591	0.0144567981805961
ENSG00000188760	-0.0270507000269428
ENSG00000163082	-0.276502238376407
ENSG00000116120	-0.0168219772691602
ENSG00000135919	0.00112332460829383
ENSG00000124019	0.195267543700997
ENSG00000135905	0.0443337637794187
ENSG00000168958	-0.227199223842879
ENSG00000173744	-0.00848762978713423
ENSG00000135917	-0.0424070052301775
ENSG00000187957	-0.0646662527159077
ENSG00000163053	0.00574811736137956
ENSG00000135899	0.0703689932358945
ENSG00000067066	0.0429284326521318
ENSG00000237758	-0.179313212144097
ENSG00000261829	-0.172191122885136
ENSG00000173692	0.0166969374569983
ENSG00000156966	-0.498972952627427
ENSG00000283312	-0.456898694272744
ENSG00000289018	0.307402128797063
ENSG00000187514	-0.00350934422502452
ENSG00000144524	-0.0364372107552783
ENSG00000237412	-0.310816694016493
ENSG00000221944	-0.178959405693364
ENSG00000182600	-0.427022275869555
ENSG00000168918	0.213684847732372
ENSG00000085978	-0.00602158261107654
ENSG00000251791	0.93362397151646
ENSG00000077044	-0.0589390040013261
ENSG00000085982	-0.024469667655476
ENSG00000130147	-0.0375304551676304
ENSG00000157985	-0.0386596935284925
ENSG00000124831	0.145342240444315
ENSG00000184182	-0.00221800685158867
ENSG00000132323	0.0100749701641748
ENSG00000144485	0.249677160374399
ENSG00000132326	-0.0104550478525914
ENSG00000130414	0.0462817452668059
ENSG00000063660	0.160999114973091
ENSG00000144504	0.040375751236486
ENSG00000142327	0.0067408199337366
ENSG00000260942	-0.237203573048385
ENSG00000178623	-0.0439773569031599
ENSG00000130294	0.0865760148288396
ENSG00000122085	-0.0713669126972859
ENSG00000115685	-0.127308377252515
ENSG00000115677	0.0779074209188667
ENSG00000168385	-0.153840654646964
ENSG00000286588	-0.104102231377819
ENSG00000289555	0.168495727595008
ENSG00000234235	0.384379463491711
ENSG00000176720	-0.174883699491686
ENSG00000273113	-0.516375522101298
ENSG00000168393	-0.0166858542577173
ENSG00000168395	-0.082240088408506
ENSG00000204099	-0.564695271512993
ENSG00000134121	-0.116998670889494
ENSG00000113851	-0.113671893091724
ENSG00000175928	-0.362068240175924
ENSG00000170364	-0.142783704025209
ENSG00000231249	-0.0431483235812994
ENSG00000134109	0.0998847735064299
ENSG00000196220	-0.0320087037922141
ENSG00000134077	0.0223090061257016
ENSG00000168137	0.0080839740864714
ENSG00000156959	-0.13455279443921
ENSG00000156983	-0.0436475163265749
ENSG00000114026	-0.00953668379677566
ENSG00000134072	0.0530802317684236
ENSG00000171148	0.01211695805255
ENSG00000241553	0.058209804291184
ENSG00000214021	-0.0201864903236657
ENSG00000156990	-0.0185433312321967
ENSG00000163703	-0.222809278500973
ENSG00000230082	-0.0286485982235353
ENSG00000206567	-0.0584327721667316
ENSG00000231177	-0.223179460251092
ENSG00000157103	0.251024194381177
ENSG00000132155	0.0208253061931031
ENSG00000163517	0.0548369539587941
ENSG00000163520	0.336572166836452
ENSG00000287059	-0.0274937295227186
ENSG00000131389	0.502708432042585
ENSG00000177463	-0.020920934551646
ENSG00000131368	0.0266235288176874
ENSG00000131381	-0.0299935943582302
ENSG00000224660	0.130629036472056
ENSG00000144597	-0.0542957130424485
ENSG00000131373	0.0296733385384374
ENSG00000270409	-0.0549693580318785
ENSG00000286689	0.224035272969692
ENSG00000154813	-0.170439972862746
ENSG00000131378	0.0653737063330423
ENSG00000272498	-0.0418318090074718
ENSG00000183960	0.0761379693843639
ENSG00000289138	0.220799883180772
ENSG00000114166	-0.152559462266034
ENSG00000215016	-0.432532667107815
ENSG00000077097	-0.0915725518601979
ENSG00000151093	-0.0538023992141562
ENSG00000033867	-0.000308907174872638
ENSG00000163513	0.274026046286449
ENSG00000261468	-0.0732081098635276
ENSG00000261572	-0.152055780522519
ENSG00000091317	0.120119813609014
ENSG00000144635	-0.101575553321119
ENSG00000153558	-0.0240985331626671
ENSG00000153560	-0.0291779724206775
ENSG00000163539	-0.159156800698821
ENSG00000272334	0.0371834727727006
ENSG00000093167	-0.128932981185542
ENSG00000231449	-0.00240946420507645
ENSG00000271653	-0.525991279826537
ENSG00000270194	0.443768402904697
ENSG00000144674	-0.0303884523155848
ENSG00000288972	0.0875044325886809
ENSG00000144677	-0.0237379980853913
ENSG00000136059	0.0934576231632142
ENSG00000172936	0.124146364007239
ENSG00000157036	0.0216534707697883
ENSG00000114742	-0.0538255209715524
ENSG00000114745	0.113819806707749
ENSG00000168329	0.243344154877128
ENSG00000289279	0.48486768057297
ENSG00000230274	0.412234726074682
ENSG00000008324	-0.314306169168525
ENSG00000230084	-0.0110578992356452
ENSG00000114853	-0.0600430402943955
ENSG00000010282	-0.131466357157842
ENSG00000230970	-0.127423176219817
ENSG00000173811	0.0573714933690235
ENSG00000240747	0.295876776610954
ENSG00000182983	0.113449512825668
ENSG00000144649	0.106735934050603
ENSG00000227245	0.0293976373475745
ENSG00000160746	-0.0256539129697658
ENSG00000011198	-0.118897457399993
ENSG00000280435	0.105974681467783
ENSG00000261786	-0.317348370318801
ENSG00000179152	-0.158723454952255
ENSG00000185219	-0.0132726415321574
ENSG00000196345	-0.0736277609640812
ENSG00000272077	0.131615311583834
ENSG00000169964	-0.154690531929773
ENSG00000163812	-0.0293783541382514
ENSG00000163815	0.165714593962498
ENSG00000144791	0.12818973841762
ENSG00000163823	0.373501565702641
ENSG00000121807	0.228059570017366
ENSG00000160791	0.553869809532193
ENSG00000283706	-0.0951399391736559
ENSG00000160801	-0.157099905569206
ENSG00000160796	0.380805575341161
ENSG00000114648	-0.0179501314471102
ENSG00000076201	0.0461961078071944
ENSG00000163832	-0.0317752594356774
ENSG00000114646	-0.116957018859345
ENSG00000132153	0.025287268997401
ENSG00000164047	-0.101764186042955
ENSG00000164048	0.0169595300182721
ENSG00000229759	0.452592084228865
ENSG00000164050	0.07585269868937
ENSG00000164053	-0.0741657038972794
ENSG00000164054	0.199627747655137
ENSG00000225697	0.124037893230421
ENSG00000271973	0.46871726978013
ENSG00000068745	-0.190343518603086
ENSG00000114302	0.104589853951721
ENSG00000224424	0.20664142476697
ENSG00000178537	0.148513859223153
ENSG00000221883	0.148558382973886
ENSG00000177479	0.0451173845497453
ENSG00000223343	0.340872444002151
ENSG00000178467	0.0100652069928828
ENSG00000178057	-0.114257495561226
ENSG00000198218	0.0437275356827647
ENSG00000172053	0.0405347259173807
ENSG00000172046	0.0487860600070798
ENSG00000172037	0.400629282762606
ENSG00000188315	-0.23802770374128
ENSG00000145022	0.021084156915716
ENSG00000145029	0.0504749096228892
ENSG00000226913	-0.0295295798045345
ENSG00000173531	0.102385778877754
ENSG00000173540	0.282291321536859
ENSG00000176095	-0.128369552238121
ENSG00000185614	-0.0322895007388817
ENSG00000182179	0.273456675471881
ENSG00000164077	0.00685415783846462
ENSG00000281691	0.485726707757335
ENSG00000001617	0.0130336790241513
ENSG00000188338	-0.0681030012886811
ENSG00000230454	0.312086986956747
ENSG00000012171	0.379004270139019
ENSG00000214706	0.104951798619402
ENSG00000243477	0.337072494418623
ENSG00000114378	0.0502789956711687
ENSG00000068001	0.104336178474577
ENSG00000114383	-0.0746367685519441
ENSG00000281358	0.265043980383038
ENSG00000114395	0.130717776228646
ENSG00000114735	0.126560649688655
ENSG00000114737	0.243178105903834
ENSG00000114738	0.156595116271693
ENSG00000289504	0.172679051239133
ENSG00000273356	-0.176587497099494
ENSG00000288988	-0.288655356262048
ENSG00000145050	-0.116627815538781
ENSG00000259956	0.0674331040160019
ENSG00000164080	0.0337484387140317
ENSG00000164082	-0.181200974043994
ENSG00000180929	-0.0876437874873576
ENSG00000090097	0.00606212519930343
ENSG00000114779	0.266017147138033
ENSG00000248487	0.0623945106287369
ENSG00000243989	0.148470385809617
ENSG00000164086	0.180607087867495
ENSG00000023330	0.226783751095623
ENSG00000239732	-0.261997968162473
ENSG00000247596	0.116323443748361
ENSG00000243224	-0.0363118356444241
ENSG00000164088	0.0693893965627595
ENSG00000114841	0.236390620665281
ENSG00000239557	-0.140462656465389
ENSG00000010318	-0.001497695267156
ENSG00000010327	0.304693943846997
ENSG00000168268	0.132785422535945
ENSG00000163938	-0.0213090754948105
ENSG00000016864	0.0385207219154881
ENSG00000162267	0.269611058822409
ENSG00000055955	0.0828542712780389
ENSG00000272573	0.433261149994716
ENSG00000289519	-0.164156388336563
ENSG00000163933	-0.0139178948507935
ENSG00000163932	0.204258471231808
ENSG00000272886	-0.0173947807019001
ENSG00000016391	0.055077521371358
ENSG00000271976	-0.182399039112413
ENSG00000113811	-0.177672791202792
ENSG00000229806	-0.320541974242774
ENSG00000114251	-0.178958634068883
ENSG00000144730	-0.143528947639101
ENSG00000174840	0.0102752941315979
ENSG00000168374	-0.00229398789305081
ENSG00000136068	-0.108454589076533
ENSG00000163686	-0.0388741343500846
ENSG00000273493	-1.13384689819315
ENSG00000168291	-0.0210473539718466
ENSG00000272360	-0.187383936132883
ENSG00000226360	0.131231238461351
ENSG00000114405	-0.176606728412893
ENSG00000163618	-0.105927656125724
ENSG00000272181	-0.363620422980281
ENSG00000163638	0.0906145507055149
ENSG00000241158	0.118340584843152
ENSG00000163376	0.0195587832098375
ENSG00000187098	-0.00614866870596185
ENSG00000277855	-0.37262498626572
ENSG00000270562	0.00868074050271687
ENSG00000272774	0.253389379574831
ENSG00000287595	-0.29460276471332
ENSG00000179021	-0.08093280685497
ENSG00000178700	0.144317743756568
ENSG00000178694	-0.0460936266425494
ENSG00000269028	-0.793795731540833
ENSG00000080200	0.129075044603991
ENSG00000057019	-0.166116455923329
ENSG00000273374	-0.0407891063639087
ENSG00000036054	-0.0894386448625818
ENSG00000114021	0.0350060055531266
ENSG00000138468	-0.0541643431758819
ENSG00000174173	-0.101085239592007
ENSG00000256628	0.03059747456923
ENSG00000244119	-0.0356936503578079
ENSG00000144815	0.0434303858079061
ENSG00000144802	0.313668077416501
ENSG00000288848	-0.440840356302642
ENSG00000288557	0.0654728379257558
ENSG00000243701	0.118079925218924
ENSG00000272597	-0.34750084018486
ENSG00000114446	0.00774666877128475
ENSG00000241634	0.0981781092681984
ENSG00000091972	0.0349074809736375
ENSG00000138459	-0.0530456337149603
ENSG00000091986	-0.169914362162852
ENSG00000163608	-0.012909063752512
ENSG00000178075	0.00422523299867655
ENSG00000163617	0.05288818537119
ENSG00000174255	0.311734508068623
ENSG00000181847	0.000407275812157459
ENSG00000172020	0.00878247117911765
ENSG00000144847	-0.00480474122464718
ENSG00000121578	0.221747277353074
ENSG00000031081	-0.143043222669768
ENSG00000176142	-0.113264102467655
ENSG00000272662	0.391331927944574
ENSG00000113845	-0.0935557309910037
ENSG00000144843	0.418495865734646
ENSG00000144837	0.172540267734837
ENSG00000138495	-0.145602799862714
ENSG00000082701	-0.119713869288826
ENSG00000065518	-0.127496913539187
ENSG00000173230	0.0315033653753174
ENSG00000163406	-0.0243031791802502
ENSG00000114013	0.0788803759694144
ENSG00000121552	0.0843265578421618
ENSG00000196981	-0.0944899422782431
ENSG00000138496	0.280514449256411
ENSG00000163840	0.227528062164669
ENSG00000173193	0.200982572825129
ENSG00000175455	0.00552436784677002
ENSG00000114491	-0.0596980106377244
ENSG00000229048	0.074424773672789
ENSG00000114520	0.0262482547961585
ENSG00000284624	0.0564950666017809
ENSG00000114544	0.0194616042979537
ENSG00000144908	0.24587260591418
ENSG00000246022	-0.067386858040247
ENSG00000250934	-0.0155033731015324
ENSG00000251448	0.139649358696001
ENSG00000163884	-0.0690263989664664
ENSG00000070476	0.0982236253287232
ENSG00000114554	-0.00390713802003121
ENSG00000163870	-0.0639703214166688
ENSG00000073111	0.098159684396501
ENSG00000285600	-0.0226493572550367
ENSG00000114631	-0.0906133027919185
ENSG00000114626	-0.11703089911796
ENSG00000058262	0.176009756716989
ENSG00000179348	0.240890924774168
ENSG00000244300	0.0283060533692662
ENSG00000239503	0.335113097406303
ENSG00000172780	0.0290036322104169
ENSG00000288996	-0.214625923467502
ENSG00000169714	-0.0234554400679111
ENSG00000181789	0.114942505656928
ENSG00000206417	0.0600738243092746
ENSG00000203644	-0.012234968663042
ENSG00000271270	-0.0283729300032021
ENSG00000284731	0.00119483800015716
ENSG00000253540	0.0634955192898661
ENSG00000196455	-0.0197110100150406
ENSG00000034533	-0.186538438247884
ENSG00000261167	0.175378759854797
ENSG00000240303	-0.012578944294949
ENSG00000113971	0.0472428440881888
ENSG00000091527	0.0705158966769575
ENSG00000163781	-0.0910614134435697
ENSG00000091513	0.030815904492386
ENSG00000244062	0.445317234916118
ENSG00000285908	-0.413328427866903
ENSG00000163785	-0.0152704789646622
ENSG00000260633	0.365308103717983
ENSG00000114019	0.0283812297693188
ENSG00000174611	0.001459047395629
ENSG00000174579	-0.0951674875415418
ENSG00000114054	0.106134061037838
ENSG00000261758	0.235004689987425
ENSG00000138231	-0.0529248957877185
ENSG00000158234	-0.0647576226348891
ENSG00000183770	0.110547292191451
ENSG00000206262	0.0659786504901336
ENSG00000114115	0.232350993245707
ENSG00000114120	0.00727969027625688
ENSG00000069849	0.0909778915719088
ENSG00000114126	-0.0917138594765105
ENSG00000175066	-0.0449490934808801
ENSG00000114127	-0.0603369393185552
ENSG00000144935	-0.020951214651742
ENSG00000175040	0.0581532622560157
ENSG00000241679	-0.0235987258795225
ENSG00000261051	-0.0710608398015779
ENSG00000279320	-0.209921115279226
ENSG00000188313	0.159032659415361
ENSG00000239922	-0.0645682864508317
ENSG00000071794	0.056713918051316
ENSG00000047457	0.51740450872308
ENSG00000163762	-0.23702880680748
ENSG00000169908	0.578962596740879
ENSG00000082996	-0.0812997534365138
ENSG00000070087	-0.109808333169703
ENSG00000120742	0.0976295520581225
ENSG00000181788	-0.0934977471846153
ENSG00000181631	0.0380776657406701
ENSG00000169313	0.0420588577283173
ENSG00000221962	-0.0156785560465475
ENSG00000174953	0.0864748036853298
ENSG00000286585	-0.0673956194564139
ENSG00000243926	0.0624269291476162
ENSG00000168827	0.0728652988174841
ENSG00000271778	-0.0154021913207587
ENSG00000272247	0.572261487015739
ENSG00000168811	0.201302644819764
ENSG00000186432	-0.00683984499467185
ENSG00000229320	-0.114733843334972
ENSG00000260572	-0.130764503376357
ENSG00000114200	-0.225705969417684
ENSG00000184378	0.431293940857301
ENSG00000173890	0.0490773323552857
ENSG00000136603	-0.0449597828129878
ENSG00000013293	0.173063019663312
ENSG00000163584	0.0836615045563359
ENSG00000163577	-0.135631075805346
ENSG00000154310	-0.0418279248824401
ENSG00000075651	-0.0208840825924356
ENSG00000121858	0.205133441097798
ENSG00000227440	-0.0668756844717645
ENSG00000172667	-0.0732064034220537
ENSG00000121864	-0.144293415432234
ENSG00000171109	-0.065620190078002
ENSG00000272660	-0.0667501916979801
ENSG00000058056	-0.000662019968579466
ENSG00000114757	-0.10683781209421
ENSG00000114416	-0.200075232485215
ENSG00000205981	-0.0353637514493828
ENSG00000242808	-0.00711072045448476
ENSG00000181449	0.021178413017785
ENSG00000239805	-0.35029143278821
ENSG00000058063	0.0473251114727745
ENSG00000270554	0.458469577830343
ENSG00000176597	-0.0259733812495781
ENSG00000172578	0.175492133461268
ENSG00000114796	-0.128309040808434
ENSG00000233885	0.0374321936524538
ENSG00000180834	-0.184145193807274
ENSG00000175193	0.0517244905248577
ENSG00000114770	-0.00905400304113333
ENSG00000273181	-0.058233243578807
ENSG00000161202	0.0174287142016071
ENSG00000114867	0.0975278031493591
ENSG00000175182	-0.0084176422141016
ENSG00000114859	0.0724804792006189
ENSG00000163882	0.098464831198227
ENSG00000177383	0.010541067150543
ENSG00000273403	-0.372389174441432
ENSG00000272922	-0.190385729947905
ENSG00000156931	-0.015618408100633
ENSG00000187068	0.101836976623212
ENSG00000136527	-0.0176201971160533
ENSG00000244405	0.00129101088550941
ENSG00000213139	-0.140652230688962
ENSG00000113838	0.0368824977230644
ENSG00000090520	0.0781727522226755
ENSG00000263826	0.179347761509122
ENSG00000073849	0.111303484543137
ENSG00000127241	0.240497641439731
ENSG00000113916	0.210679052478554
ENSG00000285938	0.154637526751601
ENSG00000270959	0.195779979917842
ENSG00000198836	-0.0762750955921599
ENSG00000232874	-0.00468366332821124
ENSG00000133657	0.0344031248280374
ENSG00000231770	0.209696302817561
ENSG00000288979	0.490216949679862
ENSG00000145014	0.0435180590782899
ENSG00000041802	0.103630776154549
ENSG00000185112	-0.0286945356662456
ENSG00000184203	0.138807014692605
ENSG00000286004	0.082529742042344
ENSG00000185485	0.0681277131076567
ENSG00000161217	0.0648387282763685
ENSG00000163960	-0.041454095314705
ENSG00000232065	0.139604660320874
ENSG00000174004	0.143626758036048
ENSG00000163964	-0.160289314414605
ENSG00000174007	-0.24485735073736
ENSG00000114503	-0.190434091363869
ENSG00000228109	0.0191493727313717
ENSG00000075711	-0.176769289667255
ENSG00000161267	0.104323001965729
ENSG00000213519	0.144773775054998
ENSG00000122068	-0.0892675609956519
ENSG00000182899	-0.157740229002349
ENSG00000185621	-0.068229387732431
ENSG00000251595	0.00483694247447704
ENSG00000174227	0.0417003510507194
ENSG00000283183	-0.147290763932592
ENSG00000169020	-0.264353529398921
ENSG00000215375	-0.215300499445053
ENSG00000169026	0.29870776704687
ENSG00000185619	-0.169732300433521
ENSG00000249592	-0.172007850910446
ENSG00000178950	0.023414844140173
ENSG00000127419	-0.0415672669100089
ENSG00000178222	-0.0704551352465656
ENSG00000196810	-0.0544159989082883
ENSG00000090316	-0.0102572639489278
ENSG00000272783	0.203940555971569
ENSG00000163950	-0.0979819820726095
ENSG00000168936	0.108451746569503
ENSG00000168924	-0.0364298963434962
ENSG00000159733	-0.0185772634357716
ENSG00000063978	0.0911133070799656
ENSG00000168884	0.0300045138137946
ENSG00000087266	0.259962732385122
ENSG00000087274	0.112126953542463
ENSG00000249673	0.218864163756361
ENSG00000087269	0.0292116767940339
ENSG00000109758	-0.0340079589604136
ENSG00000250476	-0.177488241355383
ENSG00000145220	-0.154278174682717
ENSG00000168826	0.0198035317026244
ENSG00000168818	0.0352092952895518
ENSG00000163132	0.0510315129861778
ENSG00000170891	0.10172780517037
ENSG00000179010	-0.177536178202052
ENSG00000246526	0.0651158027174388
ENSG00000163993	-0.431873709672607
ENSG00000178988	-0.262631563707821
ENSG00000186222	-0.00570775066708225
ENSG00000170871	-0.0207238448626575
ENSG00000132405	-0.0395640839766982
ENSG00000202392	-0.160262778088904
ENSG00000245468	-0.182537826667844
ENSG00000184985	0.0806778862303792
ENSG00000273267	0.105052614710825
ENSG00000251615	-0.0524157528180139
ENSG00000155275	0.113855904100204
ENSG00000205959	0.159949250883893
ENSG00000071127	0.305615148182189
ENSG00000178163	-0.0591429464140314
ENSG00000038219	-0.00832928884882549
ENSG00000048342	-0.0189589014232782
ENSG00000118564	-0.0639981502846764
ENSG00000169762	-0.0523698526518528
ENSG00000151552	0.00765375342832346
ENSG00000002549	0.114249487303282
ENSG00000118579	-0.0639980182208992
ENSG00000163257	0.23882138702672
ENSG00000163138	-0.00978534754471359
ENSG00000109606	-0.0371691931543756
ENSG00000261121	-0.215651523749511
ENSG00000109610	0.759861235406592
ENSG00000153012	-0.373104321252869
ENSG00000053900	-0.119482855023049
ENSG00000250317	-0.0412697942182676
ENSG00000168214	-0.0673622845133823
ENSG00000109689	-0.0182537140237049
ENSG00000181826	-0.26922119949288
ENSG00000169299	0.0590529829910233
ENSG00000065882	0.0312652649822813
ENSG00000231160	-0.0385760082426029
ENSG00000109787	0.0547453918767012
ENSG00000174123	-0.107146645005464
ENSG00000174125	0.186961163996176
ENSG00000174130	0.116805806374069
ENSG00000197712	0.0573233105045482
ENSG00000121897	-0.015216643980243
ENSG00000224097	-0.244462356026999
ENSG00000109814	-0.0753910352526686
ENSG00000287262	-0.263023798604192
ENSG00000255458	-0.0265368886463945
ENSG00000121892	-0.10916586439953
ENSG00000154277	0.0171440773367469
ENSG00000289643	0.242764209489704
ENSG00000178343	-0.334200056596985
ENSG00000124406	0.00710768331165968
ENSG00000248283	0.481776598182163
ENSG00000163281	-0.0769109970838696
ENSG00000249936	-0.309840671614824
ENSG00000169019	-0.0245785568333595
ENSG00000145246	0.0745806033013502
ENSG00000109171	-0.0443244791044498
ENSG00000075539	0.0167574489300963
ENSG00000109180	0.0149100219229962
ENSG00000109184	-0.0254841391759683
ENSG00000188993	-0.167913328452781
ENSG00000163069	0.0189706762339568
ENSG00000248866	-0.0567560395119264
ENSG00000226950	-0.202964706922359
ENSG00000226887	-0.124819356179116
ENSG00000109220	-0.049423241418344
ENSG00000180613	-0.0740833084230208
ENSG00000134853	-0.591790159021576
ENSG00000128039	0.0909543419888756
ENSG00000273257	-0.08710089471562
ENSG00000239040	0.592978182682564
ENSG00000272969	0.135082054989906
ENSG00000090989	-0.102061874427564
ENSG00000128050	-0.00250343458823628
ENSG00000289393	-0.320286125918873
ENSG00000171476	0.113173864872272
ENSG00000280285	0.038500822506551
ENSG00000288944	0.070664598267772
ENSG00000084093	0.0446527373039798
ENSG00000047315	-0.0411458861005353
ENSG00000163453	0.45334271943246
ENSG00000243199	-0.288257534276033
ENSG00000145241	-0.0141058554133634
ENSG00000279464	-0.301234836624733
ENSG00000173597	0.0310494800792596
ENSG00000272986	0.204325941448064
ENSG00000156136	-0.0785895944878787
ENSG00000163626	0.0336189616680465
ENSG00000169429	0.544932622058479
ENSG00000163739	-0.333598468527635
ENSG00000163737	-0.0493640119316731
ENSG00000163736	-0.0413590596473272
ENSG00000163734	0.297922486870137
ENSG00000081041	0.940653614184243
ENSG00000169116	0.357590782959669
ENSG00000138769	-0.152501884652668
ENSG00000198301	0.00985168332714515
ENSG00000138755	-0.403229012589252
ENSG00000169245	-0.467835760074011
ENSG00000169248	-1.04108223802609
ENSG00000138750	0.0395374199712084
ENSG00000138760	0.0244982921368897
ENSG00000189157	-0.120906258752355
ENSG00000118816	-0.199529287039167
ENSG00000138767	0.0334859043589568
ENSG00000289379	-0.456256866822698
ENSG00000249072	-1.01479561798819
ENSG00000248719	0.117488074732874
ENSG00000152784	0.117710791676846
ENSG00000289480	-0.0978807352735142
ENSG00000138668	0.0634265457771175
ENSG00000152795	-0.00816543231602515
ENSG00000145293	-0.131929069259002
ENSG00000249242	0.121735748515349
ENSG00000145284	0.038600920349084
ENSG00000270480	0.590827345571393
ENSG00000168152	-0.133477921918132
ENSG00000145287	-0.0297386363939131
ENSG00000173083	0.0879614504030145
ENSG00000180769	-0.154938795692709
ENSG00000284968	-0.093710069711218
ENSG00000170502	-0.193101011652702
ENSG00000152583	0.304664403738879
ENSG00000183199	-0.204503706954594
ENSG00000138642	0.0627967356765722
ENSG00000138646	0.13482112344197
ENSG00000285122	-0.372015860153612
ENSG00000248019	0.0235708801290977
ENSG00000270720	-0.00532629905683441
ENSG00000185477	0.00698744224361141
ENSG00000163110	-0.0431986089353006
ENSG00000271474	-0.0949856586158458
ENSG00000168785	-0.0701032128511139
ENSG00000260641	0.08451089977169
ENSG00000197894	-0.0163115828866498
ENSG00000196616	0.0292501429683049
ENSG00000164032	-0.0810085572929205
ENSG00000145358	-0.0105510748587591
ENSG00000138821	-0.0210816426035416
ENSG00000260651	-0.290832155043556
ENSG00000109320	-0.0153439562878592
ENSG00000109323	0.0176394211874476
ENSG00000109332	-0.104668628566132
ENSG00000246560	-0.219097304236183
ENSG00000145354	-0.0864187779188017
ENSG00000250651	-0.0768132921195962
ENSG00000164039	0.0346661266072398
ENSG00000138801	-0.133904893246312
ENSG00000155016	0.0386467379412058
ENSG00000249604	0.127010482629823
ENSG00000138796	0.0286999877470141
ENSG00000138795	-0.0777273301666365
ENSG00000198856	-0.120548124491866
ENSG00000138794	0.0199208931866055
ENSG00000205403	0.293231502357367
ENSG00000109534	-0.149190277803269
ENSG00000170522	-0.00318219839119861
ENSG00000138660	-0.194785643693973
ENSG00000145365	-0.109783400903133
ENSG00000073331	0.032464167162643
ENSG00000138658	-0.0798342174809239
ENSG00000174720	-0.196297930233915
ENSG00000241741	-0.24599812181344
ENSG00000145349	-0.0371191584739757
ENSG00000174607	-0.20632528728381
ENSG00000250215	0.110838355998887
ENSG00000174599	0.14146098189727
ENSG00000269893	0.0829250399802975
ENSG00000260404	0.225971356148725
ENSG00000172403	0.0562272148132154
ENSG00000245958	-0.0212992039504477
ENSG00000145386	-0.129017552861964
ENSG00000138688	0.010562970613741
ENSG00000273007	-0.0372567516105726
ENSG00000287951	0.0183601393674122
ENSG00000164066	-0.0484659870946893
ENSG00000164070	-0.235593931338958
ENSG00000282855	0.320334871056911
ENSG00000261668	-0.345239085517862
ENSG00000164073	0.0277925730930572
ENSG00000164040	-0.0288060435837521
ENSG00000151470	-0.103404428677747
ENSG00000254535	-0.284252908610242
ENSG00000250144	0.185053773878906
ENSG00000189184	0.00417327323910383
ENSG00000137463	-0.234443479468333
ENSG00000109390	-0.0157775727932573
ENSG00000272717	0.361057038237018
ENSG00000085871	0.0101323647974538
ENSG00000109436	-0.102282877701782
ENSG00000109445	-0.0917492729079443
ENSG00000109458	-0.0287621912180084
ENSG00000228981	-0.255163819807046
ENSG00000243175	0.0882690506318858
ENSG00000245112	0.0553912479801608
ENSG00000289314	0.228620325601053
ENSG00000164163	0.0637855613063377
ENSG00000170365	-0.132353977578006
ENSG00000151612	-0.072647814838042
ENSG00000164167	-0.112022418718371
ENSG00000250673	0.244454258907041
ENSG00000151617	0.271272282636114
ENSG00000270681	-0.368888717657936
ENSG00000059691	-0.292645263526184
ENSG00000109670	-0.201225614780416
ENSG00000137460	-0.0582502189010457
ENSG00000109654	-0.180718446834406
ENSG00000213406	0.363407495651694
ENSG00000145428	-0.124367349206465
ENSG00000171566	-0.113525012428967
ENSG00000256043	0.127414515121993
ENSG00000164125	-0.114719536024883
ENSG00000286558	-0.0858960180622303
ENSG00000251429	0.0411790899602248
ENSG00000205208	-0.219384294806882
ENSG00000171497	-0.249927313617818
ENSG00000052795	0.129391531874491
ENSG00000170088	0.0275183164037756
ENSG00000052802	-0.265565354911491
ENSG00000109472	-0.00827653426170748
ENSG00000137628	0.150995727548711
ENSG00000129116	-0.088414178961331
ENSG00000145439	-0.152487439485214
ENSG00000154447	0.114351993440394
ENSG00000289249	0.508418887493569
ENSG00000056050	-0.162387111454607
ENSG00000109576	-0.0211880004284409
ENSG00000245213	-0.133005720336303
ENSG00000109586	-0.108062368377104
ENSG00000164104	0.431928348645755
ENSG00000288728	-0.115469717191331
ENSG00000164106	-0.0804797645486037
ENSG00000242882	-0.198324926812566
ENSG00000286039	-0.07238458031542
ENSG00000164117	-0.207848449863011
ENSG00000164118	-0.0781780614917768
ENSG00000150625	-0.375537067058181
ENSG00000289149	-0.215825659689715
ENSG00000038002	0.072685578648536
ENSG00000286119	-0.279276832703094
ENSG00000168564	0.0048521870723489
ENSG00000168556	0.0905693719007812
ENSG00000173320	-0.0663702244139388
ENSG00000271646	0.266650963541633
ENSG00000286292	-0.00610602559235226
ENSG00000271538	0.104411750917926
ENSG00000186352	0.00208739359289155
ENSG00000109775	-0.0261184758296494
ENSG00000164342	0.0350084278123764
ENSG00000250327	0.209369959658205
ENSG00000251008	-0.258808719831004
ENSG00000164344	0.010514799047205
ENSG00000278974	0.223045565945621
ENSG00000214273	0.115279014134325
ENSG00000248925	-0.0988448011077393
ENSG00000221990	0.127158023547886
ENSG00000180104	-0.00583270674402908
ENSG00000028310	0.111067772846843
ENSG00000272347	0.328224956732567
ENSG00000113504	0.0599382345831118
ENSG00000049656	0.0456630071107137
ENSG00000286388	-0.0671522972190879
ENSG00000279908	0.221942907145216
ENSG00000153395	0.0886249267513549
ENSG00000188002	-0.0760392111673327
ENSG00000164151	-0.0278668183219971
ENSG00000133398	-0.0815505816270792
ENSG00000145545	-0.142358690463343
ENSG00000112941	-0.0337671012536471
ENSG00000250668	0.332941469468739
ENSG00000112902	-0.110154096506902
ENSG00000272417	-0.554805519871914
ENSG00000150756	-0.327126680504387
ENSG00000150753	-0.00575827224511508
ENSG00000145495	-0.0209146127733308
ENSG00000112977	0.222886792463046
ENSG00000145569	0.0223541964977612
ENSG00000250182	-0.121407741132393
ENSG00000154124	0.0473889574724067
ENSG00000154122	-0.108810695373437
ENSG00000286970	0.0731567517738914
ENSG00000213430	-0.407069431677033
ENSG00000214108	-0.193494217509164
ENSG00000272086	0.0936104031974179
ENSG00000113387	-0.115051679698585
ENSG00000249572	0.0565538757617559
ENSG00000113407	-0.104617793595252
ENSG00000242110	-0.0152039691434301
ENSG00000241829	-0.0502096914916883
ENSG00000168685	0.146018336768265
ENSG00000152620	-0.173626621550741
ENSG00000285967	-0.235526086943245
ENSG00000197603	0.0753154650765255
ENSG00000286193	-0.292321531481485
ENSG00000113569	-0.0262062705356319
ENSG00000113594	0.13149490184731
ENSG00000145623	0.325013841649334
ENSG00000082074	0.0871021823807579
ENSG00000153071	0.0757816650644585
ENSG00000132356	0.108748508877638
ENSG00000288911	0.0611567059104152
ENSG00000132357	-0.0335190274265334
ENSG00000248668	-0.00178163064045598
ENSG00000198865	-0.00969171416284067
ENSG00000287263	0.113662697159606
ENSG00000215068	0.212147825941607
ENSG00000272144	0.0524564356314157
ENSG00000177453	-0.00943338865638607
ENSG00000112972	-0.0375647633998809
ENSG00000151881	-0.126457363402042
ENSG00000249492	0.0700669145121088
ENSG00000248092	-0.207615331019095
ENSG00000251141	-0.0602217786306015
ENSG00000170571	0.0644989296347641
ENSG00000151883	0.0396679690986437
ENSG00000213949	0.0416404232660032
ENSG00000164171	0.152555508720791
ENSG00000247796	-0.257101600172305
ENSG00000272416	-0.628579969073309
ENSG00000178996	0.0546306986381457
ENSG00000145649	0.130251788742674
ENSG00000067248	0.0146199704862126
ENSG00000067113	0.158705435155621
ENSG00000250853	0.289648896899977
ENSG00000227908	-0.0554927723626222
ENSG00000095015	-0.159604914151308
ENSG00000271828	-0.105799180378083
ENSG00000289152	-0.436670487905051
ENSG00000145632	0.486791973819766
ENSG00000175857	-0.0681084180108536
ENSG00000164181	0.120655431473867
ENSG00000130449	-0.0682461973333761
ENSG00000068796	-0.0832435120428778
ENSG00000186105	0.607337853569009
ENSG00000113593	-0.159333776211871
ENSG00000113597	-0.0763544724153901
ENSG00000197860	-0.117936693514506
ENSG00000123213	-0.0291975025927088
ENSG00000112851	-0.0618637152075821
ENSG00000134061	0.113971889852576
ENSG00000145675	-0.138706353317948
ENSG00000145740	-0.0533392325856932
ENSG00000280187	0.261816689584348
ENSG00000153044	-0.135339167038538
ENSG00000183323	-0.114559267691047
ENSG00000085231	-0.351282732083941
ENSG00000273841	0.0939871905814887
ENSG00000152942	-0.0408076579991429
ENSG00000152939	0.110049023614971
ENSG00000250138	-0.0812165934220784
ENSG00000205571	-0.310034011570503
ENSG00000145734	-0.000905304119034082
ENSG00000131844	0.0475581353455234
ENSG00000113048	-0.0714341273010843
ENSG00000049883	-0.0564579312397219
ENSG00000272525	-0.0563508554944949
ENSG00000164331	-0.0348337336087413
ENSG00000164338	-0.0443490521853399
ENSG00000198780	0.0408892101324891
ENSG00000271714	0.24211826388135
ENSG00000289639	-0.0368813679566468
ENSG00000113161	-0.248939113141918
ENSG00000272040	-0.386446511881984
ENSG00000132846	0.0854929436695455
ENSG00000113231	-0.0556119620470855
ENSG00000253558	0.0983046294318769
ENSG00000245556	0.115626777256602
ENSG00000145685	0.00123614493093284
ENSG00000152409	-0.105026528658925
ENSG00000164309	-0.101113791238883
ENSG00000251050	-0.34885500524193
ENSG00000288741	0.287913671452715
ENSG00000039319	0.171083355463388
ENSG00000251450	0.0336866519327009
ENSG00000113319	-0.0832955958008927
ENSG00000131730	0.075808580416597
ENSG00000248794	0.349525047132729
ENSG00000131732	-0.149461266229081
ENSG00000281327	-0.0492579732323334
ENSG00000249664	-0.172001600803826
ENSG00000038427	-0.555456712218875
ENSG00000233828	0.132089462821968
ENSG00000134480	-0.0178576391212092
ENSG00000247828	-0.0393383187411265
ENSG00000245526	-0.0216963656859882
ENSG00000081189	-0.0227764678861917
ENSG00000288740	-0.203380283078809
ENSG00000176018	-0.0157727244636898
ENSG00000286638	0.111436854757534
ENSG00000113369	0.0749149307574083
ENSG00000251023	0.108680511601309
ENSG00000173221	0.0341256574601718
ENSG00000236882	-0.212180796124854
ENSG00000272021	0.375515457596961
ENSG00000175426	0.159318062390754
ENSG00000113441	-0.107379516882127
ENSG00000145721	-0.0738713435105961
ENSG00000174136	-0.215645434523101
ENSG00000246763	-0.0738023896084611
ENSG00000174132	0.0101162091307664
ENSG00000113532	-0.0147867579150362
ENSG00000145725	-0.0821164942762327
ENSG00000283462	-0.251829992169797
ENSG00000271849	0.0737798476473836
ENSG00000164209	-0.103466578862233
ENSG00000145777	0.0724540714133822
ENSG00000164211	-0.207114081366209
ENSG00000129625	-0.0560984347688801
ENSG00000047188	-0.0297735720307403
ENSG00000152503	-0.0933078689350481
ENSG00000164221	0.0101812405664338
ENSG00000145780	0.0895642589188615
ENSG00000243414	-0.0705571973420677
ENSG00000249249	-0.0576686388419504
ENSG00000129596	-0.00135245788872662
ENSG00000177879	-0.245851939821689
ENSG00000185641	-0.629959376499438
ENSG00000271918	-0.27520682616705
ENSG00000212457	0.829510926933149
ENSG00000092421	0.00272991556119468
ENSG00000172869	-0.0572901706412994
ENSG00000133835	0.024404562936719
ENSG00000064652	-0.105917264410458
ENSG00000168938	0.146976266277163
ENSG00000168916	0.0592160829435694
ENSG00000164904	0.133681136011857
ENSG00000113368	-0.162073258778586
ENSG00000164241	-0.14466845058601
ENSG00000286615	-0.148862516676783
ENSG00000249577	0.152356339195021
ENSG00000250859	-0.0248913450158954
ENSG00000064651	-0.123595322947228
ENSG00000250329	-0.0582905919961996
ENSG00000066583	-0.0375867348173147
ENSG00000158985	-0.0385186408855394
ENSG00000158987	0.0331902482764664
ENSG00000217128	-0.0147397978498902
ENSG00000131435	0.41208139130666
ENSG00000197208	0.043402238154516
ENSG00000197375	-0.10225536315017
ENSG00000125347	0.0229943024968498
ENSG00000202533	0.451519121000209
ENSG00000113522	0.0682924703894184
ENSG00000131437	-0.157672605669256
ENSG00000205089	0.0922712706802864
ENSG00000164402	-0.0265588541768948
ENSG00000198944	-0.174295323826143
ENSG00000164403	-0.0783196776381021
ENSG00000072364	0.0848290049934219
ENSG00000248648	-0.181711464745397
ENSG00000170606	-0.131936322724163
ENSG00000271737	0.415251091195072
ENSG00000081059	0.0962959808981787
ENSG00000113575	-0.102563278395202
ENSG00000270177	-0.137479242959233
ENSG00000119048	-0.164800769299494
ENSG00000043143	-0.105942415765473
ENSG00000152700	-0.0852674787139577
ENSG00000132570	0.0301088168973944
ENSG00000113648	0.0465499369079473
ENSG00000254239	-0.11534354758058
ENSG00000120708	0.469176231585686
ENSG00000113658	-0.136106119077492
ENSG00000152377	-0.0316386645800596
ENSG00000177733	0.0717882037024554
ENSG00000112981	0.0755984358573908
ENSG00000112983	-0.0334129072255858
ENSG00000120733	0.0520219834467009
ENSG00000120705	0.051908264179231
ENSG00000113013	-0.0192240507863555
ENSG00000281398	0.292528620441978
ENSG00000170469	0.0421719538443359
ENSG00000249751	0.540391741926213
ENSG00000184584	0.457546057251145
ENSG00000286403	0.672121623481194
ENSG00000272255	0.0184144193791746
ENSG00000171604	-0.018785511529298
ENSG00000146005	9.83916408201814e-05
ENSG00000182700	-0.377512138636164
ENSG00000120306	0.0479993786320481
ENSG00000113068	-0.0636139591305155
ENSG00000113070	0.355359464084673
ENSG00000113073	-0.00231363696192325
ENSG00000131503	0.0657634449160824
ENSG00000213523	-0.015932076160562
ENSG00000243056	0.127431937018229
ENSG00000176087	0.0707381840886564
ENSG00000170458	0.8841068277555
ENSG00000113141	0.0102836785082778
ENSG00000120314	0.103568143698964
ENSG00000120328	0.136085091404293
ENSG00000277795	-0.280460044465226
ENSG00000120329	0.0175320853745112
ENSG00000081853	0.438459658452874
ENSG00000254221	0.626024976456511
ENSG00000262576	0.300591601926585
ENSG00000253485	-0.00279243801947595
ENSG00000276547	0.51933199528941
ENSG00000261934	0.449007655567504
ENSG00000253305	0.123019165836405
ENSG00000254122	0.492404003763556
ENSG00000240184	-0.100723376140577
ENSG00000131504	0.0913130179058272
ENSG00000120318	-0.13400035161419
ENSG00000287527	0.00028058207294376
ENSG00000156453	0.239961792839172
ENSG00000226040	0.037104258279494
ENSG00000113555	0.0502811586049147
ENSG00000113552	-0.0603759744687646
ENSG00000280047	-0.404904777833621
ENSG00000187678	-0.171387005450894
ENSG00000145819	0.00235545560834678
ENSG00000113580	-0.0750537651904637
ENSG00000173261	-0.0752204215729243
ENSG00000113649	0.00799490081998581
ENSG00000156475	-0.0287423892149166
ENSG00000248568	-0.0507618378861525
ENSG00000113657	0.0941971087074511
ENSG00000145868	0.0492046484977585
ENSG00000169252	0.452443660633013
ENSG00000169247	0.0416127519798325
ENSG00000173210	-0.133777595118845
ENSG00000164284	-0.197924219947336
ENSG00000145882	-0.0311159025083305
ENSG00000183111	-0.00734642921123199
ENSG00000155850	0.0848714084568081
ENSG00000113716	0.0275390354879087
ENSG00000182578	0.284161388843069
ENSG00000183876	-0.0546697204799928
ENSG00000070814	-0.0836857495044969
ENSG00000070614	0.0895734699398512
ENSG00000171992	-0.0555377946144406
ENSG00000256235	0.188635925424924
ENSG00000145908	-0.204035549136439
ENSG00000198624	0.0223014819255001
ENSG00000196743	0.127522477834515
ENSG00000113140	0.054685091787056
ENSG00000213433	-0.373623474971181
ENSG00000145907	-0.0665451246002752
ENSG00000037749	-0.0199052975819676
ENSG00000164574	-0.0205032429077858
ENSG00000164576	-0.0926903102043245
ENSG00000155506	0.0679204118758013
ENSG00000170271	0.157073361320949
ENSG00000277039	0.48393439635752
ENSG00000082515	-0.172588351130518
ENSG00000135077	0.29278475459535
ENSG00000155868	-0.12093363231948
ENSG00000251405	-0.21182504288378
ENSG00000172548	0.0793446880245699
ENSG00000145860	-0.127814070917766
ENSG00000288764	-0.0387344686696847
ENSG00000170234	-0.160932112207457
ENSG00000221886	-0.107143685198623
ENSG00000118322	0.0551085187813777
ENSG00000229119	-0.072517476284109
ENSG00000233913	-0.496432891420991
ENSG00000043462	0.00742673667184123
ENSG00000145936	0.243601398152046
ENSG00000214357	0.232699652743551
ENSG00000204758	-0.0312684995626961
ENSG00000253955	-0.119877477002167
ENSG00000253686	-0.0540938316196015
ENSG00000213376	0.72205629189469
ENSG00000113749	0.102579741497096
ENSG00000251414	0.185688791060431
ENSG00000175414	-0.10122597131242
ENSG00000048162	-0.120440338147329
ENSG00000146066	-0.0312824787979934
ENSG00000175416	-0.0489817145195477
ENSG00000113194	-0.0178188091073619
ENSG00000146083	0.0358083667816729
ENSG00000048140	-0.0618774177668231
ENSG00000160883	0.0533257190150393
ENSG00000169228	-0.067730900459677
ENSG00000169230	0.0309933470531828
ENSG00000198055	0.05920595835112
ENSG00000246334	-0.0930211218918069
ENSG00000279821	0.208110832850009
ENSG00000196923	0.36100218455792
ENSG00000146094	2.10120849618734e-05
ENSG00000184840	0.159608761483136
ENSG00000247679	-0.140475853520048
ENSG00000145916	-0.00446736415631443
ENSG00000197451	0.0123237660742725
ENSG00000113240	-0.378128448923766
ENSG00000178338	-0.0523396488252158
ENSG00000234284	-0.134069262365375
ENSG00000176783	-0.0832619356972861
ENSG00000169045	0.080437369910445
ENSG00000225051	-0.332426369803337
ENSG00000161021	-0.0970672068300101
ENSG00000213316	0.163095725423852
ENSG00000161011	0.245471840063109
ENSG00000197226	0.0883805484851271
ENSG00000113269	-0.0655831138798083
ENSG00000146090	-0.0857115124812484
ENSG00000050748	-0.14072617519767
ENSG00000248367	-0.158085023622794
ENSG00000131446	0.0976859681598613
ENSG00000280161	-0.0419169514895335
ENSG00000245060	-0.10830784336656
ENSG00000196670	0.00972712231919261
ENSG00000204628	-0.00477888387285848
ENSG00000233937	0.106845923276608
ENSG00000248275	0.0548372681085221
ENSG00000287265	0.0795816463721698
ENSG00000164379	-0.48650336198144
ENSG00000054598	0.246767530525694
ENSG00000280423	0.012627582211512
ENSG00000021355	0.340687409079204
ENSG00000244041	-0.058225356725662
ENSG00000224846	-0.240000565704772
ENSG00000137275	0.150724636774366
ENSG00000137274	-0.0210434007331793
ENSG00000137267	0.224756427437653
ENSG00000230269	-0.0286533464850563
ENSG00000198721	0.112390040946623
ENSG00000124491	0.219788746063973
ENSG00000112799	0.0666015876911201
ENSG00000168566	-0.201091222270496
ENSG00000239264	0.260218991126532
ENSG00000188428	-0.0248649583137262
ENSG00000111843	0.0450182052619218
ENSG00000137210	-0.0346264874816651
ENSG00000197977	0.12275842892444
ENSG00000224531	-0.278900801947326
ENSG00000205269	-0.178793559600621
ENSG00000078401	0.384216378848406
ENSG00000145979	0.0128619608098986
ENSG00000145990	-0.0400152610359252
ENSG00000124523	-0.00524404537406325
ENSG00000235488	0.315134180451615
ENSG00000047579	-0.0538904653416295
ENSG00000007944	0.17444916010836
ENSG00000229931	0.22707390367615
ENSG00000112183	0.347947871132131
ENSG00000272269	0.330991800868894
ENSG00000137177	0.013795158233204
ENSG00000187566	0.150314991158873
ENSG00000137364	-0.0521963940518791
ENSG00000165097	-0.0648456974952933
ENSG00000124795	-0.0939120795397472
ENSG00000137393	0.109609808699043
ENSG00000172197	-0.0715507458274436
ENSG00000112242	0.0161401005221382
ENSG00000260455	-0.324438706825068
ENSG00000111802	-0.204149035086295
ENSG00000112304	-0.0869400616722211
ENSG00000272345	-0.217193503712458
ENSG00000112308	-0.0781122276776328
ENSG00000288851	0.12431824484966
ENSG00000112312	0.0221464415709538
ENSG00000112343	0.236817874542746
ENSG00000272810	0.0464636401799355
ENSG00000187837	0.548009300216057
ENSG00000010704	0.0470817679865845
ENSG00000187475	0.230074645804033
ENSG00000180596	0.139847492706014
ENSG00000180573	-0.141499195509156
ENSG00000158373	-0.212006975002984
ENSG00000274290	-0.232608407932196
ENSG00000216331	-0.431786893807225
ENSG00000197409	-0.16774015918129
ENSG00000217275	0.24886743586378
ENSG00000274750	0.694273298832234
ENSG00000278588	0.0665516837790257
ENSG00000158406	-0.338306000207013
ENSG00000124549	0.00514580670718334
ENSG00000111801	0.0110702225246628
ENSG00000112763	0.0780734663346259
ENSG00000146109	-0.0219003557350709
ENSG00000271755	-0.114207430041395
ENSG00000096654	-0.0554359071521917
ENSG00000185130	-0.355662167189987
ENSG00000278828	0.0699120840554686
ENSG00000273703	0.00233289539983084
ENSG00000273542	-0.622602708118254
ENSG00000219891	-0.0148100746626204
ENSG00000196812	-0.0524166488517176
ENSG00000198315	-0.00617744169840731
ENSG00000226314	0.127334813485348
ENSG00000216901	0.0485720247844441
ENSG00000176933	-0.0985341282546776
ENSG00000137185	-0.0731772361743387
ENSG00000189134	-0.479310615154807
ENSG00000197062	-0.11494044100068
ENSG00000137338	-0.084737670646194
ENSG00000270326	-0.219590781566052
ENSG00000235109	0.108555916086145
ENSG00000158691	0.0742419769352928
ENSG00000286819	0.00086385925851395
ENSG00000227214	0.0105624859006894
ENSG00000197935	-0.0950982721874177
ENSG00000204655	0.0753139007002513
ENSG00000233916	-0.34426679059271
ENSG00000235821	-0.495137485249897
ENSG00000204623	-0.0377364463301668
ENSG00000204622	0.165453948739465
ENSG00000237669	-0.410833440101613
ENSG00000066379	0.0661123566472753
ENSG00000280128	-0.304747790338269
ENSG00000241370	-0.189978475037919
ENSG00000204592	0.505840489402975
ENSG00000204576	-0.0451960554495613
ENSG00000204574	0.205669648327493
ENSG00000204568	0.0750721071598492
ENSG00000228415	-0.218628954959237
ENSG00000204564	-0.113304115228175
ENSG00000204560	0.0868857858356791
ENSG00000146112	0.193569005079403
ENSG00000137404	0.206947109377975
ENSG00000137337	0.215839356843575
ENSG00000196230	0.0837113103607291
ENSG00000137312	-0.128573318737352
ENSG00000137331	0.746598690513038
ENSG00000284370	0.84380697319379
ENSG00000213780	0.269038123818155
ENSG00000206344	-0.146176430059591
ENSG00000204525	0.654705628280979
ENSG00000234745	0.412115632386653
ENSG00000204520	0.258845402143096
ENSG00000206337	0.171228029265668
ENSG00000204516	-0.0191362721563237
ENSG00000232810	0.174257084760701
ENSG00000227507	0.182294773591441
ENSG00000204482	0.116239960655204
ENSG00000204472	0.238018225108219
ENSG00000204469	0.069551744926524
ENSG00000204463	0.0333333430522293
ENSG00000204444	-0.224875234070073
ENSG00000204435	0.0237902370278559
ENSG00000240053	-0.0800778955388917
ENSG00000213719	0.480638216096171
ENSG00000204394	0.144629357057325
ENSG00000204390	-0.0117760228458637
ENSG00000204389	-0.0875907322328577
ENSG00000204388	-0.150981552462634
ENSG00000204386	0.12828758986659
ENSG00000166278	0.238259085711595
ENSG00000204366	0.136088777962373
ENSG00000243649	0.422152407639136
ENSG00000204344	0.0490581590501722
ENSG00000168477	0.129944611688966
ENSG00000286974	0.127746382031926
ENSG00000213676	0.162261056129263
ENSG00000284954	0.0278370901065574
ENSG00000204310	0.0914954813999671
ENSG00000204308	-0.0976221090265705
ENSG00000213654	0.434938166348654
ENSG00000204301	0.131120102770671
ENSG00000241106	0.0875354739268141
ENSG00000204267	0.257084973110825
ENSG00000204264	0.170066405841821
ENSG00000204261	-0.0915434330206098
ENSG00000240065	0.170597485272743
ENSG00000168394	0.374812923069737
ENSG00000242574	0.243599313277614
ENSG00000204257	0.133675324098175
ENSG00000204248	-0.237300544764606
ENSG00000112473	0.0867814116168015
ENSG00000204228	0.25453682389735
ENSG00000232940	-0.142076064917677
ENSG00000223501	0.0549904975918371
ENSG00000227057	0.178484568060452
ENSG00000204220	-0.250426293473788
ENSG00000237441	0.0877898861766716
ENSG00000231925	0.204860262989132
ENSG00000236104	0.0262395912345519
ENSG00000204209	-0.20143309034384
ENSG00000112514	-0.0822524132941336
ENSG00000137288	-0.206030226953661
ENSG00000161896	0.0985575724019161
ENSG00000287089	-0.0928207435640458
ENSG00000137309	0.283735330463063
ENSG00000186577	-0.0543142609866072
ENSG00000124614	-0.124410088024433
ENSG00000272288	-0.264615622418918
ENSG00000124562	0.0135594551786606
ENSG00000064995	-0.0892897807957928
ENSG00000272374	-0.0206400970506888
ENSG00000065029	-0.0622202266798879
ENSG00000112033	-0.0291120759040787
ENSG00000198755	-0.0442347817390301
ENSG00000007866	0.254888786469809
ENSG00000096060	0.0912875929615887
ENSG00000287458	0.23024439913493
ENSG00000237719	0.0121403751788348
ENSG00000156711	0.17965946244183
ENSG00000246982	-0.112290543029248
ENSG00000112078	0.0508906645924939
ENSG00000112079	-0.0492828426937161
ENSG00000112081	0.0556130341071743
ENSG00000124762	0.864100282598139
ENSG00000285244	0.0271834266406269
ENSG00000137168	-0.0431656700105061
ENSG00000198663	0.143562008132378
ENSG00000137409	0.0775399529316251
ENSG00000146192	0.19660460497324
ENSG00000137193	0.468965452307888
ENSG00000198937	-0.094955741892391
ENSG00000112167	-0.18497355096433
ENSG00000217165	0.292436363220235
ENSG00000146122	0.0625220871559617
ENSG00000235033	0.496007815757205
ENSG00000124602	-0.0585128848140328
ENSG00000124596	-0.12196505690002
ENSG00000161912	-0.0429847771117537
ENSG00000095970	0.310404659372219
ENSG00000112559	-0.249848934672713
ENSG00000112561	0.0627381870467527
ENSG00000278224	0.0277635471697019
ENSG00000214736	-0.0218926258311052
ENSG00000112578	0.0129677669092252
ENSG00000112576	0.0257031739298097
ENSG00000137413	-0.0222565336916005
ENSG00000024048	-0.0600073556289993
ENSG00000124659	-0.0118319183690254
ENSG00000112624	-0.0131945186722869
ENSG00000221821	0.147598039750855
ENSG00000287825	-0.121953528093237
ENSG00000137161	0.089210576477217
ENSG00000124587	-0.0362558521155302
ENSG00000124541	0.0749619037032929
ENSG00000137171	-0.200686467628644
ENSG00000112658	0.212630632362056
ENSG00000112667	0.170362286279924
ENSG00000146215	0.00255923492729511
ENSG00000171467	-0.0194230852734358
ENSG00000137207	0.0106218406700469
ENSG00000271754	-0.187103120536427
ENSG00000124571	0.00771245143103525
ENSG00000219470	0.233218887698632
ENSG00000170734	-0.0526829153743345
ENSG00000172432	0.230005999447069
ENSG00000287562	-0.226645931447743
ENSG00000137216	0.005653147047893
ENSG00000112759	0.448915685974522
ENSG00000096384	-0.0294814656494939
ENSG00000157593	0.146810404435941
ENSG00000146232	0.284919419757237
ENSG00000124608	-0.0473582441376521
ENSG00000146070	8.67951075077698e-05
ENSG00000069122	0.128440733290929
ENSG00000146072	-0.0948063409207046
ENSG00000112118	0.08984387112906
ENSG00000170915	-0.169187092361016
ENSG00000065308	0.0288250294194356
ENSG00000096092	-0.188159893890162
ENSG00000170899	-0.127876380645247
ENSG00000112144	-0.00864011176119608
ENSG00000242865	0.417765341115535
ENSG00000271367	-0.381303405541545
ENSG00000001084	0.0739728412803877
ENSG00000249379	0.0938194375608792
ENSG00000137269	0.0378641436329286
ENSG00000151914	0.139848510921248
ENSG00000112200	-0.0998235185708532
ENSG00000112208	-0.0911855054077071
ENSG00000272316	0.0852377797185626
ENSG00000215190	-0.295298470833217
ENSG00000266680	-0.128795193190125
ENSG00000118482	-0.0511740712905394
ENSG00000230910	-0.17589192849135
ENSG00000219085	0.512651485964574
ENSG00000219881	0.387721460995822
ENSG00000112280	-0.356531363559897
ENSG00000154079	-0.249894277664726
ENSG00000256980	-0.335563885307444
ENSG00000135314	-0.0866078380466689
ENSG00000229852	-0.178470803661726
ENSG00000164430	-0.123256685160047
ENSG00000156508	-0.0298311298931536
ENSG00000112701	0.0243326666721795
ENSG00000196586	-0.0138012362226714
ENSG00000135312	0.182559393983561
ENSG00000118418	-0.105387251271892
ENSG00000220154	-0.116560756172452
ENSG00000231533	-0.158727233561919
ENSG00000272137	-0.374599649244599
ENSG00000218418	0.000907662465135517
ENSG00000083123	-0.00195001929259782
ENSG00000005700	-0.0541665069741605
ENSG00000146242	0.513405663582644
ENSG00000083097	0.045004954335757
ENSG00000112837	0.195755489924214
ENSG00000135318	-0.00751774619667038
ENSG00000272008	0.0240342340097739
ENSG00000135336	-0.0892984689342501
ENSG00000146278	-0.0775250627511213
ENSG00000154548	-0.0579979032774042
ENSG00000146281	0.0650412601814469
ENSG00000025039	-0.148555726923516
ENSG00000112159	0.10994116727148
ENSG00000123545	-0.409128661175954
ENSG00000283010	-0.0178258474275227
ENSG00000184486	-0.0265149040728228
ENSG00000232699	-0.0343522124809827
ENSG00000228506	0.149443576430233
ENSG00000203808	-0.0779712780768963
ENSG00000112320	-0.14101145641667
ENSG00000289433	-0.194812963257935
ENSG00000272476	0.0713549842529069
ENSG00000112335	-0.205773260667507
ENSG00000080546	-0.0985139211144261
ENSG00000183137	-0.027593745614908
ENSG00000112365	-0.0226614309805362
ENSG00000112367	-0.0898105520444831
ENSG00000112290	-0.165060354969249
ENSG00000155111	-0.100291462502514
ENSG00000271789	0.16278268007587
ENSG00000009413	-0.0528661274041773
ENSG00000056972	0.136399717370629
ENSG00000255389	-0.630260560305599
ENSG00000277443	-0.250547922868822
ENSG00000227502	-0.125440412189631
ENSG00000216471	0.0319447153183916
ENSG00000111816	-0.00623913119183951
ENSG00000178425	-0.0427322955687487
ENSG00000111817	0.0298149383400564
ENSG00000188820	0.359972482367085
ENSG00000183807	-0.15154062702558
ENSG00000230202	-0.00692461514141157
ENSG00000198523	0.476026993485925
ENSG00000111885	0.0768003014355288
ENSG00000279453	-0.190073544397063
ENSG00000164434	-0.653802120711117
ENSG00000188580	-0.0439206826582157
ENSG00000146373	0.00848128267119174
ENSG00000111906	-0.254991229936562
ENSG00000066651	-0.0671447555535721
ENSG00000289190	-0.323684380504554
ENSG00000146376	-0.0230852248078013
ENSG00000079950	-0.160858334156978
ENSG00000112303	0.190996989017789
ENSG00000146409	0.0976280685320026
ENSG00000286438	-0.316054385450527
ENSG00000028839	-0.188850043945526
ENSG00000216753	-0.0994229343149267
ENSG00000118515	0.262111982407186
ENSG00000135541	0.0130027886254548
ENSG00000029363	0.0335317135224771
ENSG00000260418	-0.641163065668585
ENSG00000272189	-0.207540090889736
ENSG00000197442	-0.0439229256729681
ENSG00000286646	0.170430465420902
ENSG00000112378	0.209621689715861
ENSG00000112379	-0.100445327348757
ENSG00000051620	-0.00814607571573409
ENSG00000225177	0.371230406457238
ENSG00000024862	-0.163540761645719
ENSG00000135597	0.00265533298750215
ENSG00000146386	-0.0295570855139021
ENSG00000112406	-0.0818875791003236
ENSG00000112414	0.141848312435398
ENSG00000010818	-0.0592895113399771
ENSG00000146416	-0.0301828278868114
ENSG00000217648	-0.307735722082305
ENSG00000034693	0.0800957825299622
ENSG00000001036	0.152924454057676
ENSG00000135521	-0.0309182456082172
ENSG00000135604	0.151306524334226
ENSG00000235652	0.00586368302527621
ENSG00000118508	0.192691802306252
ENSG00000111961	0.00405398493068023
ENSG00000111962	-0.141131070251728
ENSG00000055208	0.0603262918709407
ENSG00000177688	0.0663260820477466
ENSG00000216906	-0.073502145039237
ENSG00000231120	-0.229450925341999
ENSG00000120278	0.0165293338791865
ENSG00000213089	-0.223760305503113
ENSG00000131016	0.105720221168758
ENSG00000181472	0.0501727870355495
ENSG00000131018	-0.0163892280556762
ENSG00000120279	0.209373486655452
ENSG00000146469	-0.143267078920386
ENSG00000112029	-0.210068199982386
ENSG00000213079	0.0628082992935561
ENSG00000235381	-0.0362123185929063
ENSG00000271265	-0.0436941377045444
ENSG00000286482	0.169120412164526
ENSG00000175048	-0.0747293653667022
ENSG00000078269	-0.050133615987629
ENSG00000122335	-0.136038641246366
ENSG00000272047	-0.103693534257489
ENSG00000130338	-0.00850576445860023
ENSG00000092820	0.147796119142315
ENSG00000271913	-0.0417519251822501
ENSG00000237927	-0.481994534714019
ENSG00000112096	0.413684334892803
ENSG00000220305	0.115393606006424
ENSG00000146457	0.0982489634451962
ENSG00000285427	-0.114320450013255
ENSG00000120437	-0.223580104661112
ENSG00000112110	-0.213693802622819
ENSG00000197081	0.171946383419509
ENSG00000272841	-0.258423073227813
ENSG00000026652	-0.0285986319231533
ENSG00000286498	-0.108854973939953
ENSG00000225683	-0.473386648064019
ENSG00000285564	-0.191354282198962
ENSG00000112531	-0.0936590467132244
ENSG00000228692	-0.582726460564737
ENSG00000280850	0.430924238320183
ENSG00000176381	0.172087391950865
ENSG00000287189	0.298925840753647
ENSG00000198818	-0.15068555140514
ENSG00000286760	-0.0721023529242621
ENSG00000060762	-0.106592949394376
ENSG00000280057	0.096765397854774
ENSG00000198221	0.0451499270401608
ENSG00000130396	0.122694425263512
ENSG00000272848	0.0215114972792064
ENSG00000130023	-0.0866196133968203
ENSG00000266896	0.400134694188116
ENSG00000198719	0.111982918542284
ENSG00000112584	0.059402527787794
ENSG00000008018	-0.0887057316302177
ENSG00000112592	-0.149133506262533
ENSG00000240859	0.0542558778378948
ENSG00000261795	0.492680724226395
ENSG00000249852	-0.0308515165950976
ENSG00000287342	-0.301367862844574
ENSG00000197461	-0.0286480048959684
ENSG00000223855	-0.537456404020402
ENSG00000237181	0.209417639505628
ENSG00000164818	0.00501307098726045
ENSG00000273151	0.0343095895308034
ENSG00000105963	-0.0991885405400336
ENSG00000164849	0.0542303166447314
ENSG00000178381	0.107243530804054
ENSG00000164880	0.0298286732461776
ENSG00000198517	0.197235249090513
ENSG00000157778	-0.132585810902431
ENSG00000230487	-0.0121398525957325
ENSG00000225968	0.0740259652025172
ENSG00000106268	-0.153503502982765
ENSG00000136213	-0.0606433904185881
ENSG00000136295	-0.0620541031051749
ENSG00000242802	0.153934293830185
ENSG00000157927	0.0467193238805825
ENSG00000136297	0.0318219648748334
ENSG00000157954	-0.0459756242707038
ENSG00000241269	-0.110481125841209
ENSG00000272953	-0.27576066749801
ENSG00000075624	0.118176467250594
ENSG00000122512	0.118274189941781
ENSG00000106305	0.259652537624407
ENSG00000086232	-0.0213792248247185
ENSG00000106346	-0.0392658549497725
ENSG00000008256	-0.00289802769604211
ENSG00000164535	-0.0382257276827982
ENSG00000187953	0.000229266232426696
ENSG00000106392	-0.133166553022016
ENSG00000272732	-0.285927552795439
ENSG00000272894	-0.125051642374556
ENSG00000164654	-0.137109660949916
ENSG00000233264	0.252968295296882
ENSG00000197320	0.317313311614624
ENSG00000006747	0.205861178682999
ENSG00000272537	-0.180095129594468
ENSG00000272361	-0.364937398794515
ENSG00000279048	-0.0401565378987167
ENSG00000105849	-0.00202867478437206
ENSG00000271133	0.2296113012976
ENSG00000136237	-0.0733640104801567
ENSG00000233476	-0.153635299278632
ENSG00000179428	-0.0295188568292896
ENSG00000136244	0.314508468324855
ENSG00000122550	-0.0919775014640557
ENSG00000230042	0.258084114355208
ENSG00000226816	-0.162537248930564
ENSG00000156928	-0.0632653718192109
ENSG00000164548	-0.168263708859596
ENSG00000105928	-0.0998454515030758
ENSG00000050344	-0.104022725764041
ENSG00000086300	-0.168148326708148
ENSG00000225792	0.00837834004969718
ENSG00000214870	-0.129956365597625
ENSG00000122548	-0.109575871189728
ENSG00000105996	-0.336478901454645
ENSG00000106049	-0.10291777191718
ENSG00000146592	0.096608920995239
ENSG00000106066	-0.0529286651535276
ENSG00000176532	0.223741622441486
ENSG00000288973	-0.296631630433793
ENSG00000286847	-0.0286048512577588
ENSG00000230751	0.112962193302352
ENSG00000235859	0.33461659166137
ENSG00000106100	0.109065591399821
ENSG00000006625	-0.00793643800336094
ENSG00000106105	-0.100483747331729
ENSG00000226468	-0.477548804748398
ENSG00000106355	-0.0831227386533057
ENSG00000105778	0.0017320260677751
ENSG00000281332	-0.361617550079592
ENSG00000272905	-0.546635241587784
ENSG00000170852	-0.0615550509899351
ENSG00000122643	-0.0275445778090318
ENSG00000236494	-0.538659845105757
ENSG00000271122	-0.133808964099401
ENSG00000227544	-0.168515881422438
ENSG00000228878	-0.180306409873057
ENSG00000122545	-0.0932167347767805
ENSG00000273580	-0.274768517795299
ENSG00000164542	-0.0972569361261569
ENSG00000011426	-0.169710015150143
ENSG00000155849	-0.0546779376896064
ENSG00000106483	0.132185154686051
ENSG00000164556	-0.109437421965857
ENSG00000006715	-0.0328932123847719
ENSG00000241127	-0.0912710627944283
ENSG00000287584	-0.136501311142938
ENSG00000006451	-0.148769598775142
ENSG00000188185	0.083088494617572
ENSG00000233225	0.416419907066105
ENSG00000259826	-0.101753154192292
ENSG00000122641	-0.0785231291155741
ENSG00000136197	-0.0922012277984516
ENSG00000106591	-0.00193355753700323
ENSG00000164543	-0.110452238721655
ENSG00000062582	-0.110671343996202
ENSG00000078967	-0.0944319959201659
ENSG00000239556	0.164487510712473
ENSG00000272655	0.0992721574483031
ENSG00000228903	0.148091420732312
ENSG00000235314	0.0415912465858406
ENSG00000136279	0.169207900247949
ENSG00000106633	-0.00677417475413421
ENSG00000106636	0.035610107911943
ENSG00000015676	-0.00908761808414129
ENSG00000146677	-0.589698094907864
ENSG00000158604	0.0600780837079591
ENSG00000105953	0.0190218774514871
ENSG00000122515	0.107123208374803
ENSG00000146676	-0.170356547633444
ENSG00000260997	0.266712673139587
ENSG00000136286	0.567474580505292
ENSG00000232956	0.324068361158995
ENSG00000136280	-0.167673144401222
ENSG00000136274	0.0155014099803746
ENSG00000201772	0.81500427354324
ENSG00000122679	-0.115994686913664
ENSG00000272556	-0.0227938343661442
ENSG00000146674	0.566902678051141
ENSG00000136205	-0.172540558726252
ENSG00000136273	-0.095747529765111
ENSG00000183696	0.131413754473022
ENSG00000279578	-0.113236887508782
ENSG00000185811	-0.00860423921944133
ENSG00000286658	0.311105289234822
ENSG00000231427	-0.136926350992736
ENSG00000213673	-0.326463456658176
ENSG00000132432	0.028651445429087
ENSG00000146648	-0.0795021771716384
ENSG00000132434	-0.0854287644126175
ENSG00000233977	0.080953163685292
ENSG00000146729	-0.105660629339875
ENSG00000146733	-0.0867757819243014
ENSG00000146731	-0.189695018499277
ENSG00000129103	0.170592990558081
ENSG00000106153	0.0709969187928893
ENSG00000287580	-0.0136380790173437
ENSG00000270948	-0.0348356564691258
ENSG00000236529	0.174983053538155
ENSG00000126522	0.23730383633862
ENSG00000179406	0.0164625571198063
ENSG00000279785	0.0330187991109741
ENSG00000229180	0.00450553751495587
ENSG00000154710	-0.0219980440967914
ENSG00000273142	0.162038095403192
ENSG00000106609	0.065049466961106
ENSG00000234215	0.0372049035510334
ENSG00000183166	-0.124494019967985
ENSG00000225648	-0.0471582203597504
ENSG00000196313	0.108098968428489
ENSG00000289042	-0.270625830622931
ENSG00000285886	0.0928728923788472
ENSG00000182487	-0.0147786229827732
ENSG00000188763	0.0590997869894989
ENSG00000106638	0.127502742350368
ENSG00000009950	0.144613406256101
ENSG00000176410	0.234521192238874
ENSG00000106077	0.1599192071425
ENSG00000261467	0.0429809057234369
ENSG00000106682	0.0259739107885742
ENSG00000086730	-0.0185022750361994
ENSG00000106665	-0.097861308205886
ENSG00000158517	0.248765660519196
ENSG00000277072	0.111356513380674
ENSG00000165178	0.117463489015696
ENSG00000272391	0.117240849120205
ENSG00000127946	0.0149042359235411
ENSG00000127952	-0.104250645593905
ENSG00000280388	0.0181709782759408
ENSG00000106211	0.557316184879496
ENSG00000214243	0.272295330088585
ENSG00000127951	0.287084386131507
ENSG00000214293	-0.0927834572644509
ENSG00000006576	-0.0390032406682575
ENSG00000224046	0.188031407928752
ENSG00000135185	-0.172339109902521
ENSG00000182165	-0.249054244922228
ENSG00000127954	0.15728718369153
ENSG00000157214	-0.113789604400176
ENSG00000157224	-0.0922463810108295
ENSG00000127914	-0.0293515815497493
ENSG00000001630	-0.0917721630246217
ENSG00000243107	0.356731534891656
ENSG00000244055	-0.0894536483460066
ENSG00000127980	0.10243906077466
ENSG00000127993	-0.262415016216838
ENSG00000205413	0.00984096638759919
ENSG00000177409	-0.0444960713394107
ENSG00000004766	-0.061923587567135
ENSG00000105825	0.649110858034663
ENSG00000127920	0.0565920966669411
ENSG00000278959	-0.276618092133558
ENSG00000105829	-0.0650854499870166
ENSG00000158528	-0.0838026804262549
ENSG00000105854	-0.0240829729187188
ENSG00000004799	0.0730469660127309
ENSG00000158560	-0.16472897770562
ENSG00000004864	-0.0244556617983101
ENSG00000070669	-0.292549551246742
ENSG00000180535	0.183265973873762
ENSG00000164713	-0.010109662506243
ENSG00000214389	-0.22183368584351
ENSG00000288889	-0.145628266954469
ENSG00000106236	0.480153103636677
ENSG00000198742	0.0221760241940613
ENSG00000241685	-0.0205339041962317
ENSG00000130429	0.319929312770458
ENSG00000160917	0.00535948315225586
ENSG00000198556	-0.0830067152303361
ENSG00000160908	0.10598931720871
ENSG00000197343	-0.0241577633237143
ENSG00000244219	-0.0569532753317874
ENSG00000197037	0.0388700752540416
ENSG00000273407	-0.143394354459867
ENSG00000146833	-0.0219540937035527
ENSG00000176402	0.0769115514250315
ENSG00000160862	0.127879782544493
ENSG00000106261	0.152268202927469
ENSG00000166529	-0.0120525310376814
ENSG00000166526	0.0420958835287674
ENSG00000168090	-0.0864284572834635
ENSG00000166997	0.0416002860374171
ENSG00000188186	-0.0906309883912468
ENSG00000197093	0.0280069514602153
ENSG00000078319	0.120269710382268
ENSG00000078487	-0.136278509337142
ENSG00000160813	0.0805401179578114
ENSG00000185955	-0.334671328927927
ENSG00000166925	0.0978390236429632
ENSG00000205307	-0.0738989218841816
ENSG00000077454	0.16834234497673
ENSG00000106327	-0.0673472534193903
ENSG00000172354	0.226638319909676
ENSG00000146830	0.0398013177869986
ENSG00000196411	0.210803021924254
ENSG00000087085	0.0649436429508408
ENSG00000169871	0.226811818418051
ENSG00000106366	-0.279312923093063
ENSG00000106367	-0.0442964545809894
ENSG00000106397	-0.115793518338552
ENSG00000106400	-0.170760864339264
ENSG00000106404	-0.26914133817004
ENSG00000214253	-0.17764059012884
ENSG00000160999	-0.0714315618374625
ENSG00000128563	-0.106181945415488
ENSG00000160993	-0.20406044904729
ENSG00000005075	-0.0621994035616918
ENSG00000170667	-0.0350618413493231
ENSG00000128606	0.0715041376199953
ENSG00000233025	-0.305035880516498
ENSG00000105821	-0.103956849188239
ENSG00000289613	-0.00425085453886203
ENSG00000161057	-0.066790652475803
ENSG00000135249	-0.0455401329472278
ENSG00000105835	0.332646998028596
ENSG00000253276	0.24999290977761
ENSG00000105851	0.072786648441848
ENSG00000105856	0.078654313730516
ENSG00000105865	-0.14213981454092
ENSG00000288558	-0.0398622974153919
ENSG00000250474	-0.425856823681417
ENSG00000241764	-0.240497595091813
ENSG00000105879	0.0172981507984088
ENSG00000273055	-0.713859419487503
ENSG00000091129	-0.299082592863149
ENSG00000177683	-0.225858441525904
ENSG00000128590	0.023461874739797
ENSG00000173114	-0.148165995010895
ENSG00000128512	0.0427391812775611
ENSG00000234358	0.114269710371381
ENSG00000181016	-0.189996246868814
ENSG00000146802	-0.037616994811805
ENSG00000279288	-0.15937994663515
ENSG00000164604	-0.0667266404360293
ENSG00000135269	0.0783100446877086
ENSG00000198898	-0.0964891416102603
ENSG00000227199	0.0115734185106013
ENSG00000077063	-0.0173827758780357
ENSG00000071243	-0.0603520882073618
ENSG00000196937	-0.0920199186144431
ENSG00000106278	-0.5543452814516
ENSG00000008311	0.0812482013611973
ENSG00000234224	-0.345739565293469
ENSG00000279419	-0.160981671622759
ENSG00000170775	0.188840384463842
ENSG00000128513	0.00596078258474968
ENSG00000048405	-0.029284930718634
ENSG00000280347	0.0197964016949961
ENSG00000179562	0.0239158199791439
ENSG00000004059	0.000136542656154314
ENSG00000106344	0.00656830306425243
ENSG00000106348	0.0501223090659303
ENSG00000135245	0.588911404066991
ENSG00000272601	0.118362126720078
ENSG00000273270	0.0101723957317601
ENSG00000243302	0.498175051250646
ENSG00000288884	-0.1450031665076
ENSG00000271553	-0.52322613731355
ENSG00000205085	-0.20064279097733
ENSG00000271344	-0.403841963345714
ENSG00000128604	0.32335840578611
ENSG00000244556	0.267990497759708
ENSG00000128607	-0.0812248040959768
ENSG00000146842	0.0802522125211734
ENSG00000231721	0.032465236230227
ENSG00000236753	-0.232789613512187
ENSG00000128567	0.322728953101608
ENSG00000122786	0.151445475774867
ENSG00000146859	0.0294782015717704
ENSG00000105875	0.233309820397568
ENSG00000155561	0.0422795088425204
ENSG00000105894	0.00641839601585378
ENSG00000182158	0.201587601119957
ENSG00000105939	0.220109571911559
ENSG00000157741	-0.0949779206031945
ENSG00000164898	-0.0984158315680824
ENSG00000146963	0.014741667743376
ENSG00000260231	0.0155878313323418
ENSG00000157800	0.0029343897775486
ENSG00000146966	-0.0849490941115898
ENSG00000133597	0.0230683647011747
ENSG00000240889	0.00419832188277081
ENSG00000157764	-0.0529972640094701
ENSG00000090263	-0.176666563678056
ENSG00000006530	-0.101349995677195
ENSG00000257093	-0.0216984423157421
ENSG00000211710	-0.146159947156866
ENSG00000211714	0.0892062424274704
ENSG00000211721	0.203090135894506
ENSG00000275791	-0.0866780630970399
ENSG00000276557	0.0525369078832879
ENSG00000211747	0.0479566984331161
ENSG00000270672	-0.314872517117437
ENSG00000211753	-0.550623835122482
ENSG00000211751	0.399731562070497
ENSG00000211772	0.422818885495673
ENSG00000165125	-0.106670047518778
ENSG00000179468	-0.10467489356438
ENSG00000178826	0.106563650850916
ENSG00000159784	-0.123819672551591
ENSG00000232533	0.109274460950436
ENSG00000159840	0.273031015471345
ENSG00000170379	0.0555922882379322
ENSG00000174469	-0.0766223433700269
ENSG00000230190	-0.336850389899478
ENSG00000055130	-0.094387258179152
ENSG00000155660	0.0161258138252299
ENSG00000197362	-0.0233155254854661
ENSG00000204947	0.0133913048233883
ENSG00000240877	-0.161611893044469
ENSG00000197024	0.0510804678240286
ENSG00000170260	-0.0441715664806384
ENSG00000204946	0.090274683335358
ENSG00000244560	0.273185851352362
ENSG00000181220	0.144217559768296
ENSG00000133624	0.0768937687581472
ENSG00000133619	0.176786424726714
ENSG00000197558	0.19105727472834
ENSG00000204934	0.0804797555798443
ENSG00000171130	-0.00532977460844856
ENSG00000171115	0.288099288873459
ENSG00000179144	0.285394747090272
ENSG00000133574	0.285000788920393
ENSG00000133561	0.318484190319986
ENSG00000106560	0.107736052690911
ENSG00000213203	0.156510265998045
ENSG00000196329	0.320150087519625
ENSG00000106565	0.245157241255135
ENSG00000002933	0.275667048865086
ENSG00000164867	0.412050413995576
ENSG00000181652	0.161091138398014
ENSG00000197150	0.133726710387753
ENSG00000133612	-0.14764416581131
ENSG00000033100	0.158753493109235
ENSG00000106615	-0.0937723261256143
ENSG00000055609	0.0242499613771511
ENSG00000261455	-0.0970906273264044
ENSG00000133627	-0.101638198017523
ENSG00000278998	0.526658825419402
ENSG00000273117	-0.124343629925929
ENSG00000186480	0.170684174671631
ENSG00000184863	0.0618915911933615
ENSG00000146909	0.0224886755813523
ENSG00000009335	-0.0308760816220116
ENSG00000105993	-0.22742761185263
ENSG00000146918	-0.0791348342630415
ENSG00000117868	0.259780452159625
ENSG00000126870	0.0307758797182593
ENSG00000172748	-0.0290196438427421
ENSG00000272240	0.103458417444467
ENSG00000147364	-0.0385379802273064
ENSG00000182372	0.114541547030134
ENSG00000253696	-0.039065277826014
ENSG00000176595	0.0447788978915881
ENSG00000270988	0.425154246460478
ENSG00000289473	-0.110127192345473
ENSG00000246089	-0.0226552965313318
ENSG00000091879	-0.133417658525192
ENSG00000239839	-0.362836895763968
ENSG00000233295	0.442055219819449
ENSG00000215374	0.0445732100914189
ENSG00000253958	0.615203596331099
ENSG00000147324	-0.0431489980683434
ENSG00000173281	0.292046651347499
ENSG00000279949	-0.200886183598605
ENSG00000272267	0.0479281314244317
ENSG00000173273	-0.0402576617387238
ENSG00000272505	-0.508374642612016
ENSG00000171056	0.368892107302161
ENSG00000269918	-0.130521178782111
ENSG00000255020	0.00309370410336743
ENSG00000154328	-0.0114747024138355
ENSG00000079459	-0.0352791551038885
ENSG00000164733	0.338382960970497
ENSG00000254866	0.882883198913341
ENSG00000284663	0.260394482417004
ENSG00000164741	-0.0564510801184879
ENSG00000078579	0.0573434173252503
ENSG00000003987	0.013844481541419
ENSG00000253671	0.163862090116724
ENSG00000078674	-0.0824585902574495
ENSG00000245281	-0.0720120017895317
ENSG00000156011	-0.0738310526157163
ENSG00000244018	0.766388353777358
ENSG00000104613	-0.137332712635451
ENSG00000061337	-0.0143973665271394
ENSG00000254040	-0.0204858913835646
ENSG00000147443	0.445488676899326
ENSG00000130227	-0.0705420832050855
ENSG00000275074	0.232163427807162
ENSG00000168453	0.18165460758115
ENSG00000168481	0.0735252859417018
ENSG00000168495	0.0583926846502211
ENSG00000104635	0.19249977706267
ENSG00000241852	0.165752394503146
ENSG00000158941	0.0802474719165109
ENSG00000253200	-0.130868206131854
ENSG00000179388	0.0574932002739727
ENSG00000120889	0.444952887195955
ENSG00000173535	0.0251507158052885
ENSG00000173530	-0.0862579706563505
ENSG00000253930	0.087654049993516
ENSG00000104689	-0.00438120711423697
ENSG00000289584	-0.380655800725666
ENSG00000104679	0.0265212995783803
ENSG00000197217	-0.0788340889836239
ENSG00000147454	-0.0194739972323456
ENSG00000167034	0.0399860271683133
ENSG00000159167	0.267949496226088
ENSG00000042980	0.118656699588134
ENSG00000272163	-0.135213094435613
ENSG00000277586	-1.16026099586144
ENSG00000287185	0.246732813147089
ENSG00000228451	-0.0411463239939317
ENSG00000092964	0.00532983973616919
ENSG00000246339	0.127606542320868
ENSG00000147421	-0.110661221793978
ENSG00000197892	0.223346377147005
ENSG00000272256	-0.0220053010742461
ENSG00000104671	-0.145980481437187
ENSG00000157110	0.0598011226804339
ENSG00000279041	0.107250952083387
ENSG00000197265	-0.0898451380774295
ENSG00000253457	-0.292451517670238
ENSG00000172733	-0.182467474101812
ENSG00000165392	0.012039065491561
ENSG00000272338	-0.354904654571904
ENSG00000133878	-0.129460387732396
ENSG00000183154	-0.0844693130896192
ENSG00000147471	-0.199385832234803
ENSG00000104221	0.191543452722719
ENSG00000187840	-0.011417226481182
ENSG00000147465	0.0163829563649613
ENSG00000085788	-0.0562127468970211
ENSG00000147535	0.141680749336717
ENSG00000077782	0.0679688593752514
ENSG00000147526	0.245385330705833
ENSG00000207258	0.468108621341901
ENSG00000253829	0.289396214891807
ENSG00000169499	-0.00482906874228685
ENSG00000169490	0.0616337610159896
ENSG00000168615	0.094851252118379
ENSG00000176907	0.163924700128203
ENSG00000147536	0.0821156490013927
ENSG00000158669	-0.0380351058905743
ENSG00000083168	-0.0392939543293886
ENSG00000104365	0.0422965935558594
ENSG00000240395	0.135234726203106
ENSG00000168575	0.111284250088008
ENSG00000131931	-0.15549399176299
ENSG00000120925	0.0153999688693861
ENSG00000168172	-0.0725102422705532
ENSG00000168522	-0.21110214541901
ENSG00000185900	-0.100414700460886
ENSG00000165102	0.145280622321723
ENSG00000188873	-0.332653505522532
ENSG00000254348	-0.0121349045991242
ENSG00000255366	-0.157646673017248
ENSG00000221869	0.300787543888287
ENSG00000104738	0.038655684295817
ENSG00000168300	-0.119162307500915
ENSG00000228801	0.0370111939268418
ENSG00000272024	-0.0645897677639841
ENSG00000147488	-0.28078848356311
ENSG00000047249	-0.0559137706902083
ENSG00000253667	0.269791168299099
ENSG00000254087	0.0654086015590696
ENSG00000272343	-0.676971870588999
ENSG00000253541	-0.111077000765243
ENSG00000104331	0.0714881766426734
ENSG00000215114	-0.119802168766467
ENSG00000137575	-0.0760948835182347
ENSG00000035681	-0.0408145073515693
ENSG00000167912	-0.289532948892399
ENSG00000104388	-0.114089857939278
ENSG00000171316	-0.0645863533508576
ENSG00000198363	-0.042904504610969
ENSG00000137563	-0.318852172963793
ENSG00000172817	0.0531653547945111
ENSG00000179041	-0.0599387177704459
ENSG00000147576	0.274541771765778
ENSG00000169085	-0.0845406160538301
ENSG00000288596	-0.0907335967843976
ENSG00000104205	-0.163126598715208
ENSG00000121022	-0.09166140899
ENSG00000287214	0.198652665193784
ENSG00000046889	-0.00681533558376646
ENSG00000178860	0.174003469296803
ENSG00000121039	-0.0102078746144331
ENSG00000104343	-0.099182889911236
ENSG00000154582	-0.176179544731503
ENSG00000175606	-0.255207856120831
ENSG00000154589	0.0483185120367147
ENSG00000104381	-0.0800329941923132
ENSG00000137558	-0.0708559173738144
ENSG00000270866	-0.870537959699182
ENSG00000288756	-0.187664150001645
ENSG00000104427	-0.018716518016076
ENSG00000254352	-0.659586665083514
ENSG00000260317	-0.307578480826493
ENSG00000076641	-0.0433803792362674
ENSG00000272425	-0.189952524767331
ENSG00000164687	-0.0201120897467815
ENSG00000147588	-0.361663807366258
ENSG00000104497	-0.179424114230319
ENSG00000206228	-0.086921549956844
ENSG00000176731	-0.0865419186599804
ENSG00000180694	-0.0051569353450885
ENSG00000123119	-0.0307185934840788
ENSG00000205133	-0.181127073024607
ENSG00000268080	-0.0480498840065927
ENSG00000183808	0.102689586375422
ENSG00000164949	0.232667029079857
ENSG00000265817	-0.114155596347345
ENSG00000164941	-0.0743929090415993
ENSG00000175305	0.08713418641995
ENSG00000175895	0.0403601820279846
ENSG00000254224	-0.0888869455076979
ENSG00000180543	0.16064685538025
ENSG00000132561	-0.0704911501806071
ENSG00000288752	-0.390760895065843
ENSG00000104356	0.000151751106859524
ENSG00000164919	-0.26268815639489
ENSG00000070756	0.0578420985003912
ENSG00000260368	-0.15966529919166
ENSG00000164924	0.0416370997091393
ENSG00000261087	-0.599981239740416
ENSG00000120963	-0.0382191051403821
ENSG00000253942	-0.337175458258805
ENSG00000246263	0.0387970980606689
ENSG00000104517	0.0931445178055904
ENSG00000155090	0.647793111509052
ENSG00000247081	-0.141002046313145
ENSG00000164930	0.205379290340947
ENSG00000164932	0.0363846156001463
ENSG00000164933	-0.0145474535518935
ENSG00000120526	-0.0599965931801219
ENSG00000120533	-0.0722548073317745
ENSG00000253327	0.0466093096894743
ENSG00000177570	-0.0657196185088214
ENSG00000164761	-0.0221048572640086
ENSG00000136960	0.106612064431139
ENSG00000189376	-0.11175825863957
ENSG00000165156	-0.300456685679468
ENSG00000156804	-0.213218411857051
ENSG00000104537	-0.422865936661182
ENSG00000164983	-0.0297497690574774
ENSG00000170881	-0.00791747349063586
ENSG00000170873	-0.172853178717191
ENSG00000104549	-0.230270617326828
ENSG00000164961	0.0260554198594194
ENSG00000173334	0.425419449230618
ENSG00000136997	0.425358637053751
ENSG00000153310	-0.0678684344641394
ENSG00000253720	-0.149787021937611
ENSG00000280543	-0.124580404378774
ENSG00000286535	0.300938973309396
ENSG00000155897	-0.0610850602538412
ENSG00000129292	-0.0416541328520841
ENSG00000287736	0.157486532755817
ENSG00000008513	-0.0430197620367303
ENSG00000104472	-0.099662775579289
ENSG00000123908	0.0518917918131932
ENSG00000105339	0.368657361267184
ENSG00000261655	0.413368520528417
ENSG00000184489	0.340092984812139
ENSG00000271959	0.394365690276438
ENSG00000171045	0.0190894137150124
ENSG00000261693	0.315635599259425
ENSG00000234616	0.0783306942428344
ENSG00000130193	0.146254782222755
ENSG00000177335	-0.0761063537684893
ENSG00000277494	-0.130554845677503
ENSG00000253716	-0.0173391455426769
ENSG00000185730	-0.0566612831554
ENSG00000104518	0.0667368200052278
ENSG00000204839	-0.184403111204576
ENSG00000104529	-0.0969922550651784
ENSG00000104524	0.160142672539401
ENSG00000104522	0.059767206073026
ENSG00000183309	-0.16919264360206
ENSG00000181135	0.0217561145831322
ENSG00000181097	0.136263262608506
ENSG00000180921	0.220618847079783
ENSG00000180900	0.13854097528398
ENSG00000179950	0.0716134410249934
ENSG00000185189	-0.0522480287134727
ENSG00000178685	0.248014698443402
ENSG00000178814	0.39008668000051
ENSG00000197858	0.0309263002450673
ENSG00000179526	0.0135905262154057
ENSG00000179632	-0.128936826009584
ENSG00000235173	0.232473021450272
ENSG00000185803	-0.015833140267534
ENSG00000187954	-0.0528416019279485
ENSG00000160959	-0.0163142233015893
ENSG00000255085	-0.121326231950795
ENSG00000198169	-0.0792373828798459
ENSG00000196378	0.0317038992604717
ENSG00000161016	-0.00703976073040699
ENSG00000147789	-0.0589533147813919
ENSG00000170619	-0.150278627944349
ENSG00000286681	-0.0216897463001086
ENSG00000196150	-0.124343350895278
ENSG00000196922	-0.183202372581919
ENSG00000255559	-0.0361747328879159
ENSG00000172785	-0.025243793840841
ENSG00000107099	0.0349833204895832
ENSG00000286684	0.110283851201923
ENSG00000173253	0.129198362347062
ENSG00000147852	-0.00583789779718011
ENSG00000205808	-0.141741068924642
ENSG00000147853	-0.078434718965715
ENSG00000096968	0.0258120760046723
ENSG00000120217	0.0611476942456774
ENSG00000225408	-0.304084428606761
ENSG00000183354	-0.101365963175111
ENSG00000137038	-0.0126327403796534
ENSG00000153707	-0.0447176614872477
ENSG00000225706	-0.245400163819171
ENSG00000147862	-0.13500197079313
ENSG00000229029	-0.15674970731812
ENSG00000175893	-0.086002428689758
ENSG00000147872	0.54224276912583
ENSG00000272842	-0.367934468022181
ENSG00000260912	-0.0851519265453446
ENSG00000155886	-0.0760477301561122
ENSG00000188921	0.0109595201470893
ENSG00000188379	-0.138757311110878
ENSG00000198680	0.0722440549614117
ENSG00000137055	-0.00134389383532699
ENSG00000120156	0.140360061671772
ENSG00000232867	0.110308103691038
ENSG00000120162	-0.092704071869858
ENSG00000147894	-0.0221502429565412
ENSG00000107201	-0.0886189430334936
ENSG00000232303	0.0473873934216464
ENSG00000231193	-0.207799776301785
ENSG00000225693	-0.290393882018519
ENSG00000086061	-0.0974328043337016
ENSG00000086062	0.203837295389247
ENSG00000165271	0.236703410843842
ENSG00000231991	0.0945146783903076
ENSG00000281128	-0.12100036069383
ENSG00000287063	-0.383116924298946
ENSG00000107341	-0.0397299855181253
ENSG00000164978	-0.175851339611426
ENSG00000164976	0.272238681385049
ENSG00000164967	0.163828406309482
ENSG00000137070	0.174025609405427
ENSG00000213927	-0.0272852468572585
ENSG00000273597	0.196992842421437
ENSG00000279489	0.110499827194793
ENSG00000165280	0.0894031271749551
ENSG00000005238	0.149802969402521
ENSG00000198722	-0.0158695512326039
ENSG00000198853	-0.0062351994234537
ENSG00000137076	0.196243236195846
ENSG00000107185	0.110547927073827
ENSG00000137133	0.0655392846972535
ENSG00000235387	-0.0904471603626259
ENSG00000122707	0.00859796396898528
ENSG00000122694	0.138480644213284
ENSG00000185972	0.135136164838903
ENSG00000122705	-0.0669763536128287
ENSG00000159921	0.0438903452891282
ENSG00000281649	0.00584604789690703
ENSG00000137106	0.135476855378831
ENSG00000147912	0.0939782872937928
ENSG00000175768	-0.133296036116562
ENSG00000204860	0.137213820566942
ENSG00000279456	-0.0170054663910942
ENSG00000235659	0.152939357677815
ENSG00000238113	0.0134171235375862
ENSG00000287168	0.556051605929309
ENSG00000229422	0.064723808836286
ENSG00000237451	-0.123182927940388
ENSG00000238245	0.103383964959151
ENSG00000227582	0.193149475283686
ENSG00000170161	-0.202842388811639
ENSG00000187866	0.0561643270230992
ENSG00000119139	-0.0142330366957069
ENSG00000107282	-0.0228565348987311
ENSG00000119138	0.233688803411657
ENSG00000135048	0.00543236036152195
ENSG00000107362	0.0019542067084033
ENSG00000236060	-0.450702187742085
ENSG00000225434	0.0615233284269205
ENSG00000165092	-0.197579149755116
ENSG00000135046	0.469449235950234
ENSG00000135045	-0.161862945386976
ENSG00000156017	-0.198386523266853
ENSG00000106733	-0.0517930708277028
ENSG00000156049	-0.0970413415024009
ENSG00000156052	-0.11692562527938
ENSG00000135069	-0.173699808373331
ENSG00000106829	-0.155696348500309
ENSG00000196781	0.15121884127145
ENSG00000148057	-0.0486953746996718
ENSG00000254473	-0.253773833540936
ENSG00000165113	-0.188358424667571
ENSG00000148053	0.0590450407584073
ENSG00000135049	0.0330419537320922
ENSG00000165121	-0.117634089690371
ENSG00000135040	0.0588651166654421
ENSG00000135070	-0.14175473826676
ENSG00000204446	0.0291311386488977
ENSG00000135047	0.379530320188224
ENSG00000287769	-0.0174910131059172
ENSG00000106723	-0.0348827119841526
ENSG00000148082	-0.209999548117115
ENSG00000123975	-0.0639138248424999
ENSG00000187764	-0.187998421732619
ENSG00000130222	0.54312080693114
ENSG00000165023	-0.667145670361474
ENSG00000165025	0.125633793725715
ENSG00000273381	-0.153862642144534
ENSG00000148090	-0.0763700032950681
ENSG00000196305	0.0646946744963932
ENSG00000198000	-0.13893564338307
ENSG00000106823	0.227457286701984
ENSG00000127080	-0.00863087471631367
ENSG00000127084	-0.0021777999182529
ENSG00000165233	0.161014511364212
ENSG00000131669	0.451428385669006
ENSG00000188938	0.0248510566715044
ENSG00000289031	-0.476304967775393
ENSG00000158079	0.0675441397649088
ENSG00000148110	-0.0852739043619341
ENSG00000271384	0.106709572000834
ENSG00000271314	0.0875137305925094
ENSG00000271155	0.120141535404605
ENSG00000271659	-0.196905825618811
ENSG00000182150	-0.0356470667613725
ENSG00000225194	0.0693292692976719
ENSG00000275465	-0.00443621058113182
ENSG00000165244	0.111803081990707
ENSG00000196312	0.0553277620725254
ENSG00000269907	-0.462693572268432
ENSG00000136943	0.206526426206185
ENSG00000228376	0.394192373733808
ENSG00000254633	-0.0414585343964153
ENSG00000196116	-0.0475731543857812
ENSG00000136842	0.0575580489719176
ENSG00000136937	-0.00436953675549448
ENSG00000136932	-0.0211069338025949
ENSG00000095380	0.0842965121808874
ENSG00000106785	0.325789587839467
ENSG00000106799	-0.0275701437952979
ENSG00000119509	0.00655731814375884
ENSG00000136891	-0.0666208032963635
ENSG00000241697	-0.142253479712019
ENSG00000170681	-0.121123547794753
ENSG00000136870	-0.0906669140000162
ENSG00000155827	-0.0656467590582192
ENSG00000276119	-0.175701168854351
ENSG00000136783	-0.129342791223074
ENSG00000106692	0.102153033024962
ENSG00000157654	0.062673552197535
ENSG00000171133	-0.250162231741154
ENSG00000106853	-0.0513223672145045
ENSG00000224067	-0.0785934396108545
ENSG00000148154	0.202105292766941
ENSG00000226609	0.10193097502745
ENSG00000148158	0.0447515165181033
ENSG00000228623	-0.112516666980615
ENSG00000136867	0.113172551307422
ENSG00000136868	0.147504005321354
ENSG00000176386	-0.065734888876935
ENSG00000136875	0.102970220863256
ENSG00000119431	0.180598474542187
ENSG00000148229	-0.168499567224681
ENSG00000138835	-0.0167241789817011
ENSG00000106948	0.22657540835935
ENSG00000136888	-0.0313260069209713
ENSG00000106952	0.0300216011003381
ENSG00000136869	0.00485053998137224
ENSG00000078725	-0.0848842424901841
ENSG00000136861	0.0264752234731164
ENSG00000119402	-0.00204242366799176
ENSG00000056558	0.293062993018593
ENSG00000106804	-0.0737816586323214
ENSG00000148180	0.186031229177618
ENSG00000148175	0.433202567689123
ENSG00000204136	0.260641990463741
ENSG00000175764	-0.159843399966145
ENSG00000106852	0.0801600309082174
ENSG00000095303	0.461703492568464
ENSG00000011454	-0.0613305902804947
ENSG00000188394	0.242940987374755
ENSG00000119408	0.174711086341707
ENSG00000136930	-0.166958199363252
ENSG00000136950	-0.0849708090152677
ENSG00000136933	-0.0256072358747244
ENSG00000044574	0.252626074960256
ENSG00000165219	-0.00888761250688547
ENSG00000288537	-0.133659417630596
ENSG00000228392	-0.0919195821791352
ENSG00000196814	-0.0791771418282346
ENSG00000279137	-0.00359841178399698
ENSG00000169155	0.0713567078515528
ENSG00000177125	-0.049206690587535
ENSG00000136828	-0.0352776722104093
ENSG00000136859	-0.040312997052548
ENSG00000136895	-0.0687326455652862
ENSG00000271833	0.09326789618916
ENSG00000136830	0.0524952120291014
ENSG00000095370	0.048870076821696
ENSG00000136877	0.205146476046838
ENSG00000106991	0.238460901662645
ENSG00000225032	0.0431230998379062
ENSG00000136840	0.117934510197738
ENSG00000227218	0.344369496123279
ENSG00000148339	0.058453891788885
ENSG00000148334	0.115044556748847
ENSG00000148346	-0.172247018838809
ENSG00000175854	-0.0346382599215997
ENSG00000167112	-0.281400564607822
ENSG00000272696	-0.172686972043482
ENSG00000167113	-0.0188960222630252
ENSG00000167114	0.035795431032833
ENSG00000167118	0.0656760717829001
ENSG00000207955	-0.193608944854245
ENSG00000167123	-0.0275027911764914
ENSG00000228510	-0.16600310277554
ENSG00000160447	-0.117601386175365
ENSG00000223478	-0.0424618885259526
ENSG00000203286	-0.177446355186643
ENSG00000171097	0.00756294567328917
ENSG00000175283	0.234949838942874
ENSG00000095319	0.0830966971592683
ENSG00000267834	0.0603605010851738
ENSG00000148341	-0.0460140947561454
ENSG00000167130	-0.0436436064614548
ENSG00000119383	-0.0150910747839347
ENSG00000188483	0.46261206417967
ENSG00000224307	0.00614904674639712
ENSG00000179082	-0.0141858110494704
ENSG00000233901	0.0831429607844443
ENSG00000204054	0.226522150989051
ENSG00000227619	0.0167787260442425
ENSG00000148335	0.0322777297932507
ENSG00000136816	-0.0568959398715867
ENSG00000136827	0.0498170633844649
ENSG00000136819	-0.111170431290809
ENSG00000187239	-0.0335230088669297
ENSG00000288924	-0.081241831286404
ENSG00000148358	0.157649809564518
ENSG00000130707	0.341494089569033
ENSG00000107164	-0.0348956752577357
ENSG00000097007	-0.0185525225635619
ENSG00000050555	0.134981128939702
ENSG00000126883	0.0805516203956209
ENSG00000126882	0.136646077953812
ENSG00000160539	-0.074501949731798
ENSG00000288701	0.196399716459829
ENSG00000107263	0.0517744832781401
ENSG00000196358	-0.0628984560518906
ENSG00000165698	0.102406365054865
ENSG00000165699	-0.0402533450600894
ENSG00000196205	0.248194019158448
ENSG00000160271	-0.109216224855271
ENSG00000148288	0.185878770432312
ENSG00000175164	0.204020667237395
ENSG00000148297	0.237582342989031
ENSG00000148291	-0.236233651985443
ENSG00000148300	-0.0186011310488165
ENSG00000160323	0.0725275303564015
ENSG00000160325	-0.10598503758456
ENSG00000160326	0.198236901842941
ENSG00000197859	0.138531033916514
ENSG00000169925	0.00670551589293323
ENSG00000196363	-0.0678422559786407
ENSG00000160345	0.117880061995501
ENSG00000130559	-0.0224447293564354
ENSG00000130560	-0.159449719291611
ENSG00000260193	0.0815550490512693
ENSG00000262075	-0.0432599000444917
ENSG00000160360	-0.0346010659709397
ENSG00000187796	-0.0300037524147531
ENSG00000165689	-0.0381912344990629
ENSG00000165688	0.00197475412566271
ENSG00000148396	0.0630998462940241
ENSG00000196366	-0.111249605663389
ENSG00000148400	0.187300239432602
ENSG00000227512	0.0025422000673079
ENSG00000237886	0.123733959499248
ENSG00000172889	0.0778389274088226
ENSG00000169692	0.31206753270544
ENSG00000165716	0.0615938549624753
ENSG00000187922	0.0133837495025264
ENSG00000267206	0.222771769116109
ENSG00000244187	0.0779410702926498
ENSG00000213213	-0.146535940758931
ENSG00000228544	0.0582293149634864
ENSG00000054148	-0.0226050183543903
ENSG00000177943	-0.1302255545223
ENSG00000107223	-0.0139398354680822
ENSG00000127191	-0.117450920193702
ENSG00000107317	0.390203473667295
ENSG00000214402	0.172658770432814
ENSG00000107331	-0.00444023858158635
ENSG00000180539	0.0899350211418742
ENSG00000180549	0.286247833609589
ENSG00000186193	-0.0307404676327611
ENSG00000268996	0.139605261434591
ENSG00000176248	-0.00639632907433699
ENSG00000176101	-0.0703689647761304
ENSG00000197191	0.0269564776468608
ENSG00000188229	0.161214177664149
ENSG00000198113	0.298729337310548
ENSG00000165724	-0.175796721471872
ENSG00000197070	0.120673511841685
ENSG00000203993	0.0741012107726962
ENSG00000148408	-0.000905238012190696
ENSG00000151240	0.0269732531594581
ENSG00000225140	0.0682669294351128
ENSG00000107929	-0.00687922048336419
ENSG00000107937	0.0277233254754718
ENSG00000232656	0.0758447715397104
ENSG00000067064	-0.203616810848617
ENSG00000047056	0.0287946417967036
ENSG00000185736	-0.211827598974808
ENSG00000205696	-0.569445840253313
ENSG00000067057	0.25066533800889
ENSG00000107959	0.0201979054890744
ENSG00000237399	-0.0285039614673025
ENSG00000196139	-0.0120140075813853
ENSG00000173848	-0.245408670097486
ENSG00000287566	-0.337546089253713
ENSG00000196372	0.0440988177537219
ENSG00000134461	0.0739924119771159
ENSG00000134452	0.0371266529099129
ENSG00000232807	-0.01541079000953
ENSG00000134470	0.202648980944757
ENSG00000134453	-0.0646647744686894
ENSG00000212743	0.309769885834963
ENSG00000278982	0.0298472027345946
ENSG00000123243	0.146987723377465
ENSG00000151655	0.132931602111224
ENSG00000148429	0.0552364857515554
ENSG00000271046	0.358020777685367
ENSG00000181192	0.133340552414407
ENSG00000065665	0.0461986174515654
ENSG00000151465	0.0294308388702083
ENSG00000228302	0.0650930105575502
ENSG00000123240	-0.207180154640375
ENSG00000228330	0.170099949101635
ENSG00000107537	0.00848170828862176
ENSG00000086475	-0.20089046838415
ENSG00000239665	-0.110714827311934
ENSG00000065809	-0.0678872720456376
ENSG00000237032	-0.198439651404799
ENSG00000284024	-0.0209866719239864
ENSG00000187522	-0.210140689101723
ENSG00000228547	0.190127599517009
ENSG00000176244	0.0233837672374534
ENSG00000148468	-0.0800404960170498
ENSG00000148481	-0.114429163264562
ENSG00000165996	-0.00670297383581617
ENSG00000136738	-0.0220324533797052
ENSG00000241058	-0.128774349191665
ENSG00000120594	0.0169406401869171
ENSG00000204682	-0.045107335336379
ENSG00000286881	0.647084528721907
ENSG00000279623	0.147898314398819
ENSG00000279631	0.281536041807429
ENSG00000261671	-0.384012574519552
ENSG00000148444	-0.0579436009958525
ENSG00000168283	-0.249405327263391
ENSG00000150867	-0.0790103571759025
ENSG00000165312	-0.00357601411044116
ENSG00000107863	-0.0106460890995744
ENSG00000099256	0.0192599690748859
ENSG00000273107	0.0839965115352289
ENSG00000185875	-0.161046118622763
ENSG00000077420	0.143183245387471
ENSG00000136754	-0.0437435381082991
ENSG00000136758	0.0763544773111653
ENSG00000120539	0.0999848515675665
ENSG00000262412	0.159051515108039
ENSG00000230445	0.155420553332879
ENSG00000254635	-0.180726433255342
ENSG00000095739	0.0702424552723199
ENSG00000165757	0.0566265473607675
ENSG00000107951	-0.0649101747187055
ENSG00000148516	-0.303866600486031
ENSG00000289412	-0.120639536704456
ENSG00000165322	-0.0855664303951979
ENSG00000095794	0.0202602570144524
ENSG00000271335	-0.248822679607883
ENSG00000227475	0.360194720002238
ENSG00000229644	0.407052790900752
ENSG00000198105	-0.130048754463565
ENSG00000189180	0.0115274198371489
ENSG00000075407	-0.167541225048698
ENSG00000272983	0.0718565192328862
ENSG00000234420	-0.136562635234822
ENSG00000285884	-0.0188537565539518
ENSG00000165733	-0.0476304062925521
ENSG00000198915	-0.0560149411845334
ENSG00000169813	0.00842097224948453
ENSG00000169740	-0.182656887445033
ENSG00000107562	0.424192654161244
ENSG00000107551	0.080164048573775
ENSG00000165507	0.822353095857778
ENSG00000165512	-0.258875065490258
ENSG00000012779	0.180947354645511
ENSG00000231964	-0.0706611440318726
ENSG00000165406	-0.035018346336542
ENSG00000172671	-0.0417347467961768
ENSG00000172661	-0.02033553624672
ENSG00000204177	0.149723643769176
ENSG00000265203	-0.0793706081701881
ENSG00000265763	-0.118691497045815
ENSG00000277758	-0.00192343519705681
ENSG00000107643	-0.136180698058658
ENSG00000279822	-0.170280822077995
ENSG00000128805	-0.0890813294496125
ENSG00000204161	-0.259605255779111
ENSG00000225830	-0.0339979065556952
ENSG00000204152	0.1026448992474
ENSG00000226200	0.297883603410345
ENSG00000177613	-0.077175931994863
ENSG00000227972	-0.11010955244103
ENSG00000122952	0.175209604497141
ENSG00000072401	-0.112816120782819
ENSG00000108064	-0.11657517119153
ENSG00000148541	0.0267620830363113
ENSG00000165449	-0.0523912604389265
ENSG00000108091	-0.0436099754642301
ENSG00000183346	-0.143640421601436
ENSG00000288011	0.0176024029093837
ENSG00000138311	-0.0894702345727695
ENSG00000181915	-0.152973356389589
ENSG00000171988	-0.0102269811917797
ENSG00000226426	-0.483158792260772
ENSG00000233900	-0.0176678237096162
ENSG00000108176	-0.268116647883728
ENSG00000148634	-0.175807070178069
ENSG00000108187	-0.000522610639756184
ENSG00000096746	-0.147689173491201
ENSG00000204130	-0.0242467733712349
ENSG00000138346	-0.269667007252042
ENSG00000122912	0.0196805625892468
ENSG00000260400	-0.550807660910069
ENSG00000165732	0.14212362700334
ENSG00000198954	-0.014016899163658
ENSG00000156502	-0.124635215274559
ENSG00000156515	0.0862662621086169
ENSG00000099282	0.173671380976953
ENSG00000236154	0.145398008397919
ENSG00000099284	0.0084581808971602
ENSG00000229097	0.346435987107335
ENSG00000148734	-0.249233800685425
ENSG00000172731	-0.113094539288464
ENSG00000280401	0.0479867429666589
ENSG00000107719	-0.0256488445269337
ENSG00000166224	0.00759052309963829
ENSG00000166228	-0.076164772474249
ENSG00000198246	0.0830126010359793
ENSG00000107738	0.464661387697976
ENSG00000122863	0.0553899108435653
ENSG00000272988	-0.0666256554571462
ENSG00000166295	-0.180739355804691
ENSG00000200170	-0.816591963968606
ENSG00000289506	-0.221535343703371
ENSG00000148719	0.0102840140941728
ENSG00000107745	-0.1162523352769
ENSG00000272627	0.0261919075578953
ENSG00000213700	-0.250104133769044
ENSG00000122884	0.0982588990016245
ENSG00000122882	-0.0109947246808309
ENSG00000182180	0.231453498780374
ENSG00000138279	0.0877614037181863
ENSG00000166343	-0.268493477507472
ENSG00000166348	-0.00764990781095275
ENSG00000207327	0.931174456663331
ENSG00000272140	0.0915057552059053
ENSG00000242338	0.215262779653689
ENSG00000250959	0.12251839657319
ENSG00000235316	0.466430633473163
ENSG00000279088	0.171446131267992
ENSG00000172586	-0.15919485720803
ENSG00000166507	0.108308900398294
ENSG00000035403	0.268763716435268
ENSG00000156650	-0.0682404639048549
ENSG00000156671	0.0162354771438874
ENSG00000165655	-0.0364296916523411
ENSG00000237149	0.195492502293269
ENSG00000273248	0.930026714947397
ENSG00000228280	0.373655337858259
ENSG00000151208	0.0853372739095252
ENSG00000148606	-0.0661536555356076
ENSG00000108175	0.0665174545800002
ENSG00000108179	0.128890926061315
ENSG00000235426	0.28712316032362
ENSG00000273372	0.162594208585546
ENSG00000230091	-0.0856049957810622
ENSG00000133678	0.0620474646938552
ENSG00000122359	0.329013977620323
ENSG00000285972	0.0336183095435504
ENSG00000178429	-0.240465190821082
ENSG00000280134	-0.542726855409164
ENSG00000062650	-0.0174134765016574
ENSG00000122367	-0.0852107857008195
ENSG00000272631	0.0666516643993744
ENSG00000107779	-0.0777544775087842
ENSG00000173269	0.489592541521781
ENSG00000272734	0.499495977318954
ENSG00000261011	0.419794363800225
ENSG00000148672	0.134047885119684
ENSG00000286445	0.0701109009423943
ENSG00000198682	0.14067928310167
ENSG00000213613	0.0784306803305718
ENSG00000152766	0.167093647652783
ENSG00000138134	-0.0477779293274481
ENSG00000180139	0.136064795565422
ENSG00000107796	1.04422445763456
ENSG00000026103	0.0935575443601563
ENSG00000138135	0.782586771156047
ENSG00000119917	0.225628523994923
ENSG00000185745	0.0406737133180062
ENSG00000148688	-0.165929131953656
ENSG00000095564	0.218602933552245
ENSG00000198060	0.0119883197147105
ENSG00000236493	-0.14941247641107
ENSG00000152804	0.0776798332768249
ENSG00000138119	0.394388778680255
ENSG00000138115	-0.133577996804609
ENSG00000107438	0.539130732996632
ENSG00000138185	0.0170865043660053
ENSG00000107443	-0.0683679329735287
ENSG00000095585	0.0650399731776709
ENSG00000155629	0.0872059270635673
ENSG00000181274	-0.00928373883768335
ENSG00000052749	0.00475922821545899
ENSG00000171314	0.0862973421259923
ENSG00000171307	0.0662963329535673
ENSG00000155229	0.107627133194467
ENSG00000241935	-0.190370380868076
ENSG00000119986	0.101677826250197
ENSG00000120057	1.02489189672734
ENSG00000095713	-0.0781394015199074
ENSG00000119943	0.22665792983904
ENSG00000155287	-0.18667261688996
ENSG00000233690	0.508448111374462
ENSG00000014919	0.0553505580382341
ENSG00000107566	0.0231919570300472
ENSG00000230224	0.678313880444535
ENSG00000099194	0.0199606172669955
ENSG00000235823	-0.157103696882314
ENSG00000166135	0.0550073555396217
ENSG00000055950	-0.0790161197387815
ENSG00000107816	-0.0126766954818657
ENSG00000186862	-0.0260716666146759
ENSG00000227128	0.0568367185412033
ENSG00000166167	-0.102417110982805
ENSG00000166169	0.124563254610699
ENSG00000107833	-0.000904141254131116
ENSG00000120029	0.0236679394620379
ENSG00000198728	0.14045081391978
ENSG00000148840	0.107231977164771
ENSG00000166197	0.0126709344238448
ENSG00000107862	0.0865222350635725
ENSG00000077150	0.228210378766186
ENSG00000107874	0.0167341960198025
ENSG00000138111	-0.0358473798636678
ENSG00000138107	0.0105449547097636
ENSG00000214435	-0.174219994601732
ENSG00000148842	-0.0503891386610828
ENSG00000156374	0.055045160047806
ENSG00000173915	-0.215745065150618
ENSG00000148843	0.113977495442927
ENSG00000138172	0.216961520965207
ENSG00000065613	-0.0642799659878848
ENSG00000156384	-0.043152007018831
ENSG00000148834	-0.0103564983629094
ENSG00000065621	-0.053304937870957
ENSG00000148841	0.398962426831171
ENSG00000119950	-0.0169894480525941
ENSG00000119953	-0.077404188708172
ENSG00000214413	-0.0403788486073926
ENSG00000108061	-0.0684687874764852
ENSG00000119927	0.0109080517441538
ENSG00000197142	-0.00262787056647782
ENSG00000260917	0.0373945569024256
ENSG00000165806	-0.0439859292736712
ENSG00000151553	-0.000768749419009659
ENSG00000175535	0.222055273287826
ENSG00000235742	-0.193323236772191
ENSG00000277879	-0.0698559854018432
ENSG00000165669	-0.0709246976401343
ENSG00000151893	0.0702123611055343
ENSG00000277687	0.739356606201228
ENSG00000188613	0.279524163280627
ENSG00000165672	-0.134597076073444
ENSG00000148908	0.098275394090782
ENSG00000151929	0.648002855829692
ENSG00000107651	0.0544051651143141
ENSG00000203805	-0.0990390031121434
ENSG00000177234	-0.470279730206494
ENSG00000287936	-0.188311731919932
ENSG00000120008	0.0485195747104457
ENSG00000066468	-0.183223662905481
ENSG00000226864	-0.216378753774026
ENSG00000107672	0.0281962062337629
ENSG00000107679	-0.0111020412621343
ENSG00000166033	0.207709112934478
ENSG00000187908	-0.190424177448699
ENSG00000138161	-0.195996033378185
ENSG00000213185	-0.04100584548878
ENSG00000119965	0.00371652654115515
ENSG00000179988	-0.0529279428187427
ENSG00000196177	-0.0300281919601947
ENSG00000182022	0.256764672681397
ENSG00000065154	0.0379452731254709
ENSG00000165660	-0.0442064382904268
ENSG00000175029	-0.0488495572470568
ENSG00000188690	-0.0724345464115189
ENSG00000287609	0.0427931206980125
ENSG00000235180	0.134099924365859
ENSG00000132334	0.0179432607137104
ENSG00000287427	0.111699396228275
ENSG00000277218	-0.695670924086133
ENSG00000233122	-0.0902732392598712
ENSG00000188385	0.208092705583198
ENSG00000148814	-0.0822173156323322
ENSG00000068383	-0.185065830593825
ENSG00000148826	-0.0677152011458366
ENSG00000197177	-0.547746314155521
ENSG00000130640	0.0961860542991535
ENSG00000198546	-0.136857950599957
ENSG00000148803	0.630948412917301
ENSG00000127884	0.156902844517088
ENSG00000148824	0.107735926170733
ENSG00000214279	-0.146412829109115
ENSG00000130649	-0.0753655808911511
ENSG00000171772	-0.281509269545393
ENSG00000185627	-0.0107350367189473
ENSG00000277290	0.0573643828539366
ENSG00000174885	0.418698348581254
ENSG00000142102	0.0852073835380926
ENSG00000185201	0.410174653706893
ENSG00000185885	0.506858064939127
ENSG00000142089	0.390247831255637
ENSG00000174915	0.00265457881862549
ENSG00000023191	0.0782383787517771
ENSG00000185522	-0.0897569318486507
ENSG00000185507	0.452055276017141
ENSG00000177030	-0.0945837029507788
ENSG00000177042	0.182245071604674
ENSG00000177156	0.048477699270525
ENSG00000177225	0.121573688476824
ENSG00000255142	0.550343304596269
ENSG00000177600	-0.075185403744712
ENSG00000199785	-0.46383389518009
ENSG00000177697	0.382859636928166
ENSG00000214063	0.281740213702074
ENSG00000177830	0.0118246037891374
ENSG00000078902	-0.109330952028215
ENSG00000255153	0.259621965082306
ENSG00000174672	0.027101940405085
ENSG00000285581	-0.125323190121274
ENSG00000182208	-0.105953814426674
ENSG00000205864	0.342982458962461
ENSG00000244242	-0.308852199372646
ENSG00000235027	0.320636689131663
ENSG00000229512	0.0474321447112504
ENSG00000183734	0.308626236813517
ENSG00000184281	-0.127112658081141
ENSG00000269821	0.0106213726309495
ENSG00000237941	-0.150890543520572
ENSG00000129757	-0.202234771487118
ENSG00000205531	-0.152401410149794
ENSG00000110619	-0.0261059474801827
ENSG00000236710	-0.0360253500254565
ENSG00000021762	0.15585793097712
ENSG00000005801	-0.0794626826707033
ENSG00000148985	0.0821417306187819
ENSG00000132109	-0.0389245701972993
ENSG00000244734	0.471641047126967
ENSG00000223609	0.0439233700386261
ENSG00000213934	0.219542245280354
ENSG00000175518	-0.060485019954505
ENSG00000258659	0.12178960081514
ENSG00000132274	0.126650676297821
ENSG00000181074	0.253370475980579
ENSG00000267940	-0.388235765473171
ENSG00000166311	0.144602035449827
ENSG00000166313	-0.0492127376285277
ENSG00000110171	0.0344991734117387
ENSG00000132254	0.0513336162264883
ENSG00000132286	0.0047480887075779
ENSG00000179532	0.0395994691946576
ENSG00000166341	0.22576113181271
ENSG00000158042	0.148558476523844
ENSG00000254838	0.0431456970790713
ENSG00000166394	0.148795446597298
ENSG00000175390	0.0179397410552778
ENSG00000166436	0.254129879463642
ENSG00000184014	-0.101514379941962
ENSG00000166471	-0.000123543337735958
ENSG00000205339	-0.118164251672986
ENSG00000133789	0.171720835007097
ENSG00000255823	-0.114247729879579
ENSG00000133800	0.410627609685097
ENSG00000072952	-0.0293766296156754
ENSG00000198730	-0.00346675912136169
ENSG00000110321	-0.092743715689785
ENSG00000246308	0.0747589511510402
ENSG00000236287	-0.0732047331485536
ENSG00000247271	-0.108851355484389
ENSG00000170242	-0.0659014703633599
ENSG00000133816	-0.127182532569115
ENSG00000254680	-0.192492748489322
ENSG00000189431	0.0290345028383295
ENSG00000148925	-0.0726900523949461
ENSG00000197601	-0.198980543472637
ENSG00000129084	-0.028315685810442
ENSG00000244398	-0.361896052584035
ENSG00000110700	-0.204516828025867
ENSG00000201403	1.12333572391216
ENSG00000187486	-0.130609574151856
ENSG00000006071	-0.0163769889929157
ENSG00000006611	-0.12427099814215
ENSG00000129158	-0.0789677357561223
ENSG00000173432	-0.320622796657462
ENSG00000110768	-0.112039196686577
ENSG00000134333	0.395401250493617
ENSG00000256006	0.210970332900973
ENSG00000289499	-0.230513799554127
ENSG00000151116	-0.0427991903905678
ENSG00000279837	-0.451819521062582
ENSG00000179119	-0.0121654677146606
ENSG00000151117	0.274911079209587
ENSG00000177054	-0.00231913601378642
ENSG00000270607	0.203984905574813
ENSG00000109854	-0.0563564955477653
ENSG00000165970	0.00273769514326119
ENSG00000148935	-0.0939998210507076
ENSG00000129151	0.0509737936002708
ENSG00000109881	-0.281450935193049
ENSG00000205213	-0.0748456731443425
ENSG00000245573	-0.0234289364860915
ENSG00000224411	0.0548347057087356
ENSG00000049449	-0.114305710156581
ENSG00000270903	0.15809274822289
ENSG00000121690	-0.100828968321893
ENSG00000280798	-0.136910033715563
ENSG00000241255	0.0981247446467397
ENSG00000205177	0.268045424303132
ENSG00000085063	0.0832874007154998
ENSG00000135363	0.148840911893971
ENSG00000135372	0.12812159183986
ENSG00000166016	0.0398100084337345
ENSG00000121691	0.125283864348777
ENSG00000179431	0.376693247910228
ENSG00000179241	-0.06601018145261
ENSG00000110442	0.0237726725814138
ENSG00000135362	-0.0348427110358382
ENSG00000175104	-0.0951637938205633
ENSG00000166352	-0.0996418819169717
ENSG00000279675	-0.210712262988956
ENSG00000252355	0.492788497226525
ENSG00000254463	-0.233065770365827
ENSG00000283341	-0.189208156262498
ENSG00000166199	0.0748144387294277
ENSG00000213693	0.361800601334439
ENSG00000187479	0.743911887456395
ENSG00000121671	0.134313168404134
ENSG00000121653	0.174915521566041
ENSG00000121680	0.0341868884085252
ENSG00000110492	0.682714871298755
ENSG00000110497	0.0406656617981009
ENSG00000244313	-0.0804226079571917
ENSG00000180423	0.0751472003296766
ENSG00000175224	0.0780958878401946
ENSG00000175213	0.0689709547089054
ENSG00000175216	0.0333727367628952
ENSG00000134569	0.0245704060489887
ENSG00000149182	0.0885042380025869
ENSG00000270060	0.400024157682846
ENSG00000165912	0.0689708066974501
ENSG00000025434	0.0555525017444438
ENSG00000066336	0.343577429165871
ENSG00000255197	0.11531281671332
ENSG00000213619	-0.0281925294848372
ENSG00000123444	-0.016311494616043
ENSG00000196666	0.250772846317925
ENSG00000109919	0.0141956351247225
ENSG00000109920	0.0234873891971035
ENSG00000149177	0.0287172205610445
ENSG00000254567	-0.35410548177003
ENSG00000086205	-0.00144490169045114
ENSG00000287538	0.0551056432591381
ENSG00000286983	0.0288756121810739
ENSG00000205025	-0.326201877368905
ENSG00000181273	-0.0845011769468578
ENSG00000183908	0.302386131558414
ENSG00000149115	0.271164330684052
ENSG00000134802	0.132025906632606
ENSG00000149150	-0.00421230932366848
ENSG00000156587	0.152280166132787
ENSG00000149131	0.917799907484273
ENSG00000166793	0.00462819594930174
ENSG00000172409	0.0898888724582199
ENSG00000156599	0.0758221673804738
ENSG00000211450	0.0392353642418065
ENSG00000198561	0.167409010522078
ENSG00000166801	-0.0109324314111895
ENSG00000110042	-0.133737602825011
ENSG00000197629	0.368715655438444
ENSG00000110048	-0.0110401760756778
ENSG00000166900	-0.101397728333653
ENSG00000234964	-0.189158106695832
ENSG00000166902	0.00899826254202371
ENSG00000254952	-0.122348506627687
ENSG00000110077	-0.0554087944594899
ENSG00000183134	-0.137316380684855
ENSG00000110108	0.2012862080097
ENSG00000167986	0.124470902609272
ENSG00000149476	0.154596800583304
ENSG00000187049	-0.0678437398143712
ENSG00000204950	1.13989523036105
ENSG00000124920	0.173004647013249
ENSG00000168496	0.0621436499405928
ENSG00000134824	0.0483350545112401
ENSG00000289268	-0.0720060875012407
ENSG00000149485	0.375098767894937
ENSG00000221968	0.393942974650627
ENSG00000167995	0.0411895252476423
ENSG00000279491	0.198884650083748
ENSG00000289194	-0.170987816190484
ENSG00000162174	0.0488328043560781
ENSG00000254772	-0.0322706199423172
ENSG00000289562	-0.28158643440039
ENSG00000149016	0.0193991591151114
ENSG00000149480	0.0342432966187087
ENSG00000149541	0.00796803958688585
ENSG00000162194	0.0650663400575679
ENSG00000204922	-0.2989576626883
ENSG00000168000	-0.0695381230970411
ENSG00000185670	-0.32167299539398
ENSG00000168002	0.0560975595305236
ENSG00000162227	0.0484992305097374
ENSG00000168569	0.0203520034632947
ENSG00000162231	0.0664900452004769
ENSG00000133316	0.0424322403392941
ENSG00000168003	0.321824848019236
ENSG00000168004	-0.0417419829660026
ENSG00000133321	0.239116511762857
ENSG00000133318	-0.0621148270688148
ENSG00000188070	0.0192768235655271
ENSG00000168005	-0.0536696898215644
ENSG00000167771	-0.0159802766705495
ENSG00000167770	-0.0153408406402831
ENSG00000126500	0.0965109017179349
ENSG00000288852	0.256689898665631
ENSG00000289486	0.530753819116641
ENSG00000168439	-0.168456203791548
ENSG00000149781	0.305200227633765
ENSG00000149743	-0.177346315976016
ENSG00000149761	0.174896424686466
ENSG00000173511	0.130315465114354
ENSG00000173457	0.0371435606412119
ENSG00000149782	0.0971744138609724
ENSG00000173264	-0.101643692944145
ENSG00000173153	-0.226930940667402
ENSG00000173113	-0.213487503746887
ENSG00000126432	-0.182350416510806
ENSG00000168071	-0.127019994232672
ENSG00000181908	-0.306507336787509
ENSG00000110076	-0.0741318410171512
ENSG00000289058	-0.48954850714271
ENSG00000133895	-0.0707410466582741
ENSG00000110047	0.0567185779312375
ENSG00000110046	0.18680253311588
ENSG00000068971	-0.0395666123604881
ENSG00000168062	0.122563805596979
ENSG00000110025	0.0261737662159669
ENSG00000168061	-0.18675329492796
ENSG00000168060	0.083645554160207
ENSG00000162300	-0.0169700253554802
ENSG00000149823	0.0643050718773154
ENSG00000149809	0.12282977050493
ENSG00000149792	0.214938492479175
ENSG00000255200	0.305290742392375
ENSG00000287917	0.293998864059791
ENSG00000133884	0.00608193543948784
ENSG00000162241	0.100323130753134
ENSG00000126391	0.142162059954827
ENSG00000173727	-0.173512770413211
ENSG00000142186	0.0411439645859596
ENSG00000173465	0.190831661386048
ENSG00000176973	-0.151562525195715
ENSG00000289339	0.419635343761242
ENSG00000173442	0.452429883506118
ENSG00000197136	0.0601675346187969
ENSG00000213445	0.159991245810701
ENSG00000173039	0.061124996218379
ENSG00000285533	-0.130878133826326
ENSG00000172977	-0.00554299851297146
ENSG00000172922	-0.182588611748485
ENSG00000254470	-0.0571346671099231
ENSG00000172543	0.0293661002319882
ENSG00000175592	0.392802846244365
ENSG00000175550	-0.0506331194056961
ENSG00000175376	-0.113247030901755
ENSG00000175334	-0.286191788197787
ENSG00000254855	0.00355696850822943
ENSG00000174903	-0.00749883650767954
ENSG00000179292	-0.12445688395678
ENSG00000174669	-0.0398084912669119
ENSG00000174165	0.125148397842777
ENSG00000182791	0.012237292003482
ENSG00000173992	0.0482976466442302
ENSG00000239306	0.0634638629041879
ENSG00000173933	-0.0460598546419998
ENSG00000173914	-0.161736794010268
ENSG00000173653	0.0150720303378338
ENSG00000173237	-0.0399653137501821
ENSG00000172830	0.0209343814916893
ENSG00000175482	0.264860515052501
ENSG00000175505	0.475503017966687
ENSG00000275484	0.189685023128955
ENSG00000172508	0.00145325574833182
ENSG00000175634	0.0467820411669877
ENSG00000175544	-0.0567702421961735
ENSG00000110711	-0.117998430191844
ENSG00000110697	-0.00566553606714496
ENSG00000167797	-0.0265604719598601
ENSG00000167792	0.0463782666314595
ENSG00000231793	0.00195796737452365
ENSG00000132744	-0.0194609252829131
ENSG00000110057	0.307964028120408
ENSG00000110717	-0.0674478175286639
ENSG00000110719	0.212390446805113
ENSG00000255031	-0.0788696333562813
ENSG00000110721	0.0508062171923876
ENSG00000171067	0.0126345818369029
ENSG00000110075	-0.05543778237621
ENSG00000110090	0.0615519604563809
ENSG00000284713	-0.203800743149477
ENSG00000255980	0.13695258296604
ENSG00000110092	-0.556570413631029
ENSG00000149716	0.0267482788204009
ENSG00000289074	-0.103999833384819
ENSG00000131626	0.00338671916161732
ENSG00000085733	0.0312255833212971
ENSG00000172893	0.0497304809988198
ENSG00000254682	0.0941007421422558
ENSG00000172890	0.0940429230501485
ENSG00000244411	0.133763177282748
ENSG00000204572	0.163838605548252
ENSG00000254593	-0.0401737103281649
ENSG00000137522	0.0524676660468315
ENSG00000137496	0.0735546510633639
ENSG00000137497	0.148152582539858
ENSG00000184154	0.197024087129456
ENSG00000165457	0.825820620570556
ENSG00000162129	-0.0630181711683803
ENSG00000186642	-0.0812481478295557
ENSG00000186635	0.0385102499261025
ENSG00000286555	0.173352149340945
ENSG00000214530	-0.054892169292857
ENSG00000168010	0.05958019647
ENSG00000054967	0.517369950696229
ENSG00000054965	0.0251534731081954
ENSG00000256448	0.347613348134038
ENSG00000175582	-0.13344836880522
ENSG00000175581	-0.186751889001601
ENSG00000175567	0.540302587937425
ENSG00000175564	-0.33405013120689
ENSG00000168014	0.0550573006181251
ENSG00000214517	-0.0465417566814259
ENSG00000206913	0.457218297967607
ENSG00000175538	0.0893050400237486
ENSG00000175536	-0.138395484283171
ENSG00000254837	-0.154169200398995
ENSG00000166439	-0.0339178613551239
ENSG00000162139	0.131587112716587
ENSG00000137491	0.202555981142044
ENSG00000149243	0.297640716165084
ENSG00000158555	0.0321137024722186
ENSG00000149257	0.551516770468519
ENSG00000171533	0.0204613093532031
ENSG00000198382	-0.0151134997499723
ENSG00000255421	0.203076914399014
ENSG00000137492	0.0142131488009982
ENSG00000179240	-0.126331775712824
ENSG00000158636	-0.0607070559588697
ENSG00000254810	0.108809810870256
ENSG00000236304	0.113846010087492
ENSG00000137507	0.636366519201027
ENSG00000137474	-0.0162347848249187
ENSG00000048649	-0.0810815025170381
ENSG00000151366	-0.0871004760283594
ENSG00000188997	-0.0545581427422867
ENSG00000118369	0.147676484596584
ENSG00000182103	-0.00877926746704064
ENSG00000137502	-0.084888329161757
ENSG00000247137	0.0910099208238608
ENSG00000137494	-0.0603981799280988
ENSG00000137500	-0.167464633568147
ENSG00000150672	-0.0830556190408981
ENSG00000171204	-0.236557248377653
ENSG00000171202	-0.12925440257357
ENSG00000074266	-0.159417815427834
ENSG00000255222	-0.22581225693817
ENSG00000149196	-0.19465418618813
ENSG00000150687	0.0791022091316683
ENSG00000174804	0.0850295629936153
ENSG00000109861	0.121594275905311
ENSG00000280385	0.00945785804042369
ENSG00000110172	-0.170275276581848
ENSG00000180773	-0.18495904988976
ENSG00000166002	-0.0609846964016631
ENSG00000166004	-0.0464378589513132
ENSG00000207145	0.215736480981613
ENSG00000042429	-0.0320604936911778
ENSG00000214376	-0.034569701152033
ENSG00000110218	-0.0334731090702152
ENSG00000020922	-0.10578951372634
ENSG00000196371	0.219003706305866
ENSG00000280167	-0.403595033945718
ENSG00000166025	0.0106021474977422
ENSG00000150316	-0.184567682096368
ENSG00000149218	0.280890963592258
ENSG00000270689	-0.160815715017187
ENSG00000149212	-0.0251017186078215
ENSG00000149231	-0.17187237786192
ENSG00000137693	0.122070059667595
ENSG00000023445	0.367055452950532
ENSG00000288833	-0.240327092623538
ENSG00000110330	-0.22935058517312
ENSG00000255337	-0.0447754329003822
ENSG00000196954	0.07294161213423
ENSG00000137752	0.0199491072126078
ENSG00000204397	-0.0373149854922565
ENSG00000152578	-0.303289497461041
ENSG00000170903	-0.114960028361389
ENSG00000225215	-0.147161622916002
ENSG00000149311	-0.135670533542353
ENSG00000178202	0.112630733206542
ENSG00000137714	-0.00525939445803995
ENSG00000214290	0.233822807723713
ENSG00000204381	0.218694566734966
ENSG00000170145	-0.00784471237734896
ENSG00000137713	-0.0745440097936026
ENSG00000086848	-0.0165819768930088
ENSG00000137720	0.0184520719550814
ENSG00000109846	-0.0360631833666345
ENSG00000149300	-0.13611990631741
ENSG00000150776	-0.196504949975192
ENSG00000204370	-0.0717964323844699
ENSG00000150782	0.248007751084116
ENSG00000197580	-0.171636778429948
ENSG00000150787	-0.163009919354126
ENSG00000250303	-0.0315795496746247
ENSG00000247416	-0.264075660111929
ENSG00000149292	0.093960013888505
ENSG00000270179	0.776403417626838
ENSG00000255710	0.25898299240215
ENSG00000109906	-0.0270341849245915
ENSG00000166741	0.211733177228914
ENSG00000076053	0.067165845565573
ENSG00000109917	-0.0442438462319337
ENSG00000118137	-0.285175761177029
ENSG00000235910	0.394505122817238
ENSG00000160584	0.124467742857272
ENSG00000168092	-0.06858157187542
ENSG00000149577	0.016426109035739
ENSG00000149591	0.720660767286863
ENSG00000280143	0.236889624614061
ENSG00000186318	-0.0258199115129038
ENSG00000276505	-0.0140673881151671
ENSG00000110274	-0.0569623543156149
ENSG00000177103	-0.0433878769623686
ENSG00000110324	0.215082360443578
ENSG00000160593	0.0763709271562443
ENSG00000149573	0.585954447922058
ENSG00000198851	0.129563821885472
ENSG00000167286	0.0242016503693353
ENSG00000118058	-0.0195415719954305
ENSG00000019144	0.324935099843347
ENSG00000255176	0.704991939758212
ENSG00000186174	0.155619527141798
ENSG00000255121	0.0360015771737917
ENSG00000186166	-0.02832691548396
ENSG00000240970	0.608583682794429
ENSG00000254428	0.371816813102022
ENSG00000254909	0.270617423563476
ENSG00000196655	0.0100999285891037
ENSG00000149428	0.112044203061534
ENSG00000272186	-0.231547877398527
ENSG00000160695	0.023551036737305
ENSG00000256269	-0.0403186823696748
ENSG00000188486	-0.116951278148572
ENSG00000172269	-0.0681064817696252
ENSG00000172273	-0.189815372808662
ENSG00000110395	0.0397512656765635
ENSG00000076706	0.718595378305796
ENSG00000173456	0.023258151348653
ENSG00000235718	0.0467101321561247
ENSG00000036672	0.097171119063679
ENSG00000110400	-0.00434049829600416
ENSG00000255216	0.206554319085394
ENSG00000184232	0.260956262683403
ENSG00000181264	0.105127936461573
ENSG00000196914	-0.061119914481998
ENSG00000154114	-0.041247581667684
ENSG00000109929	-0.181920518260607
ENSG00000137642	0.014349832466802
ENSG00000255248	-0.0247003067391609
ENSG00000200879	-0.47635571406826
ENSG00000254449	0.257078592025594
ENSG00000166261	-0.155101951657733
ENSG00000110002	0.344261231042865
ENSG00000149564	0.32521165160771
ENSG00000120458	-0.215196433526734
ENSG00000154133	0.138208165577069
ENSG00000165478	0.383271501396166
ENSG00000285825	-0.229327944644381
ENSG00000134955	0.0879575003291351
ENSG00000150433	0.00834815763667544
ENSG00000149557	-0.0837929638562691
ENSG00000255537	-0.0334483046960315
ENSG00000110060	-0.0273281840914162
ENSG00000197798	-0.0101469143308727
ENSG00000182934	0.159703558925878
ENSG00000110063	-0.0708863033504481
ENSG00000110080	-0.0680513891101666
ENSG00000134954	0.128128606937202
ENSG00000151702	0.054246860651881
ENSG00000174370	-0.0647404079922973
ENSG00000149418	0.0213891109826595
ENSG00000120451	-0.0238000740191077
ENSG00000182667	-0.0969072851756194
ENSG00000224795	0.138667153764076
ENSG00000151500	-0.0875492277948834
ENSG00000151498	-0.0124297803468854
ENSG00000109956	0.0391727220199252
ENSG00000073614	0.0597554517541488
ENSG00000177406	0.0368639635576853
ENSG00000002016	-0.0262263341162972
ENSG00000250132	-0.137398326402961
ENSG00000171823	0.128864959603114
ENSG00000006831	0.0159626640059199
ENSG00000243663	-0.0438244785121653
ENSG00000235049	-0.0289120727798811
ENSG00000004478	0.0578490371292818
ENSG00000111203	0.0956132702666369
ENSG00000288984	0.565941929155384
ENSG00000278356	0.513360970850983
ENSG00000250899	0.105154114678506
ENSG00000227081	-0.112333736309502
ENSG00000280202	-0.0113733166918426
ENSG00000118971	-0.145250155100834
ENSG00000047621	-0.0408304206781366
ENSG00000139180	-0.0529752957937519
ENSG00000110799	0.658554559282313
ENSG00000067182	0.25182061036371
ENSG00000111321	0.235900726147167
ENSG00000256433	0.506710141763183
ENSG00000215039	-0.118935083993344
ENSG00000139190	0.0195346915463445
ENSG00000111639	-0.10210397022031
ENSG00000111641	-0.166765184281901
ENSG00000111642	0.0605067377865479
ENSG00000247853	0.145426877385196
ENSG00000184574	0.25025805913027
ENSG00000111644	-0.0839304535156356
ENSG00000111653	-0.0858403232479041
ENSG00000289303	0.190920897970071
ENSG00000111652	-0.0532126067447094
ENSG00000089693	-0.0698404373870646
ENSG00000159335	-0.217214460816616
ENSG00000010610	0.306430927689241
ENSG00000111667	0.0919363223140659
ENSG00000240370	-0.197529344790031
ENSG00000248593	-0.0959560163229698
ENSG00000111679	0.253673215078633
ENSG00000215021	0.0329194909731276
ENSG00000111684	0.0937217207615735
ENSG00000159403	0.790149353366596
ENSG00000139178	0.482714758075927
ENSG00000205885	0.207657351766923
ENSG00000139197	-0.28509778728288
ENSG00000255836	-0.141274159079079
ENSG00000177575	0.571931152129155
ENSG00000059804	0.232379520399721
ENSG00000171860	0.236057745647054
ENSG00000171847	0.168799608605105
ENSG00000284673	0.828806262710467
ENSG00000166523	0.0919563630524726
ENSG00000003056	0.219531160094033
ENSG00000245105	-0.268237090819134
ENSG00000175899	0.451521760529127
ENSG00000237248	-0.0621317381084717
ENSG00000111796	0.187782552786042
ENSG00000257027	0.0432998118015949
ENSG00000110852	0.0203990699884281
ENSG00000197992	0.0243887270533496
ENSG00000150048	-0.065449857006289
ENSG00000213809	-0.00520956121139318
ENSG00000060138	0.338217117935797
ENSG00000212125	0.15140047853576
ENSG00000255837	0.2170312671455
ENSG00000212124	0.109639115501529
ENSG00000256981	0.136115800441326
ENSG00000139083	0.0696327213932619
ENSG00000205791	-0.156621500505465
ENSG00000111266	0.14848472734858
ENSG00000111269	-0.102335726225034
ENSG00000183150	-0.178518107960075
ENSG00000178878	0.045833518782941
ENSG00000013588	0.545574434887634
ENSG00000183935	0.373305586141068
ENSG00000134531	0.737315510512454
ENSG00000084463	0.0222421196344482
ENSG00000111341	0.844359583520722
ENSG00000111348	0.155961312232756
ENSG00000151491	0.161870568900233
ENSG00000008394	0.0463339820659544
ENSG00000121350	-0.00862478554600547
ENSG00000121361	0.118594088814411
ENSG00000133703	-0.105431623803643
ENSG00000274987	-0.0316210658896887
ENSG00000275197	-0.98060275105449
ENSG00000246695	-0.00734918584548376
ENSG00000123094	-0.175710099770154
ENSG00000123095	-0.117322676421189
ENSG00000123096	-0.0292171575013828
ENSG00000256894	-0.277356035760942
ENSG00000064102	-0.241765449859847
ENSG00000111790	-0.251880779104775
ENSG00000064115	0.0616180593531346
ENSG00000152944	-0.213396834012713
ENSG00000214700	0.0708480916800692
ENSG00000211455	-0.109571916672524
ENSG00000174236	-0.438728008252342
ENSG00000276261	-0.658296135423318
ENSG00000087448	0.00754265159362022
ENSG00000275278	0.380961493748679
ENSG00000257176	0.0591509721262354
ENSG00000133704	-0.0285396931643187
ENSG00000139146	0.111696396912008
ENSG00000139160	-0.0713919277149739
ENSG00000223722	0.0076389119287581
ENSG00000174718	-0.0405912698025653
ENSG00000277342	0.0141025162694599
ENSG00000139132	-0.0488067939707775
ENSG00000087470	-0.0716065068627888
ENSG00000257511	-0.0142939959124199
ENSG00000139133	0.0683547357048098
ENSG00000257718	-0.0107968294878681
ENSG00000139116	-0.148764958358426
ENSG00000188906	-0.159731292577294
ENSG00000018236	-0.223685406557165
ENSG00000274682	-0.00659926715491643
ENSG00000177119	0.0901419236968318
ENSG00000278475	0.370089505314997
ENSG00000111371	-0.309012236587265
ENSG00000274591	0.746537866127809
ENSG00000274723	-0.0103683911137297
ENSG00000247774	0.0992257596658379
ENSG00000257433	0.0158361212212131
ENSG00000111405	0.0835268541044711
ENSG00000280054	-0.0549008070209216
ENSG00000079337	-0.0327831337216417
ENSG00000211584	0.0789696731338022
ENSG00000061273	0.141008829643189
ENSG00000134291	-0.0346446661549311
ENSG00000177981	-0.0360173228883922
ENSG00000274124	-0.265463318825271
ENSG00000275228	0.0974561974782667
ENSG00000187166	0.0806915314040629
ENSG00000167528	0.061559904015094
ENSG00000257763	0.168405292471147
ENSG00000129315	-0.0114939716871144
ENSG00000174233	0.123461306444397
ENSG00000174243	-0.0757576988719074
ENSG00000172602	0.0290019524579898
ENSG00000239617	-0.190926956708919
ENSG00000134285	0.0965278297943998
ENSG00000134287	-0.0484369691047857
ENSG00000181929	0.088391083161101
ENSG00000167548	0.19069733464724
ENSG00000167550	-0.153786586261774
ENSG00000139636	0.100689531754225
ENSG00000167552	0.188337796864765
ENSG00000167553	0.282965871540529
ENSG00000135406	0.330963433354897
ENSG00000257464	0.0203137648380346
ENSG00000187778	-0.00261998965670905
ENSG00000161791	0.247617883017644
ENSG00000258057	0.00284379674061046
ENSG00000135472	-0.0780959766352767
ENSG00000066117	0.0646911562451836
ENSG00000167588	0.0145941952697102
ENSG00000050405	0.0445252206541327
ENSG00000161813	-0.0748272303998431
ENSG00000066084	-0.0740046142275144
ENSG00000123268	-0.0676701486155839
ENSG00000185432	0.0943197388694864
ENSG00000110911	0.0333388185515591
ENSG00000050426	0.0695396162818247
ENSG00000110925	0.0317799383138673
ENSG00000135457	0.0179087273221721
ENSG00000184271	-0.110823092782827
ENSG00000183283	0.0295970278215233
ENSG00000110934	0.142243099385713
ENSG00000050438	0.122577278470708
ENSG00000284730	0.26965401732
ENSG00000139567	0.263587318988183
ENSG00000135503	0.0723327126007504
ENSG00000123395	0.000535856671449453
ENSG00000205426	-0.0987020921340888
ENSG00000287051	-0.176675515742832
ENSG00000257829	-0.0805782874985651
ENSG00000170523	-0.061779898979527
ENSG00000205420	-0.0614863171377491
ENSG00000111077	-0.108447110960964
ENSG00000139651	-0.0732701479845792
ENSG00000172819	0.149098355748317
ENSG00000139637	-0.129036134565189
ENSG00000094914	0.0181864281988667
ENSG00000282977	0.126882632054138
ENSG00000170653	-0.0185156513105162
ENSG00000012822	-0.0270802175885245
ENSG00000198353	0.12938391769485
ENSG00000250654	-0.0445089767426067
ENSG00000123415	-0.0646912040442848
ENSG00000250742	0.117518751384693
ENSG00000094916	-0.106579242782881
ENSG00000139572	0.59399704950463
ENSG00000161638	0.386836827047727
ENSG00000123338	0.289601566581023
ENSG00000135447	-0.31774858899052
ENSG00000135441	-0.168176236830395
ENSG00000135404	0.0785503534354322
ENSG00000135414	-0.217505326871623
ENSG00000135392	0.0304180677118834
ENSG00000182796	0.0492197960860446
ENSG00000065357	0.117315547307008
ENSG00000273973	-0.0812258119742603
ENSG00000123374	0.179670199908501
ENSG00000111540	-0.11024585355154
ENSG00000139531	-0.00834510322033996
ENSG00000123411	-0.0833793073188742
ENSG00000065361	0.286728396419652
ENSG00000229117	0.0308427565945378
ENSG00000135482	0.135508507816068
ENSG00000092841	0.0313599411376948
ENSG00000139613	-0.0193382746111393
ENSG00000139579	-0.0659531436669004
ENSG00000257303	0.00153530190837311
ENSG00000257740	0.167679010664844
ENSG00000135473	-0.025768341521229
ENSG00000176422	-0.0526855558759765
ENSG00000076067	0.00374135423590946
ENSG00000076108	0.183587238929094
ENSG00000110958	-0.147620456965057
ENSG00000241217	-0.334993973053813
ENSG00000166881	0.00912556287383794
ENSG00000166886	-0.0780370489620883
ENSG00000166888	0.153009648437868
ENSG00000182199	-0.0148196018409088
ENSG00000185482	0.0812996784928896
ENSG00000179912	-0.0232336279457522
ENSG00000123329	-0.0443176297401018
ENSG00000166986	-0.0310177831890717
ENSG00000175197	0.146698149542893
ENSG00000166987	0.290388256497684
ENSG00000175203	-0.00208595521711585
ENSG00000135506	0.205579703737647
ENSG00000037897	0.0479180061593602
ENSG00000135407	-0.126222569572076
ENSG00000175215	-0.0460035304511308
ENSG00000257698	-0.119896345485333
ENSG00000135655	-0.0572748153546921
ENSG00000061987	0.00713555126224383
ENSG00000221949	-0.0874590152022291
ENSG00000257354	0.109200185385851
ENSG00000275180	-0.221932777463517
ENSG00000166148	-0.05913521567982
ENSG00000153179	-0.0815865420155782
ENSG00000174099	-0.0233010294975305
ENSG00000090376	-0.0344845657281242
ENSG00000111554	-0.129711101635876
ENSG00000111581	-0.00919007219699637
ENSG00000175782	-0.403510187289123
ENSG00000135679	-0.127620810812749
ENSG00000090382	0.310806280346751
ENSG00000241765	-0.369960887984515
ENSG00000135643	0.152127508500029
ENSG00000139292	0.0768728255441517
ENSG00000277223	0.0766921455412101
ENSG00000288530	0.0461326514481741
ENSG00000173451	-0.32467804261142
ENSG00000257802	-0.00907701874390982
ENSG00000139278	0.136888081839969
ENSG00000257497	-0.153817095826988
ENSG00000139289	-0.4237761750918
ENSG00000257941	0.85475819614458
ENSG00000175183	-0.0415977831124662
ENSG00000277130	0.0800589350817808
ENSG00000239473	-0.635519404210472
ENSG00000179104	0.135232327266679
ENSG00000072041	-0.0121283818133388
ENSG00000049130	-0.0474699467335433
ENSG00000278011	0.518379414960508
ENSG00000139318	-0.416463360234406
ENSG00000271327	-0.105700598382979
ENSG00000271259	-0.106064694207984
ENSG00000257594	0.238697051805006
ENSG00000277738	0.386467090994577
ENSG00000173598	0.17887163184606
ENSG00000271382	-0.26332810689297
ENSG00000258365	-0.0187035434166516
ENSG00000057704	-0.0535532454418647
ENSG00000120798	-0.0533160548821838
ENSG00000028203	0.0782303269240543
ENSG00000111144	0.0208281163909518
ENSG00000111145	0.0423181848319204
ENSG00000279798	0.607292631570795
ENSG00000166130	-0.0432673370419984
ENSG00000185046	-0.0417942516501662
ENSG00000214203	-0.157099695057408
ENSG00000280088	-0.32839317053202
ENSG00000274560	0.286587276413242
ENSG00000111666	-0.0890395515523844
ENSG00000120860	-0.160243666739428
ENSG00000139352	-0.83464929964079
ENSG00000166598	-0.00841344195291399
ENSG00000204954	-0.170701783802261
ENSG00000111727	0.0710588988720297
ENSG00000198431	0.131398745865275
ENSG00000136051	0.0161449985365274
ENSG00000136044	0.113838298126586
ENSG00000136026	0.125727367341326
ENSG00000166046	0.128708723581588
ENSG00000257711	-0.049481652173242
ENSG00000151135	0.0160063571819524
ENSG00000120832	-0.167162497082435
ENSG00000008405	-0.0770722829457344
ENSG00000136045	0.0654514831908007
ENSG00000198855	0.0115248748637435
ENSG00000287202	0.0832519168834223
ENSG00000183160	0.341038096472397
ENSG00000110876	0.464109703592722
ENSG00000110880	0.113500626797947
ENSG00000084112	-0.0759290076194866
ENSG00000274598	-0.153541478150633
ENSG00000110887	0.0518993218846389
ENSG00000135093	-0.0470156381138021
ENSG00000189046	-0.1010211982107
ENSG00000076248	-0.0112989997874693
ENSG00000076555	0.143945299848552
ENSG00000110906	0.0857947875033197
ENSG00000151148	0.0616505788266556
ENSG00000139428	-0.0154593665693982
ENSG00000110921	0.00302351671808379
ENSG00000139438	-0.195179034933376
ENSG00000139433	-0.16240895602678
ENSG00000139437	0.0152258773758849
ENSG00000277299	-0.45023592126817
ENSG00000174456	-0.0700280399798938
ENSG00000286220	-0.208841504750168
ENSG00000196510	-0.0256642408047821
ENSG00000111237	-0.112163701550598
ENSG00000278993	0.0215589842462254
ENSG00000196850	-0.106831013450964
ENSG00000122986	0.0194616217453129
ENSG00000198324	-0.106667050462472
ENSG00000111252	0.229518433652056
ENSG00000204842	-0.0116795943615136
ENSG00000089234	-0.113862001600058
ENSG00000258359	-0.300968509913375
ENSG00000111271	-0.0268448290025606
ENSG00000111275	0.108684961116968
ENSG00000089022	0.0092340518873069
ENSG00000089248	-0.0173212544913097
ENSG00000111300	0.0805208612220581
ENSG00000173064	0.0284221470065012
ENSG00000089127	0.182865778709184
ENSG00000111331	0.00525094425024872
ENSG00000111335	0.250949959216329
ENSG00000186815	-0.0655453343351356
ENSG00000277566	-0.260377846497353
ENSG00000151176	0.0207983483035804
ENSG00000257231	0.545679913329747
ENSG00000111412	-0.0247767329530412
ENSG00000135119	-0.0878795608935176
ENSG00000135116	0.144865203661673
ENSG00000174989	0.0439980626433842
ENSG00000088992	0.0282300070189675
ENSG00000135108	0.0987345404039536
ENSG00000111445	-0.104399671638305
ENSG00000176834	0.0378335543495728
ENSG00000089220	0.0390206697881046
ENSG00000135090	-0.163890131279554
ENSG00000275409	-0.179498091953079
ENSG00000111725	0.151567535324124
ENSG00000135127	-0.0815331496915626
ENSG00000111737	0.066288936132164
ENSG00000277283	0.0118003381350709
ENSG00000089157	0.0192088118798531
ENSG00000255857	-0.00958481072392311
ENSG00000089159	0.1214962188167
ENSG00000286067	0.11686657226363
ENSG00000089163	-0.134160612788669
ENSG00000088986	-0.158752255069808
ENSG00000110871	-0.050359777235938
ENSG00000022840	-0.0797892099083899
ENSG00000167272	-0.0632412388997569
ENSG00000110917	0.0317725605285091
ENSG00000157837	-0.0120735714617718
ENSG00000135114	0.0842956673216707
ENSG00000089041	-0.0776675698985239
ENSG00000089053	0.0159051167418418
ENSG00000276045	0.369419412351984
ENSG00000110801	0.100209055407837
ENSG00000175727	0.132287753143107
ENSG00000139719	0.0217100589220104
ENSG00000130779	-0.0685688281710546
ENSG00000033030	-0.155967579428121
ENSG00000182782	0.529798728491166
ENSG00000139726	-0.0495408680522464
ENSG00000130787	0.150239321143236
ENSG00000280138	0.0893400511288647
ENSG00000150967	0.075011573948516
ENSG00000090975	0.0504292551601974
ENSG00000130921	-0.168527177267389
ENSG00000139697	-0.132993250447446
ENSG00000184209	-0.201924883719236
ENSG00000274427	-0.0542949397703611
ENSG00000247373	-0.0326035139740127
ENSG00000111358	0.0713769053045357
ENSG00000185344	-0.0226797407073304
ENSG00000119242	-0.120996230875051
ENSG00000270130	-0.367886364104706
ENSG00000269938	0.247737320427136
ENSG00000275389	0.0213617478062903
ENSG00000196498	0.107374639315126
ENSG00000150990	0.134187267343779
ENSG00000184992	-0.104626884772691
ENSG00000081760	0.0675918889362144
ENSG00000250208	-0.0278837236476008
ENSG00000060709	-0.0138896468608168
ENSG00000279905	-0.0368784034305319
ENSG00000132341	-0.0861042924141515
ENSG00000061936	-0.157981274310281
ENSG00000177192	-0.0793929133736898
ENSG00000273568	0.178774835120183
ENSG00000185684	-0.08153587629613
ENSG00000185163	0.272841111824819
ENSG00000176894	-0.0527879738911386
ENSG00000247077	-0.0508723197025404
ENSG00000176915	0.0689073908840978
ENSG00000090615	-0.0468564743113947
ENSG00000196458	-0.0908812149246391
ENSG00000198393	-0.067440272129326
ENSG00000214029	-0.0284078238724819
ENSG00000256223	0.103697672932741
ENSG00000090612	-0.00253837526512631
ENSG00000280208	0.0138856374394653
ENSG00000196199	-0.212312980702489
ENSG00000121390	-0.00426867075585888
ENSG00000132950	0.103505612589724
ENSG00000275964	0.0899874423495122
ENSG00000289235	0.067394781110862
ENSG00000121741	0.00410823002371432
ENSG00000237672	0.309140130994854
ENSG00000165475	0.0163506804400874
ENSG00000279135	-0.104253742523439
ENSG00000150457	0.0932089591683476
ENSG00000289133	-0.144352741782598
ENSG00000233325	-0.19362535204822
ENSG00000215571	-0.341088883014694
ENSG00000236953	0.0175718421260168
ENSG00000151835	-0.145823457587263
ENSG00000182957	0.174466388748996
ENSG00000139505	0.0432788832817652
ENSG00000260509	0.0966141793140983
ENSG00000139496	-0.00866422095422635
ENSG00000180730	0.00491979633437144
ENSG00000122035	0.168893044642519
ENSG00000122034	-0.168592964412712
ENSG00000169840	-0.0945424598295695
ENSG00000122025	-0.207945002958865
ENSG00000152520	-0.0856699850679721
ENSG00000102755	0.176779226043734
ENSG00000279393	-0.0458938119707538
ENSG00000233588	-0.284804305129992
ENSG00000279149	0.037342389565656
ENSG00000213411	-0.416191282450811
ENSG00000132965	0.172430769449457
ENSG00000102802	0.695178575077087
ENSG00000120694	0.369186603329962
ENSG00000139597	-0.0685130434728911
ENSG00000276672	0.0246253478305107
ENSG00000133104	-0.137869820423348
ENSG00000133111	0.0350629435161369
ENSG00000236711	0.133843646269177
ENSG00000133110	0.215922798782285
ENSG00000188811	0.0148495712736391
ENSG00000120690	0.0653079536819432
ENSG00000120688	-0.150376192647576
ENSG00000120662	-0.139445635731872
ENSG00000172766	-0.137136129458742
ENSG00000102760	0.146641031316643
ENSG00000133106	0.0300796706872491
ENSG00000232540	0.540831298692867
ENSG00000277831	0.151732992789837
ENSG00000151778	-0.162978794712268
ENSG00000102804	0.0725645896335613
ENSG00000230793	-0.15578242981412
ENSG00000083635	-0.0636982796292036
ENSG00000133112	-0.158269906540485
ENSG00000174032	-0.048923089564107
ENSG00000136152	-0.0286604177699111
ENSG00000235903	-0.185853924827005
ENSG00000173988	-0.180244287612236
ENSG00000251106	-0.504579228395115
ENSG00000102445	0.0563920782614889
ENSG00000139684	-0.0391131735899831
ENSG00000136146	-0.18559719018452
ENSG00000139679	-0.0705780965300036
ENSG00000136161	-0.0891557272493338
ENSG00000225131	0.216023551952219
ENSG00000231665	-0.299970604879525
ENSG00000136144	-0.199533036367967
ENSG00000123179	-0.0635688542238642
ENSG00000123178	-0.134859042355345
ENSG00000198553	-0.010166198228437
ENSG00000150510	-0.0755991924854192
ENSG00000224892	-0.265746209687308
ENSG00000102796	-0.0915607364613674
ENSG00000231856	0.15747759040966
ENSG00000232872	-0.0605813811824571
ENSG00000123191	0.00474287781152098
ENSG00000136098	0.211781941289415
ENSG00000243406	0.172693939669136
ENSG00000136114	0.0679500224512601
ENSG00000165416	-0.290169118823358
ENSG00000118946	-0.0640859055562553
ENSG00000083544	-0.0669883156797162
ENSG00000280165	-0.295423600376061
ENSG00000232380	0.176371900486443
ENSG00000236534	0.127422844349907
ENSG00000083520	0.00149131790148811
ENSG00000188243	-0.158870983983909
ENSG00000178695	0.336894266994945
ENSG00000139737	-0.16231616367167
ENSG00000227354	-0.293096245576963
ENSG00000272515	-0.588804763705642
ENSG00000125285	-0.400908012063518
ENSG00000247400	-0.0502796504626292
ENSG00000276809	0.0558931769781924
ENSG00000102595	-0.0943971451270718
ENSG00000139793	-0.125242986181374
ENSG00000125249	-0.247384147809958
ENSG00000276704	0.869732158346795
ENSG00000088387	0.0394217506491686
ENSG00000260992	-0.111116697990131
ENSG00000134882	-0.00510623112322066
ENSG00000280734	-0.279816530492664
ENSG00000228501	0.222472896195765
ENSG00000280169	0.136075892962167
ENSG00000125247	0.161529662743027
ENSG00000102452	-0.00707451766463049
ENSG00000134900	-0.0377675815414778
ENSG00000134901	-0.0665332112332767
ENSG00000272542	0.214230614353725
ENSG00000125266	0.0373501265004301
ENSG00000102524	0.0216898003080585
ENSG00000274331	-0.121785524368796
ENSG00000276269	-0.207179501628016
ENSG00000187498	0.317604025913921
ENSG00000134871	0.281099809957281
ENSG00000213995	-0.0474515152833283
ENSG00000134905	-0.0471351275134671
ENSG00000153487	0.0630378696105891
ENSG00000102606	-0.0901559518971265
ENSG00000182968	-0.329768902156551
ENSG00000277159	-0.0441741755734503
ENSG00000274922	0.371655075013831
ENSG00000126226	0.00759746493081037
ENSG00000185896	0.23685535656007
ENSG00000150401	-0.145157357134617
ENSG00000276248	-0.0246968013322332
ENSG00000183087	0.169390671028152
ENSG00000185989	0.0999904026999444
ENSG00000198824	-0.0311508092221928
ENSG00000260615	-0.371138025032852
ENSG00000100814	-0.091470503180995
ENSG00000287735	-0.060640264557792
ENSG00000129484	-0.00132750772930946
ENSG00000129566	0.0947610707637495
ENSG00000258515	0.0365618016983213
ENSG00000100823	0.0963534744774336
ENSG00000198805	0.138313560838718
ENSG00000258818	0.404167377069671
ENSG00000169413	0.013806009140651
ENSG00000258810	-0.20682833737957
ENSG00000169397	0.293840929322651
ENSG00000136315	-0.0903861535910135
ENSG00000169385	0.307746351154299
ENSG00000165801	0.0868039495450816
ENSG00000100888	0.0777225532836459
ENSG00000129472	-0.134661920867285
ENSG00000092203	0.100200622697412
ENSG00000165819	0.00675393426111026
ENSG00000211794	-0.0574977905561369
ENSG00000129562	-0.0280902474137878
ENSG00000100439	0.0504797284074867
ENSG00000155465	0.146630158171759
ENSG00000172590	-0.0568838136908151
ENSG00000157227	0.717362708234939
ENSG00000100462	0.266414948745483
ENSG00000092036	0.130060221599576
ENSG00000100802	-0.00619078524692203
ENSG00000280129	-0.185735998633728
ENSG00000100804	-0.00646662194135645
ENSG00000100813	-0.0683976168175932
ENSG00000179933	-0.0235365708687175
ENSG00000092067	-0.102278680651294
ENSG00000235194	-0.0594458042539457
ENSG00000100842	-0.0361588776554483
ENSG00000166091	-0.124438722147101
ENSG00000273618	-0.0864079505293763
ENSG00000258727	0.140661351338093
ENSG00000215256	-0.0794957014623401
ENSG00000129535	-0.117733286105333
ENSG00000100889	0.202558530460738
ENSG00000100897	0.0319323394700716
ENSG00000092010	0.0332768637835384
ENSG00000259321	-0.00618957293470714
ENSG00000100911	0.0419778589874536
ENSG00000092098	0.155556765101661
ENSG00000213928	0.29115832745173
ENSG00000100918	0.186125905668398
ENSG00000196497	0.31263260167832
ENSG00000139908	0.0490266974633399
ENSG00000254505	-0.0450703483693258
ENSG00000213920	-0.0250544535185442
ENSG00000100938	0.0637474835100538
ENSG00000092330	0.123630645362015
ENSG00000196943	0.0537895828294763
ENSG00000213906	0.271262302723152
ENSG00000213903	0.225295849654218
ENSG00000129467	0.161067696841713
ENSG00000129465	0.294145644342766
ENSG00000100441	0.111883741286019
ENSG00000100453	-0.0351750421783973
ENSG00000139910	-0.203262184225408
ENSG00000092148	-0.0201059522484728
ENSG00000129480	0.184927998275501
ENSG00000129518	-0.104216234175993
ENSG00000243824	-0.121513670480679
ENSG00000198604	-0.0422101291393595
ENSG00000258738	0.109004459298358
ENSG00000226677	0.159194606147576
ENSG00000100902	-0.0442574077814118
ENSG00000100906	0.461946642835495
ENSG00000258844	-0.248877427800774
ENSG00000136327	-0.355683127807666
ENSG00000258708	-0.150455125747649
ENSG00000258696	-0.404754949192728
ENSG00000259070	0.073366272841761
ENSG00000100934	0.0906638496803279
ENSG00000182400	-0.0185180516064789
ENSG00000100941	-0.00319607551746218
ENSG00000129534	0.00886711617252001
ENSG00000244053	-0.709589176405118
ENSG00000165501	-0.0751625557574538
ENSG00000165516	-0.0102765756064424
ENSG00000165527	0.108619195260477
ENSG00000087299	0.0582741746225967
ENSG00000125375	-0.00294425453962994
ENSG00000012983	0.0726640397083089
ENSG00000198513	0.0279748536436784
ENSG00000269906	0.0145515915302399
ENSG00000100504	0.218748922441772
ENSG00000100505	-0.103012393764513
ENSG00000139921	-0.025264690665575
ENSG00000273888	0.218634144297434
ENSG00000125384	0.0575194046199897
ENSG00000197930	0.07677191827768
ENSG00000100522	-0.104869828447451
ENSG00000288045	0.373257883758855
ENSG00000100523	-0.00546850599840891
ENSG00000020577	-0.308810760947891
ENSG00000131979	-0.0635358265837088
ENSG00000168175	0.21920521528396
ENSG00000289523	-0.112820250171988
ENSG00000126775	0.0127772334891757
ENSG00000259318	0.0887494538842283
ENSG00000139946	-0.0592436909787286
ENSG00000070269	-0.0736242734445859
ENSG00000139977	-0.0611299733716543
ENSG00000100567	-0.131290527437061
ENSG00000126773	-0.0727866722591313
ENSG00000100625	-0.191730335777499
ENSG00000100644	0.376086150920069
ENSG00000288928	-0.0110219517969433
ENSG00000279633	-0.450758950344048
ENSG00000126785	-0.138980469914881
ENSG00000271511	0.119326378644538
ENSG00000100714	0.128098423652233
ENSG00000126804	-0.126566988931281
ENSG00000126803	-0.152706148487676
ENSG00000165807	-0.0377023393538177
ENSG00000126822	0.202848319141551
ENSG00000257365	-0.221776152895103
ENSG00000272158	-0.138996498318101
ENSG00000125952	-0.174016308275172
ENSG00000259078	-0.179181436145153
ENSG00000033170	-0.0630078140239529
ENSG00000276116	0.262118571636796
ENSG00000054690	0.0541015770496901
ENSG00000259648	-0.215875635941889
ENSG00000081181	0.0114808136252774
ENSG00000258626	-0.278862746593858
ENSG00000072042	-0.0106120856879782
ENSG00000185650	0.292422382682362
ENSG00000072110	0.505185256145785
ENSG00000139990	-0.00822842616058186
ENSG00000100632	-0.0764749576991787
ENSG00000029364	-0.034132151744646
ENSG00000100647	0.0881069770295148
ENSG00000198732	-0.183353061234946
ENSG00000133983	-0.139412202506411
ENSG00000119707	-0.0671804890908046
ENSG00000080815	-0.0696798903473844
ENSG00000258376	0.167670541159874
ENSG00000133961	-0.0575327208736001
ENSG00000156030	0.083296543519391
ENSG00000140043	0.0101402976225843
ENSG00000156050	0.157903986811413
ENSG00000119723	-0.0487108352612594
ENSG00000187097	0.00743162111790278
ENSG00000119682	0.0368624373411534
ENSG00000258439	0.232635955941836
ENSG00000119596	0.0594544768236897
ENSG00000119689	0.183168661801752
ENSG00000198208	0.196486221251968
ENSG00000119640	-0.155680951795097
ENSG00000119638	-0.00841024326862334
ENSG00000273565	0.0890042521560888
ENSG00000140044	-0.355636734885914
ENSG00000156127	0.0892018428110738
ENSG00000119685	-0.158728528554007
ENSG00000133935	-0.234447528756622
ENSG00000119699	-0.0623544417340492
ENSG00000259081	0.022980987960286
ENSG00000119669	0.124171096298955
ENSG00000198894	-0.0967930887036291
ENSG00000100577	0.053869614464108
ENSG00000151445	-0.0766515472008647
ENSG00000100591	-0.251225241698025
ENSG00000165417	-0.0164831625108993
ENSG00000100433	0.0314583874974642
ENSG00000222990	0.0510334067310975
ENSG00000258789	0.166213622902213
ENSG00000278576	0.0690224906949878
ENSG00000119720	-0.0410293039225639
ENSG00000242571	0.284242315867079
ENSG00000100784	-0.0286805904316409
ENSG00000133943	0.0452356587351567
ENSG00000119714	0.10075625553664
ENSG00000140092	0.300861842442807
ENSG00000066427	-0.11290655422803
ENSG00000100600	0.605575500670604
ENSG00000066455	-0.0742441642983517
ENSG00000153485	0.161212628266073
ENSG00000170270	0.00491162743787704
ENSG00000012963	-0.00115966097038056
ENSG00000011114	-0.0777472836998772
ENSG00000187581	-0.384701312422861
ENSG00000175785	0.0354167835790397
ENSG00000089737	0.170066150584951
ENSG00000165949	0.144603846017055
ENSG00000119632	-0.111092912499802
ENSG00000197249	0.533465977318854
ENSG00000196136	0.49106583232418
ENSG00000247092	-0.181276568410603
ENSG00000182512	-0.105664191448056
ENSG00000227051	-0.005593529613021
ENSG00000168398	-0.0891334389092444
ENSG00000066739	-0.0511264843577476
ENSG00000090060	-0.2433678107337
ENSG00000258702	-0.0412292337569772
ENSG00000232573	-0.55236970875762
ENSG00000066629	0.0955248346969545
ENSG00000100811	-0.112124703410303
ENSG00000197119	-0.026727073594425
ENSG00000258666	0.299102468571415
ENSG00000140105	0.000544430847281306
ENSG00000258521	-0.358887421358598
ENSG00000258581	0.862267812499575
ENSG00000258498	0.639726495934207
ENSG00000197102	0.156450129850824
ENSG00000080824	-0.018459346331071
ENSG00000140153	-0.0309228004116387
ENSG00000022976	0.0908762780073257
ENSG00000196663	-0.00494824243846159
ENSG00000198752	0.0551920464871768
ENSG00000278071	0.125165243432496
ENSG00000259775	-0.0933823964449849
ENSG00000100664	-0.0708485366637223
ENSG00000075413	-0.104279780326574
ENSG00000166170	0.0227275303085407
ENSG00000269958	-0.155750551430508
ENSG00000066735	0.0840318481883519
ENSG00000258986	0.152488326608511
ENSG00000203485	-0.0440334067327018
ENSG00000142208	0.090129856714251
ENSG00000179627	0.215465482314201
ENSG00000258701	0.063742287025887
ENSG00000196183	0.0384646973311507
ENSG00000258811	0.0675088622551026
ENSG00000258593	-0.125658895178346
ENSG00000099814	0.0578929959273773
ENSG00000166428	0.254458099121392
ENSG00000170779	0.127571442340141
ENSG00000183484	0.13592624069881
ENSG00000183828	0.209343837475044
ENSG00000185024	0.0396980009651002
ENSG00000179364	-0.133835460593798
ENSG00000251602	0.0874019699479644
ENSG00000182979	0.0480224796991323
ENSG00000257270	0.619095104458766
ENSG00000182809	0.189269691961609
ENSG00000213145	0.741130143630438
ENSG00000185347	0.0748436494953069
ENSG00000184986	0.144067609614608
ENSG00000211890	0.598980021663045
ENSG00000211892	0.377774503051885
ENSG00000211899	0.928242929866968
ENSG00000224373	0.243774657890097
ENSG00000180229	-0.115525821671547
ENSG00000276550	-0.274165796444332
ENSG00000277435	-0.182616427757599
ENSG00000274253	-0.338674231587345
ENSG00000140157	-0.0195818965074636
ENSG00000273749	0.264488365140569
ENSG00000275835	0.122587706080795
ENSG00000179455	-0.0359446654079386
ENSG00000182636	0.361658526964666
ENSG00000273173	0.0710644191832607
ENSG00000114062	-0.08665345301981
ENSG00000206190	0.0511622889243202
ENSG00000128731	0.101512150877029
ENSG00000256338	-0.394451822103527
ENSG00000260844	-0.271272301935936
ENSG00000034053	-0.12746268473922
ENSG00000104067	0.0737725205163128
ENSG00000234664	-0.0177177500208909
ENSG00000166912	-0.0561057077031456
ENSG00000259448	-0.0816109680429553
ENSG00000169926	0.046681254641483
ENSG00000169918	-0.0432025378000625
ENSG00000223509	0.0255364844105983
ENSG00000166922	-0.0789345103164107
ENSG00000259408	0.115761720391056
ENSG00000182405	-0.195237824564349
ENSG00000182117	-0.132819513490259
ENSG00000259397	-0.133638142015007
ENSG00000274444	-0.445770604935568
ENSG00000236914	0.16143493320498
ENSG00000166068	-0.0701144403037242
ENSG00000259192	0.169432238197106
ENSG00000137801	0.550643455544326
ENSG00000261136	0.00889407449666224
ENSG00000140319	-0.0981896481094948
ENSG00000137841	0.146349404981531
ENSG00000273855	-0.0116827936957819
ENSG00000188549	0.21479442914284
ENSG00000128928	0.211070164687956
ENSG00000140320	0.0873890268924145
ENSG00000223313	0.473925600870403
ENSG00000245849	-0.216353216153508
ENSG00000104129	-0.0645187983497943
ENSG00000166140	-0.0728197275183986
ENSG00000166145	-0.0233317476120513
ENSG00000104142	0.0608268653503948
ENSG00000251161	-0.0703011720117009
ENSG00000128917	0.144705287289972
ENSG00000128965	-0.610198155997201
ENSG00000128908	0.0799641431075843
ENSG00000137815	0.00432977374458876
ENSG00000092445	-0.0621189456156449
ENSG00000243789	-0.0374616219940924
ENSG00000166887	0.0902063694197948
ENSG00000214013	-0.067007080627454
ENSG00000092529	-0.236112900647664
ENSG00000103994	-0.108868628880404
ENSG00000092531	-0.0289990155116115
ENSG00000137814	0.0462502322691564
ENSG00000159433	0.150686161840292
ENSG00000140326	0.0230862179410142
ENSG00000274403	-0.17268441756897
ENSG00000128881	-0.109734645330105
ENSG00000159459	-0.0304198374406589
ENSG00000205871	-0.181453083204025
ENSG00000137842	0.0461452312522784
ENSG00000168803	-0.034844463336548
ENSG00000140265	-0.0626295758020829
ENSG00000166963	0.0376100433743971
ENSG00000167004	0.113477539346048
ENSG00000140264	-0.129272728832553
ENSG00000140259	-0.0529042765327952
ENSG00000227973	-0.104088874122109
ENSG00000179523	-0.0364774365796544
ENSG00000104133	0.0881718156423202
ENSG00000185880	-0.0108264912356722
ENSG00000171766	-0.193494980450759
ENSG00000171763	0.0342055094972158
ENSG00000166920	-0.00177034951539689
ENSG00000275709	-0.312905064724002
ENSG00000104164	0.0707277143304271
ENSG00000137767	0.145632545365539
ENSG00000128951	-0.058228872327258
ENSG00000166147	0.080398396300946
ENSG00000185634	-0.138482482143051
ENSG00000138593	-0.184357975998149
ENSG00000275580	-0.444358665530177
ENSG00000276593	-0.541968820383365
ENSG00000104064	-0.111441572298563
ENSG00000285410	-0.172768658814026
ENSG00000244879	0.0377848269863223
ENSG00000242737	0.37079097258572
ENSG00000081014	-0.0610440427375123
ENSG00000186417	0.150291615447659
ENSG00000259668	-0.236716739324959
ENSG00000104112	-0.322119563484563
ENSG00000140280	-0.13882683567681
ENSG00000138594	-0.00406958956007418
ENSG00000197535	-0.0873514178072363
ENSG00000069974	-0.0581740743008606
ENSG00000276533	-0.00237039177140464
ENSG00000225973	-0.0646623816526364
ENSG00000069943	0.0458089063203485
ENSG00000274765	0.153248080497542
ENSG00000276524	0.0175709499659515
ENSG00000128849	0.00850149417078829
ENSG00000276772	-0.290896657331033
ENSG00000277229	0.0662269306762473
ENSG00000259250	-0.649982034339618
ENSG00000137845	-0.0576962294625058
ENSG00000245975	-0.13289023299904
ENSG00000157456	0.208609539684541
ENSG00000277144	-0.19290237336263
ENSG00000259732	-0.215819687310648
ENSG00000140299	-0.00805952022974736
ENSG00000234797	-0.387120472796344
ENSG00000182718	0.503125151070143
ENSG00000128915	-0.205792634539593
ENSG00000259251	-0.121115936170858
ENSG00000205502	0.00637758470707894
ENSG00000274340	-0.0619208580011742
ENSG00000171914	0.0584656824935093
ENSG00000140416	0.223337445370655
ENSG00000103642	0.16455868150202
ENSG00000185088	0.00967533263269001
ENSG00000138613	0.151790053671368
ENSG00000103657	0.0734641330169067
ENSG00000166797	-0.0657658411779003
ENSG00000028528	0.0808833632097269
ENSG00000157734	-0.208334694712466
ENSG00000103671	-0.0356767535356721
ENSG00000180357	-0.0184836960670629
ENSG00000166831	0.136569099394662
ENSG00000241839	0.430901735653753
ENSG00000166839	0.0299483182342118
ENSG00000090487	-0.131753439391174
ENSG00000186198	0.0735714161476297
ENSG00000277351	0.70316151009318
ENSG00000278737	-0.161046068818746
ENSG00000090470	-0.103522956081432
ENSG00000138617	-0.098492986430784
ENSG00000174498	-0.039048062866574
ENSG00000103742	0.106502683264762
ENSG00000074603	0.021989827649737
ENSG00000138614	0.0723780300759275
ENSG00000174485	-0.026737486135014
ENSG00000261351	-0.151029604743658
ENSG00000137834	0.0113531560111219
ENSG00000166949	0.0899183490424894
ENSG00000129007	-0.11662174427091
ENSG00000128973	0.104417837735516
ENSG00000103647	-0.137518803203355
ENSG00000271232	-0.537121306880892
ENSG00000140350	-0.109966925268122
ENSG00000140332	0.0648830563120392
ENSG00000137831	0.00114056866653316
ENSG00000259744	0.639946853186681
ENSG00000137821	-0.103174245484805
ENSG00000213614	0.0799500736704263
ENSG00000260339	-0.201603934350958
ENSG00000243007	-0.222372920530204
ENSG00000166233	0.0134142755779822
ENSG00000067141	0.0335898502483069
ENSG00000205363	-0.0218417796326257
ENSG00000067221	0.115910619776663
ENSG00000140464	0.0576937236690952
ENSG00000138623	-0.119117404541807
ENSG00000138629	-0.0451129507743472
ENSG00000179361	0.00359516578637057
ENSG00000179151	-0.00902943569344247
ENSG00000103653	-0.046917781656432
ENSG00000140497	0.0884398203466377
ENSG00000178802	0.0380792654483783
ENSG00000178718	0.0750871090986069
ENSG00000138621	-0.0219066170161621
ENSG00000167173	0.418639324936304
ENSG00000140365	0.0416876210998743
ENSG00000260274	0.181529475417157
ENSG00000169375	0.0500892131994869
ENSG00000169371	-0.0781161200022348
ENSG00000177971	-0.018878546763484
ENSG00000278991	0.141214921916157
ENSG00000173517	-0.0562948928873824
ENSG00000140382	0.0369516047171628
ENSG00000169783	-0.059425926762835
ENSG00000167202	0.126169147369435
ENSG00000103740	0.0359856712622939
ENSG00000140403	0.0579790199546125
ENSG00000140395	-0.0366042385145588
ENSG00000259562	0.0306484575447873
ENSG00000136381	0.00753999013303098
ENSG00000058335	0.038195398629618
ENSG00000136371	-0.198906268918638
ENSG00000278600	-0.251901460036548
ENSG00000259642	0.11550822012664
ENSG00000140379	0.280758173379149
ENSG00000172379	0.000773153190683859
ENSG00000277782	0.250344880081684
ENSG00000183496	-0.125890840299728
ENSG00000214575	-0.181153869990636
ENSG00000259462	-0.0258859261347718
ENSG00000279758	-0.178628206198318
ENSG00000103942	-0.00982326153180484
ENSG00000169609	0.138547155831648
ENSG00000273747	0.254336554916046
ENSG00000259308	0.275810184172111
ENSG00000197696	0.207740496007589
ENSG00000166716	0.0364156830035635
ENSG00000136383	0.11315479553841
ENSG00000170776	0.0721492394642048
ENSG00000183655	0.290610929652015
ENSG00000181026	0.349995601322041
ENSG00000172183	0.262483989949489
ENSG00000140511	0.212504654777466
ENSG00000140545	-0.220052378233607
ENSG00000261549	0.149829080159761
ENSG00000140526	0.0492573463690855
ENSG00000261441	-0.1462847754893
ENSG00000261478	-0.453070677676493
ENSG00000166819	-0.00981908248798853
ENSG00000166821	0.00905536982213997
ENSG00000157823	-0.0649670372983595
ENSG00000242498	-0.0631737355522918
ENSG00000140548	0.139667531270885
ENSG00000185033	0.268647407206208
ENSG00000185043	0.196596585627555
ENSG00000196391	-0.176611890447506
ENSG00000140575	0.0442477182714384
ENSG00000140564	-0.048752674876042
ENSG00000182511	0.078460777096085
ENSG00000196547	0.261106498156542
ENSG00000140553	0.0039289132472611
ENSG00000258384	-0.0956557869423043
ENSG00000166965	-0.121899340180322
ENSG00000198901	0.0381522488696451
ENSG00000184056	0.0144959202392518
ENSG00000272888	0.046817267526958
ENSG00000173575	0.0729655859868943
ENSG00000277135	-0.452419534706018
ENSG00000259424	0.0430315528928393
ENSG00000278022	0.491677845417043
ENSG00000261054	0.126444647320239
ENSG00000068305	0.0451667581831744
ENSG00000259604	0.250482865293166
ENSG00000154237	0.021388488398634
ENSG00000131873	0.180020664740677
ENSG00000131876	-0.0659370192688464
ENSG00000279970	0.0435895818786538
ENSG00000274139	-0.454322553877774
ENSG00000007384	0.15916042154594
ENSG00000103148	0.0179349293812666
ENSG00000206177	0.37200438358433
ENSG00000188536	0.312260526271464
ENSG00000206172	0.371764346977255
ENSG00000007392	-0.177829775409699
ENSG00000167930	-0.142522758826344
ENSG00000076344	-0.0549013796684971
ENSG00000086504	0.0320293300463346
ENSG00000129925	0.0678646057665612
ENSG00000242612	-0.101909143292364
ENSG00000277142	0.426574287902202
ENSG00000197562	0.00467023302043937
ENSG00000140983	0.155030581123673
ENSG00000162004	-0.121412500950232
ENSG00000103245	-0.0971985363939303
ENSG00000102854	0.526284723521049
ENSG00000103227	-0.042139994533058
ENSG00000260022	0.140768870541133
ENSG00000260807	-0.189949806962996
ENSG00000005513	-0.1555470900474
ENSG00000196557	0.350563085365062
ENSG00000007520	0.0245309490611926
ENSG00000090581	-0.0917040579663319
ENSG00000059145	0.097513674426967
ENSG00000174109	0.0789987998589743
ENSG00000197599	0.0194286054078227
ENSG00000279930	-0.0205945064727904
ENSG00000131634	0.0348988275334575
ENSG00000206053	-0.101796195510981
ENSG00000138834	0.0158050478813719
ENSG00000198736	0.0733620127183052
ENSG00000140988	0.0495656991614066
ENSG00000255513	-0.107574054785741
ENSG00000183751	0.0716037001841157
ENSG00000127554	-0.1085614858898
ENSG00000261790	0.0411583280704037
ENSG00000167962	0.0942742850472478
ENSG00000065057	-0.19131007062428
ENSG00000131653	0.16997428644367
ENSG00000167965	-0.0798497070687112
ENSG00000167967	0.0221015650195185
ENSG00000167968	-0.339866081538744
ENSG00000205937	-0.0271057955655507
ENSG00000260778	-0.113252106053482
ENSG00000167972	0.0127716085353424
ENSG00000162063	-0.0038350104566914
ENSG00000185883	0.139984612381386
ENSG00000279520	0.658033223322381
ENSG00000162066	0.145029095377769
ENSG00000269937	-0.014272062391074
ENSG00000279568	0.202706285542217
ENSG00000279162	0.192946513025403
ENSG00000260565	-0.047850290287924
ENSG00000172382	0.0632411759689088
ENSG00000205913	0.0426764653756474
ENSG00000162078	-0.0260041174633176
ENSG00000263280	-0.183719495376658
ENSG00000162076	-0.0147792763060824
ENSG00000059122	0.218623339520763
ENSG00000131650	0.0659967633139236
ENSG00000127564	0.166790435696952
ENSG00000162073	-0.0826039212143017
ENSG00000213937	-0.470739434481933
ENSG00000006327	0.376712844782978
ENSG00000103145	0.0385869227729846
ENSG00000131652	-0.00889674469146608
ENSG00000008517	-0.237559842801704
ENSG00000263072	-0.0263603185942711
ENSG00000085644	-0.0652779158886409
ENSG00000103313	-0.134162102333719
ENSG00000006194	-0.119637540132571
ENSG00000140993	-0.279949021220041
ENSG00000162086	-0.151723501874227
ENSG00000168158	0.0512630640027398
ENSG00000103343	-0.071427921641614
ENSG00000167981	-0.0531196853411552
ENSG00000122390	-0.0455264906884721
ENSG00000167984	-0.195611145046082
ENSG00000213918	-0.14578861465309
ENSG00000126602	0.100400076591964
ENSG00000090447	-0.155928041974921
ENSG00000280063	0.191954671189343
ENSG00000262246	0.182650772587541
ENSG00000277170	0.215331640818734
ENSG00000277440	0.310077417658123
ENSG00000153406	-0.0514407219288278
ENSG00000103415	-0.0803878290472237
ENSG00000089486	0.0658499132239955
ENSG00000168101	0.1174508460892
ENSG00000103199	0.1011950556356
ENSG00000140623	-0.346834999408115
ENSG00000267795	-0.137835645438781
ENSG00000267077	-0.488657603156031
ENSG00000067836	0.0763672901580682
ENSG00000140632	0.0838166931621703
ENSG00000118900	0.0149113795060639
ENSG00000103184	-0.0397391003423435
ENSG00000103174	0.0932562061947231
ENSG00000033011	0.0428447368060725
ENSG00000067365	-0.00997262142197424
ENSG00000140650	0.016191543003649
ENSG00000261481	0.137631260815062
ENSG00000182831	-0.0821401660300195
ENSG00000279662	0.508322757494421
ENSG00000213853	0.239572078309512
ENSG00000179583	0.0451777416038504
ENSG00000182108	0.063744642963069
ENSG00000038532	-0.00367971787171796
ENSG00000185338	0.371075575982257
ENSG00000122299	-0.0575121495284002
ENSG00000277369	0.578067665210338
ENSG00000262097	-0.197237920809537
ENSG00000186260	0.161871392392774
ENSG00000140694	-0.00816952777450995
ENSG00000103512	0.0128274809455427
ENSG00000183458	0.244829942037874
ENSG00000157045	0.0405848626074037
ENSG00000085721	-0.0711916880510639
ENSG00000188599	-0.089288519176591
ENSG00000156968	-0.0742623981867704
ENSG00000166783	-0.113428495039622
ENSG00000072864	-0.0557802161245527
ENSG00000280206	-0.234782597693815
ENSG00000133392	0.635214178240986
ENSG00000103489	-0.14154384567953
ENSG00000134419	-0.010497685681538
ENSG00000167186	-0.0719067392863315
ENSG00000205730	0.267696801495139
ENSG00000103528	-0.0110538117445675
ENSG00000259871	0.160506181696275
ENSG00000006007	0.0450689110529964
ENSG00000103544	0.0452080661419277
ENSG00000183549	0.0789985429578255
ENSG00000188215	0.189179005370739
ENSG00000102897	-0.0258323049241023
ENSG00000287809	0.12178622149654
ENSG00000197006	-0.108031448745116
ENSG00000261596	-0.230780680985035
ENSG00000140749	-0.0025197429185987
ENSG00000286808	0.0909660339464426
ENSG00000103365	0.0474909043100936
ENSG00000166847	-0.0764370263728541
ENSG00000122257	-0.0705686613619589
ENSG00000090905	0.014440303844126
ENSG00000158865	-0.0823520465166768
ENSG00000262155	0.000654575392858929
ENSG00000262700	-0.377309500378542
ENSG00000205629	-0.091545311337916
ENSG00000155592	-0.123003832538987
ENSG00000155666	0.0270195426963453
ENSG00000274092	0.341210864602377
ENSG00000077238	0.313711189887984
ENSG00000047578	0.0149909981714537
ENSG00000261329	0.221075406029252
ENSG00000169180	0.15900262712857
ENSG00000250982	-0.105706224748541
ENSG00000188603	-0.01445943767886
ENSG00000184730	0.221595511043026
ENSG00000176046	-0.0329009580048743
ENSG00000275441	-0.0901854328176966
ENSG00000270424	0.259770492810408
ENSG00000260442	0.0585921675099454
ENSG00000177548	-0.00613430804373222
ENSG00000259807	-0.153261369516899
ENSG00000103485	0.177434939693236
ENSG00000185905	-0.00871971525679572
ENSG00000079616	0.0830099898309749
ENSG00000013364	0.35907214333359
ENSG00000103502	-0.0121131913588333
ENSG00000174943	-0.0473267216004986
ENSG00000169592	0.0831085742026213
ENSG00000149922	-0.291086052208479
ENSG00000250616	-0.0507353885021008
ENSG00000102886	-0.0379163492490385
ENSG00000275371	0.0607316607277216
ENSG00000102882	0.0595530976790599
ENSG00000102879	0.10432983084053
ENSG00000261052	-0.174667564623033
ENSG00000169221	-0.0294365670908691
ENSG00000180035	-0.0780362505215014
ENSG00000280137	0.374377008797945
ENSG00000179918	-0.000478588711757058
ENSG00000005844	0.202431255767041
ENSG00000169955	0.0588280805251888
ENSG00000235560	-0.131571659915867
ENSG00000169951	0.143693337299218
ENSG00000197162	-0.124919273476327
ENSG00000080603	0.10184851583823
ENSG00000103549	0.129289026946704
ENSG00000280211	0.355703064613968
ENSG00000102870	0.12930641784217
ENSG00000279196	-0.13134777902456
ENSG00000099377	-0.288817161285851
ENSG00000103496	-0.174329417240546
ENSG00000260911	-0.210537876863446
ENSG00000167394	0.0795961120603187
ENSG00000262766	0.34178841210031
ENSG00000089280	0.116400341668204
ENSG00000260304	0.111051390205131
ENSG00000103490	0.394600299515954
ENSG00000169896	0.0875820813443886
ENSG00000261245	-0.0963840523456649
ENSG00000176723	0.0667775129569105
ENSG00000140691	-0.211158655381927
ENSG00000140688	0.142875743454913
ENSG00000260625	0.138574645710222
ENSG00000169877	0.212310870736701
ENSG00000185947	0.0343654631953469
ENSG00000286473	-0.0364912595443031
ENSG00000261461	-0.227219696927186
ENSG00000261512	0.0949305405482001
ENSG00000261131	-0.238615493147152
ENSG00000155330	-0.101222229618556
ENSG00000171208	-0.200013312113837
ENSG00000260012	-0.266493063124613
ENSG00000102893	0.0275950436016657
ENSG00000280067	0.100991836978633
ENSG00000196470	-0.0878201613428677
ENSG00000275155	-0.231602250144316
ENSG00000205423	-0.129083682839976
ENSG00000279356	0.208115302923276
ENSG00000121274	-0.133610163744779
ENSG00000121281	0.0361895613624413
ENSG00000278909	-0.192037736913546
ENSG00000260249	-0.153580552336711
ENSG00000167208	0.214362638492095
ENSG00000167207	0.0903964494692652
ENSG00000083799	-0.0588971312199393
ENSG00000280344	0.317437663659863
ENSG00000260818	0.229760187899448
ENSG00000177200	-0.0161659384929883
ENSG00000103479	-0.00873305760735167
ENSG00000279722	-0.213641539919979
ENSG00000166971	-0.0887704096769141
ENSG00000277559	0.455570893919657
ENSG00000176842	0.306302745641982
ENSG00000261997	0.314457271596819
ENSG00000198848	0.169757033868563
ENSG00000260198	0.00362090356989443
ENSG00000279764	-0.267189092529997
ENSG00000087263	0.121223881948619
ENSG00000125124	0.0982127723404007
ENSG00000087250	0.149744261902211
ENSG00000125148	0.573161217405152
ENSG00000260549	0.329315948221356
ENSG00000169715	0.26455562200915
ENSG00000205364	0.228673599521787
ENSG00000255986	-0.000913232662994392
ENSG00000205362	0.222430622128516
ENSG00000125144	0.494889990114122
ENSG00000187193	0.468974444954247
ENSG00000261429	-0.336264392192802
ENSG00000102900	0.129656059097371
ENSG00000261270	0.34826856766006
ENSG00000261114	0.352168058669573
ENSG00000140853	0.183324417498436
ENSG00000159579	-0.00994153934108863
ENSG00000276663	0.450341862983708
ENSG00000260038	-0.213601612413478
ENSG00000005194	-0.0733859423591729
ENSG00000088682	0.0157532972477733
ENSG00000102978	0.124025107050077
ENSG00000135736	0.000141307491990033
ENSG00000205336	0.143064077454972
ENSG00000140854	0.0564585086473379
ENSG00000140859	-0.153256744302514
ENSG00000276166	-0.235922010399604
ENSG00000103005	0.0775081034844849
ENSG00000102996	0.0442055207327233
ENSG00000070761	-0.0601362190542249
ENSG00000260927	0.0623230679185
ENSG00000103021	0.0433630326846315
ENSG00000224631	-0.402192791080772
ENSG00000231589	0.397051633456131
ENSG00000179776	0.493008442106833
ENSG00000166548	0.139391071495801
ENSG00000289353	0.0578176823515669
ENSG00000166595	-0.145870218330892
ENSG00000172831	0.108783367226783
ENSG00000172824	0.421983241781668
ENSG00000289415	0.303091325230823
ENSG00000125149	-0.0104353360550504
ENSG00000140939	0.185518884653908
ENSG00000179044	0.102926376803928
ENSG00000205250	-0.0590644577710406
ENSG00000102890	-0.140819071681502
ENSG00000125122	-0.0768961640332576
ENSG00000168701	-0.0348812490234209
ENSG00000135723	-0.00297716007422111
ENSG00000196155	0.182572365008554
ENSG00000159713	0.0832033604358169
ENSG00000159720	0.130693037856968
ENSG00000270049	0.0842032851739031
ENSG00000039523	0.0801309508218066
ENSG00000280214	-0.25352083304389
ENSG00000102977	0.00464420001069285
ENSG00000188038	0.0247739293668723
ENSG00000159792	-0.0291770239664103
ENSG00000205220	0.00968786367221639
ENSG00000167261	0.125267410044455
ENSG00000182810	0.319329304801014
ENSG00000103064	0.0409769085280304
ENSG00000279649	0.102251061961898
ENSG00000132600	0.0778709040528025
ENSG00000287760	-0.0496098468686862
ENSG00000275383	0.0940785344530533
ENSG00000260577	-0.566582099412059
ENSG00000141076	-0.110210429027501
ENSG00000132612	-0.0351685949943448
ENSG00000132603	-0.194382664331366
ENSG00000141101	0.0932617582132883
ENSG00000198373	0.0680298666695462
ENSG00000261556	-0.382698259653282
ENSG00000157349	0.0942571034541585
ENSG00000157350	-0.131887747373853
ENSG00000157353	0.0652390964078833
ENSG00000103051	0.0393909803027778
ENSG00000132613	-0.212335194076242
ENSG00000103043	-0.0475925270685802
ENSG00000279412	-0.137960568222596
ENSG00000167377	-0.203418038375178
ENSG00000102984	-0.0180422524594159
ENSG00000102967	-0.00958654393665723
ENSG00000257017	0.864612864110108
ENSG00000140829	0.128946948237971
ENSG00000260664	-0.139399330481495
ENSG00000271009	0.144009029228852
ENSG00000260880	-0.50872417482875
ENSG00000261227	0.130122119991136
ENSG00000275236	0.0729219091881448
ENSG00000259972	-0.0234419812841365
ENSG00000239763	-0.0300635636226069
ENSG00000214331	0.016539399400549
ENSG00000261079	-0.0147662428888382
ENSG00000090863	0.0868859902189173
ENSG00000168411	0.0241038949330273
ENSG00000168404	-0.23171647807456
ENSG00000103089	-0.148331606131762
ENSG00000186187	-0.0588309584212841
ENSG00000166816	0.155132968596825
ENSG00000153774	-0.115470210356833
ENSG00000274220	-0.211588849798875
ENSG00000276408	-0.410011460114751
ENSG00000034713	-0.0845858430866026
ENSG00000065427	-0.0267347449304038
ENSG00000103111	-0.103156623363868
ENSG00000276007	-0.292673097845802
ENSG00000178573	-0.191579529985584
ENSG00000166454	0.0418589587678664
ENSG00000260495	-0.437169186118309
ENSG00000197943	0.0266870534116513
ENSG00000135698	-0.222795009653352
ENSG00000259914	0.013771019539108
ENSG00000103150	0.0302606691670769
ENSG00000260018	0.0194516413552498
ENSG00000135686	0.0183839134045971
ENSG00000103196	0.156256378868505
ENSG00000153786	0.0311779836598717
ENSG00000140968	0.336385717653349
ENSG00000268388	0.0110143814345108
ENSG00000243697	0.342287567643306
ENSG00000103248	0.140193929644076
ENSG00000270006	0.261381650231602
ENSG00000276337	0.442603560829067
ENSG00000104731	-0.0131065864443201
ENSG00000261327	-0.600348867187875
ENSG00000051523	0.492295050841911
ENSG00000167508	0.000783546406386495
ENSG00000260630	-0.135263998870207
ENSG00000185669	-0.0756160534245039
ENSG00000158717	0.191331438655882
ENSG00000174177	0.0975363099075071
ENSG00000167515	-0.144355741618071
ENSG00000170100	-0.019964567866085
ENSG00000197912	0.060507612565606
ENSG00000167523	-0.0254970067857062
ENSG00000185324	0.125086353461277
ENSG00000158805	0.0480111270215751
ENSG00000141002	0.108102815653478
ENSG00000258839	0.113048039574587
ENSG00000258947	0.36083475331628
ENSG00000141013	-0.0348808742121099
ENSG00000222019	0.128041928511012
ENSG00000262061	-0.492426890786507
ENSG00000167695	0.154303917828665
ENSG00000179409	0.119318539070982
ENSG00000167699	-0.0308322774288565
ENSG00000167693	-0.033028776862418
ENSG00000280408	0.0300472400474331
ENSG00000197879	0.22810684724916
ENSG00000132376	-0.00279964688290344
ENSG00000074660	0.300297618903883
ENSG00000174231	0.106240419906671
ENSG00000277597	-0.202964822283162
ENSG00000185561	0.182142926079827
ENSG00000186594	0.517429138308942
ENSG00000167711	-0.139568494192673
ENSG00000186532	0.0348998659978184
ENSG00000132383	-0.0133312581218552
ENSG00000177374	0.0728538518687531
ENSG00000070366	0.0248260744377154
ENSG00000070444	0.272353191954185
ENSG00000127804	-0.104467567006098
ENSG00000007168	0.0226788093977068
ENSG00000239884	0.144853272571057
ENSG00000132361	0.0789001818978056
ENSG00000280268	0.165238597304136
ENSG00000108381	-0.102032220377317
ENSG00000167723	-0.0339266279366498
ENSG00000196689	-0.133415138134053
ENSG00000263338	-0.00913516371835546
ENSG00000213977	-0.0651492681389187
ENSG00000240898	0.246401228055921
ENSG00000074755	0.072482597284152
ENSG00000167740	0.0659411485465449
ENSG00000185722	0.117536744124506
ENSG00000132388	-0.12129925204043
ENSG00000261868	-0.00279054791296494
ENSG00000132382	0.191122917911673
ENSG00000244184	-0.221952426187429
ENSG00000141480	0.170185757369388
ENSG00000161920	-0.201243687234597
ENSG00000280254	-0.0426430277660868
ENSG00000262165	-0.00803206779701106
ENSG00000185245	0.114665425253235
ENSG00000108523	0.0155153211228087
ENSG00000091640	-0.0297934477481184
ENSG00000196388	-0.112363394549628
ENSG00000129250	-0.0853223393924517
ENSG00000180787	-0.132062031721354
ENSG00000234327	-0.273198154905747
ENSG00000180626	0.0477454144649003
ENSG00000029725	-0.237538552548882
ENSG00000129197	-0.000318411858907543
ENSG00000108561	0.00700760345353514
ENSG00000005100	0.0352203053960729
ENSG00000091592	0.00806040486719348
ENSG00000179314	-0.0492090013541807
ENSG00000282936	0.0978764906179344
ENSG00000108590	-0.21551950696131
ENSG00000256806	-0.0139595700582008
ENSG00000132530	-0.0559410535337078
ENSG00000279296	-0.154928384749811
ENSG00000215067	-0.0934653529583487
ENSG00000258315	0.0855700086693312
ENSG00000174327	0.163960460291388
ENSG00000072778	0.160219729567137
ENSG00000040633	0.0170824942181566
ENSG00000170296	-0.00482648483887216
ENSG00000181885	0.262866549101793
ENSG00000132507	0.0179556799571919
ENSG00000205544	-0.128979602062406
ENSG00000169992	-0.00696344272396176
ENSG00000161958	0.0569880868941487
ENSG00000170175	-0.0548471840692411
ENSG00000174282	0.0570138870417958
ENSG00000181222	0.306165562618935
ENSG00000239697	0.117290215007004
ENSG00000161956	-0.0597403438110899
ENSG00000161960	0.290469085240828
ENSG00000129226	0.648596039685511
ENSG00000233223	-0.167821374714694
ENSG00000129255	-0.0390642259564533
ENSG00000141504	-0.0673207926944204
ENSG00000141510	0.159435787441514
ENSG00000183011	-0.249919655839665
ENSG00000182224	-0.0604885004535298
ENSG00000170043	-0.0689091759240413
ENSG00000179593	-0.14616901043036
ENSG00000179094	0.472652426069818
ENSG00000220205	0.0291962060448271
ENSG00000178977	-0.0896078816928358
ENSG00000178921	0.0484819994975772
ENSG00000125434	0.133701596382357
ENSG00000108961	-0.0813607124630291
ENSG00000198844	0.140944074849779
ENSG00000184619	-0.0476537580471396
ENSG00000185156	-0.00352980699256528
ENSG00000141506	0.108878471213725
ENSG00000065320	0.0204557385539897
ENSG00000007237	-0.115110451460149
ENSG00000109063	-0.00864793588402142
ENSG00000133028	0.110543819692877
ENSG00000154957	0.00957478265965953
ENSG00000263648	0.563080725013719
ENSG00000109099	0.215388514086764
ENSG00000175106	-0.0456493378530102
ENSG00000187607	-0.104000830188963
ENSG00000265519	-0.212677204520485
ENSG00000011295	0.187858170015742
ENSG00000275413	-0.0560840868182869
ENSG00000141027	-0.064877734599037
ENSG00000108474	-0.0250627261243473
ENSG00000170315	0.0174344313462537
ENSG00000187688	0.330566477663772
ENSG00000175061	0.00420048236814989
ENSG00000286743	-0.364628673055995
ENSG00000141040	-0.0699762558062856
ENSG00000235554	-0.125419228113565
ENSG00000288235	0.000537779475535696
ENSG00000133030	-0.0146300080255824
ENSG00000263624	0.303164878054666
ENSG00000141030	0.00543859680243656
ENSG00000141026	0.0667035043240071
ENSG00000108551	0.338641333273196
ENSG00000108557	0.179083318661538
ENSG00000072310	0.682782933500326
ENSG00000175662	0.0543935028210131
ENSG00000171953	-0.0162582135855862
ENSG00000280198	-0.202935523419382
ENSG00000108591	0.12637836408508
ENSG00000131899	0.169118618109972
ENSG00000177302	-0.0070874745726518
ENSG00000176994	-0.00977272265458696
ENSG00000176974	0.0751358840342869
ENSG00000249459	-0.30677447326697
ENSG00000224126	0.0808091235277729
ENSG00000108448	0.0760253182276974
ENSG00000262202	0.0246497679605104
ENSG00000166482	0.85585591660275
ENSG00000262681	0.130655392307059
ENSG00000083290	-0.0631653037195554
ENSG00000261033	-0.211800242160475
ENSG00000128487	0.025058121488817
ENSG00000236819	0.0661017811015433
ENSG00000109016	-0.0410124811769655
ENSG00000178307	-0.145949109128752
ENSG00000274180	0.0716195749611652
ENSG00000034152	0.179779180694669
ENSG00000263563	-0.121488456280476
ENSG00000265683	0.43579569928597
ENSG00000141068	0.168368598171624
ENSG00000168961	0.332670624345257
ENSG00000232859	0.138648567186184
ENSG00000288923	0.419266334020207
ENSG00000237575	-0.106132806933414
ENSG00000109084	-0.101556244707868
ENSG00000109083	-0.0946394945780297
ENSG00000109079	-0.0100700045053732
ENSG00000004142	-0.0082687529457888
ENSG00000244045	-0.00551479210675836
ENSG00000004139	0.0371457522208465
ENSG00000279532	0.276559526925545
ENSG00000076351	-0.0740164418975196
ENSG00000087111	0.135673276203096
ENSG00000109107	0.128610866457588
ENSG00000109111	0.13884120300819
ENSG00000167525	-0.227034187529191
ENSG00000109113	0.347811359065268
ENSG00000198242	-0.149004144977467
ENSG00000264577	0.283317673452534
ENSG00000076604	0.131975286448083
ENSG00000265474	0.429595778267568
ENSG00000173065	-0.0541271133504825
ENSG00000132591	-0.0188785087066131
ENSG00000132589	0.0478449084909361
ENSG00000109118	0.0287585730582986
ENSG00000179761	0.023337357249732
ENSG00000196535	0.127959080574996
ENSG00000108256	-0.0238409489241044
ENSG00000168792	0.292022156226874
ENSG00000108262	-0.0939143943135894
ENSG00000198720	-0.0890188507908641
ENSG00000265625	0.0217704373532801
ENSG00000264943	0.373890450541045
ENSG00000250462	-0.0521381179084952
ENSG00000184060	0.128157466196613
ENSG00000266274	0.139548462882975
ENSG00000265743	-0.165637592881742
ENSG00000286194	0.121419946711217
ENSG00000181481	0.117862417313828
ENSG00000264456	0.110810062514973
ENSG00000266865	-0.0706002752006992
ENSG00000196712	-0.0301891530211271
ENSG00000126861	0.0119694790183557
ENSG00000185862	0.0642355152950185
ENSG00000172301	-0.141366780253479
ENSG00000185158	-0.149909018777531
ENSG00000266777	-0.0835298942782287
ENSG00000277511	-0.314920678256009
ENSG00000108666	-0.058670717121763
ENSG00000108671	-0.0327224642211345
ENSG00000176658	-0.078620654307174
ENSG00000006042	-0.115559384168066
ENSG00000108691	0.414659325382737
ENSG00000108700	0.239013668635334
ENSG00000197322	0.11374428095257
ENSG00000181291	0.026122698633885
ENSG00000132141	0.061112729295279
ENSG00000285559	0.0700935189902259
ENSG00000198783	-0.0561112638119798
ENSG00000273687	0.486912117263883
ENSG00000267457	-0.543831985161607
ENSG00000073536	-0.0212223401674599
ENSG00000266947	0.0506684713385483
ENSG00000172716	0.07197783528987
ENSG00000267547	0.0923454152441686
ENSG00000267648	-0.0681254749008779
ENSG00000172123	-0.01551927274625
ENSG00000267369	-0.500422568821305
ENSG00000255987	-0.0272474273953262
ENSG00000006125	0.0707962141359937
ENSG00000271503	0.290512299371606
ENSG00000276409	0.401337149266048
ENSG00000277161	-0.028187323398144
ENSG00000275720	-0.207197392847685
ENSG00000278540	-0.0476772714694062
ENSG00000275066	-0.00572470134394841
ENSG00000278053	-0.0541832259668527
ENSG00000275832	-0.0130524994080331
ENSG00000277363	-0.102422309751128
ENSG00000273604	0.131532744626199
ENSG00000277969	0.0481979222771578
ENSG00000275532	-0.757412733837988
ENSG00000277972	-0.0192674202738161
ENSG00000277258	-0.0890047694052613
ENSG00000276293	-0.102563251451505
ENSG00000273559	-0.00758995027409888
ENSG00000002834	0.115408852656951
ENSG00000161381	-0.0276682262816112
ENSG00000067191	0.144795179361308
ENSG00000108306	-0.0470766601555781
ENSG00000167258	-0.0235572287613496
ENSG00000131748	-0.0206320279739188
ENSG00000173991	0.023204441040171
ENSG00000161395	0.108965434045404
ENSG00000141741	-0.122180121822464
ENSG00000073605	-0.151087027331623
ENSG00000172057	0.105524459297934
ENSG00000108344	0.0519720580693328
ENSG00000108342	0.00847773661473908
ENSG00000008838	-0.106974156199261
ENSG00000188895	0.0377198961426693
ENSG00000108349	-0.0562537499222139
ENSG00000131759	0.187060773728907
ENSG00000265666	0.270928656639224
ENSG00000141753	0.892116260727023
ENSG00000126353	0.501381434373145
ENSG00000278834	0.0413733490242582
ENSG00000167920	0.00545445488049563
ENSG00000173805	-0.0188290092441225
ENSG00000239542	-0.0748441193819208
ENSG00000141696	-0.0546173950198323
ENSG00000178502	-0.127224016384821
ENSG00000173786	-0.0397418706748356
ENSG00000267221	-0.0273998129823022
ENSG00000108771	0.248352297996846
ENSG00000260325	-0.0219549433503983
ENSG00000108774	0.167341471248153
ENSG00000173757	0.000758496665879412
ENSG00000126561	0.276570857105059
ENSG00000168610	0.28135348896603
ENSG00000033627	-0.0377844474656805
ENSG00000267222	0.277821902354763
ENSG00000267632	0.809351200238311
ENSG00000283929	-0.440966651714603
ENSG00000267185	-0.531287518382027
ENSG00000108784	0.173386248049935
ENSG00000266962	-0.0516334936637833
ENSG00000108786	-0.207121272382159
ENSG00000068120	-0.0851618692071545
ENSG00000108788	0.110303400860185
ENSG00000131462	-0.0803260166056469
ENSG00000184451	0.115209807516665
ENSG00000108799	-0.0137981509299857
ENSG00000197291	0.15240850124388
ENSG00000131477	0.217853182839688
ENSG00000183978	-0.00768265459080375
ENSG00000126581	-0.0208813562905983
ENSG00000131467	0.027077345769884
ENSG00000131480	-0.118287221899574
ENSG00000131471	0.737068559732665
ENSG00000266967	-0.0469893324143308
ENSG00000131469	-0.0769473735133707
ENSG00000068079	0.0806791970614519
ENSG00000012048	0.0289705890915937
ENSG00000198496	-0.251777592953663
ENSG00000267002	3.64299723331499e-05
ENSG00000188554	-0.0698833171776572
ENSG00000184988	0.453897932839843
ENSG00000108861	0.0754185166776597
ENSG00000108852	0.0832532444435484
ENSG00000161653	0.517711966003441
ENSG00000091947	-0.0394638867891535
ENSG00000141349	0.0923054381081752
ENSG00000108840	-0.101878029533177
ENSG00000267080	0.0252130827959901
ENSG00000108312	0.0888671920770988
ENSG00000260793	0.281118435205218
ENSG00000267750	-0.0088924301868658
ENSG00000013306	-0.047639425210722
ENSG00000030582	0.219585937912452
ENSG00000005961	0.0306369429683578
ENSG00000186566	-0.0372982948496098
ENSG00000180340	0.0265911090970937
ENSG00000161692	0.0234300954939
ENSG00000136448	-0.0624180007061014
ENSG00000131094	-0.176717473921573
ENSG00000172992	0.176057001209058
ENSG00000186834	0.0081306119902814
ENSG00000267121	-0.0387691427360366
ENSG00000184922	0.140052346754135
ENSG00000006062	0.14867784460722
ENSG00000159314	0.0786453670274413
ENSG00000266918	-0.428801589196737
ENSG00000120071	-0.10246633477358
ENSG00000004897	-0.00160649996820162
ENSG00000141279	-0.0203882948762184
ENSG00000006025	-0.0169088546026202
ENSG00000189120	0.0771887206153692
ENSG00000167182	0.0411335428876877
ENSG00000082641	0.00577548170322393
ENSG00000173917	-0.0499847580131146
ENSG00000230148	0.0607826049485065
ENSG00000120093	0.105318419972766
ENSG00000182742	-0.0242068273619834
ENSG00000159199	-0.217687216609224
ENSG00000167083	0.20127774728402
ENSG00000108798	0.320454727532243
ENSG00000173868	-0.107397497825496
ENSG00000198740	-0.00432721664121706
ENSG00000248714	0.13444690005051
ENSG00000121067	-0.137327006453185
ENSG00000136504	-0.000285954775704336
ENSG00000246640	-0.00294166876123664
ENSG00000005882	0.0760613400035706
ENSG00000188662	-0.26254140928475
ENSG00000108826	-0.159123754225786
ENSG00000154920	0.00186553610203748
ENSG00000108829	0.0285175581065687
ENSG00000167107	0.101797570124827
ENSG00000136457	-0.743243692968686
ENSG00000136444	-0.101297804912881
ENSG00000108848	-0.148296683473587
ENSG00000141232	0.401037096787331
ENSG00000243678	0.013253088949142
ENSG00000279089	-0.0501541112418424
ENSG00000011260	0.0335277029559452
ENSG00000279059	-0.116617117665607
ENSG00000108924	0.00583394845286322
ENSG00000108960	0.0439954196412168
ENSG00000283209	-0.357509453042355
ENSG00000121060	0.00418204291754512
ENSG00000274213	0.792860472172275
ENSG00000263120	0.231434017583742
ENSG00000263004	0.192938302632778
ENSG00000180891	0.143023140154627
ENSG00000278642	0.0726379267086616
ENSG00000279207	-0.511133764664726
ENSG00000011143	-0.00837661941668813
ENSG00000005381	0.0077807470768725
ENSG00000265206	0.134682334033143
ENSG00000212195	0.337741265444233
ENSG00000068489	-0.0202840504061911
ENSG00000175155	-0.126565581634078
ENSG00000273702	-0.108305246027087
ENSG00000062716	0.331778198112158
ENSG00000108423	-0.152786069812705
ENSG00000189050	-0.141338122428721
ENSG00000068097	0.0159044372095831
ENSG00000267248	-0.185869789200019
ENSG00000062725	-0.0409570457815509
ENSG00000121068	0.0309370642267625
ENSG00000187013	0.388871827393119
ENSG00000279133	0.143017032680335
ENSG00000011028	0.199320089099625
ENSG00000279713	-0.0198280946585712
ENSG00000170921	-0.0189691533557693
ENSG00000198909	0.0644209148508643
ENSG00000266173	-0.0229675341708865
ENSG00000136490	0.180581448259249
ENSG00000087191	-0.0598045185298768
ENSG00000007312	0.272811498436369
ENSG00000264954	0.0555891938249723
ENSG00000108622	0.294119293303366
ENSG00000178607	0.0511410870748424
ENSG00000261371	0.623734955213889
ENSG00000271605	0.120049407059612
ENSG00000256525	0.0215825771230847
ENSG00000258890	0.0273158061974132
ENSG00000214176	0.258674853752813
ENSG00000214174	-0.0660327752807409
ENSG00000108370	0.0722931187429101
ENSG00000168646	0.14578040877655
ENSG00000075461	-0.225275346933569
ENSG00000198265	-0.0539477258938551
ENSG00000197170	-0.176391120422019
ENSG00000154217	0.0102613235767964
ENSG00000130935	-0.15460071924374
ENSG00000171634	-0.00352062563553443
ENSG00000265100	0.110382300000338
ENSG00000070540	0.104006723662978
ENSG00000154262	0.147069081119643
ENSG00000154265	-0.0932525263422713
ENSG00000108984	-0.0948866083748881
ENSG00000267365	0.104939341009676
ENSG00000123700	-0.324377711077395
ENSG00000256124	-0.0660911714796639
ENSG00000252274	0.659265675500604
ENSG00000166685	0.0909068121850821
ENSG00000141219	-0.12744528829801
ENSG00000246731	0.419798608020973
ENSG00000141540	0.324061974173979
ENSG00000196169	0.432985539911653
ENSG00000167851	0.262513319740601
ENSG00000167850	0.261796000563198
ENSG00000186407	0.0449840757094086
ENSG00000161513	0.0212521747786694
ENSG00000167861	0.118064390385533
ENSG00000109089	-0.138430669362165
ENSG00000167862	-0.146156919710831
ENSG00000180901	-0.237586668942095
ENSG00000239607	-0.23161265794616
ENSG00000170190	0.076014218938079
ENSG00000125458	0.145508966473573
ENSG00000263843	0.14265355034139
ENSG00000125454	-0.106185519655252
ENSG00000177885	0.0201614575327317
ENSG00000228007	-0.272009512688523
ENSG00000177728	-0.0168909658471336
ENSG00000177303	0.0864528764541794
ENSG00000182173	-0.0479009234569769
ENSG00000266714	0.230862849969389
ENSG00000108469	0.0928697996468837
ENSG00000204323	0.0341030967693009
ENSG00000259120	-0.13221028500995
ENSG00000161526	0.0479804425279571
ENSG00000108479	0.295831655411001
ENSG00000132475	0.262083829810622
ENSG00000132478	-0.035765758966648
ENSG00000092929	0.131073212799419
ENSG00000132471	0.0169043071562733
ENSG00000132481	0.275833088164084
ENSG00000267801	0.338801601780349
ENSG00000161533	0.0300103956596432
ENSG00000167881	-0.0287814504198528
ENSG00000182473	0.0361104462956269
ENSG00000185262	-0.0129491362478409
ENSG00000129646	-0.108928556558237
ENSG00000176170	0.539037921814974
ENSG00000175931	-0.0694054342952917
ENSG00000129673	0.0214622495670682
ENSG00000129667	0.318931510704041
ENSG00000272386	-0.173457884520614
ENSG00000163597	-0.066905444214832
ENSG00000070526	0.255111412417227
ENSG00000261335	0.133576616462354
ENSG00000277382	-0.266433279641365
ENSG00000070495	-0.14727771676751
ENSG00000161547	0.0608324078830932
ENSG00000078687	-0.0652643686907472
ENSG00000167895	0.155174353065216
ENSG00000167900	0.113422412840382
ENSG00000183077	-0.0379293965246361
ENSG00000204278	0.0595372055377338
ENSG00000279886	-0.421762508485865
ENSG00000184557	1.12139109966486
ENSG00000187775	0.137396240297612
ENSG00000267432	-0.151092975748785
ENSG00000108669	-0.00312772895434407
ENSG00000055483	0.220458444008961
ENSG00000035862	0.00872301467682523
ENSG00000171302	0.100576421320694
ENSG00000173894	0.187034252755766
ENSG00000141570	0.136005404262025
ENSG00000141582	0.278605074430753
ENSG00000141543	0.183675686520377
ENSG00000275479	-0.11537535760765
ENSG00000141527	-0.120211834378982
ENSG00000262580	0.114251756450511
ENSG00000181523	0.326340352550829
ENSG00000173818	-0.0768126051184875
ENSG00000176108	0.151804080265779
ENSG00000280351	-0.125791955977607
ENSG00000181409	0.0523802508122625
ENSG00000263167	0.302267771120766
ENSG00000185168	0.0919083776071189
ENSG00000287431	-0.298147378301167
ENSG00000262223	0.0704383583381114
ENSG00000266074	-0.0796206756596306
ENSG00000279692	0.288838900815439
ENSG00000186765	0.0605223063706792
ENSG00000182446	0.102814106288732
ENSG00000182612	0.0393607887716492
ENSG00000185298	-0.0725272651294109
ENSG00000185359	0.119411808349656
ENSG00000262049	0.0258265143522336
ENSG00000262814	0.00666087079509196
ENSG00000183048	-0.103592104030464
ENSG00000225663	-0.103020359823512
ENSG00000182676	0.177146548769144
ENSG00000185624	0.148352397577483
ENSG00000278876	-0.0581518436659365
ENSG00000141522	0.215171587927659
ENSG00000183684	0.155746825479348
ENSG00000185813	-0.0550236700436165
ENSG00000197063	0.0131641137164899
ENSG00000265688	0.0919456095370002
ENSG00000183010	0.0159207718522452
ENSG00000169696	-0.00780953110599563
ENSG00000169738	0.0494820081377382
ENSG00000264569	0.168754316701596
ENSG00000169733	-0.0647667465522636
ENSG00000169727	0.00254173298354737
ENSG00000169710	-0.0617239990478082
ENSG00000176155	0.0258051474005319
ENSG00000141526	0.537411779094505
ENSG00000141551	0.0802252424197623
ENSG00000280407	-0.105498412455384
ENSG00000265692	0.173132314837315
ENSG00000173762	0.47694082673105
ENSG00000141574	-0.0527579906113672
ENSG00000181396	0.0857557015097531
ENSG00000169660	-0.181733756916432
ENSG00000279066	0.1944262554604
ENSG00000265458	0.297242702133826
ENSG00000141562	-0.0518815277119521
ENSG00000266236	0.484930768355295
ENSG00000141568	0.0108569568841416
ENSG00000141580	0.0162682057069305
ENSG00000262410	0.659699692876502
ENSG00000176845	0.724343186770328
ENSG00000261888	0.222992138437448
ENSG00000101557	-0.0102612864045353
ENSG00000288533	0.237964525600955
ENSG00000132199	0.233921435227589
ENSG00000176105	-0.187181110693253
ENSG00000266405	0.238475780850537
ENSG00000101577	0.135680664435003
ENSG00000101608	0.0817661212864614
ENSG00000177337	0.196153339149431
ENSG00000263753	-0.105984176348555
ENSG00000198081	-0.0954856766331007
ENSG00000082397	-0.200882142121343
ENSG00000235552	-0.526309574994317
ENSG00000286649	-0.162908723073068
ENSG00000206418	-0.21044597528332
ENSG00000265962	-0.203459934854562
ENSG00000168502	-0.272053055625134
ENSG00000288939	0.0615125311320097
ENSG00000178127	-0.177163865926022
ENSG00000101745	-0.209155434950093
ENSG00000017797	-0.124273122182798
ENSG00000168461	-0.0369732373644795
ENSG00000266891	0.256573629456177
ENSG00000101558	-0.17171378015112
ENSG00000154856	-0.0503099008012464
ENSG00000134265	-0.108969494155266
ENSG00000154864	-0.032338449283165
ENSG00000255112	0.091604880127825
ENSG00000154889	0.0903779121891942
ENSG00000176014	0.230111930005701
ENSG00000141385	0.130982965544345
ENSG00000175354	-0.0207799956031449
ENSG00000085415	-0.0353432817001466
ENSG00000168675	-0.0166202624767266
ENSG00000279020	0.0538370678285772
ENSG00000267690	-0.00568389301632119
ENSG00000266954	-0.535897742813992
ENSG00000101654	0.058156314740034
ENSG00000286293	-0.0629264973153335
ENSG00000265015	0.000360145434751944
ENSG00000158201	-0.0385109737531603
ENSG00000242971	-0.517266514406466
ENSG00000154040	0.0584121655948199
ENSG00000273524	0.401031876604932
ENSG00000273321	-0.501435396452184
ENSG00000154059	-0.0358749746464948
ENSG00000198795	-0.165164078486684
ENSG00000141380	0.0175985365319019
ENSG00000171885	0.0958392472069374
ENSG00000274578	-0.182604912169957
ENSG00000118271	-0.812923040211988
ENSG00000276282	0.0627701633598833
ENSG00000101695	-0.158649323470182
ENSG00000141441	-0.034213098374408
ENSG00000134769	-0.166504618903608
ENSG00000166974	-0.0635419069238661
ENSG00000186812	0.139232571214766
ENSG00000274184	-0.346549414015801
ENSG00000268573	0.148024872779819
ENSG00000257267	-0.178088929749966
ENSG00000274918	-0.347546570292107
ENSG00000267397	-0.237746531509624
ENSG00000278986	0.0112918857229839
ENSG00000141425	-0.200489285695143
ENSG00000288917	0.247051254879634
ENSG00000267707	-0.221812797556377
ENSG00000078142	-0.0666419729814689
ENSG00000152229	0.0281684670792102
ENSG00000152242	-0.169589957791403
ENSG00000078043	-0.00789781098827067
ENSG00000280212	-0.236733576719665
ENSG00000167220	-0.137375213122819
ENSG00000134049	-0.123808942197392
ENSG00000267156	-0.264521544604996
ENSG00000267541	-0.753709178954113
ENSG00000265681	-0.139623581464962
ENSG00000101670	-0.117229884142315
ENSG00000141644	0.0159191272480331
ENSG00000101751	-0.121988737606677
ENSG00000091164	-0.274212755202076
ENSG00000066926	0.194981490717302
ENSG00000172175	0.00506766623540024
ENSG00000074657	-0.0607735158173615
ENSG00000141682	-0.592273527245569
ENSG00000101542	-0.0947491221808944
ENSG00000176641	0.00313232296030918
ENSG00000134444	-0.0298493514947756
ENSG00000266900	-0.023730299359087
ENSG00000141655	-0.0114697187235313
ENSG00000141664	-0.00272710967678575
ENSG00000171791	0.0755719091404641
ENSG00000119541	0.0708170557893225
ENSG00000221887	-0.185744318227796
ENSG00000283667	0.0104047058046006
ENSG00000166401	0.0607443106231949
ENSG00000166479	-0.0467995565058404
ENSG00000170677	0.0813394394143934
ENSG00000278971	0.0221135586273137
ENSG00000075336	-0.189428994630514
ENSG00000187773	-0.0199076698680664
ENSG00000287689	0.100003114002889
ENSG00000150656	0.0260700862028603
ENSG00000264340	0.454965672330646
ENSG00000264247	0.0155966644244513
ENSG00000278607	0.133673896224464
ENSG00000180011	-0.170769389353151
ENSG00000265778	-0.0266266007684722
ENSG00000130856	-0.0219098856333307
ENSG00000279811	0.322126084951634
ENSG00000287680	-0.64170553633632
ENSG00000278330	0.0785714952791079
ENSG00000266213	-0.00694538887923282
ENSG00000263146	0.0513179617225583
ENSG00000256463	0.0568944383717064
ENSG00000166377	0.0101420726794075
ENSG00000279397	-0.424114609329182
ENSG00000274828	-0.0118886072398168
ENSG00000060069	0.0227774924080531
ENSG00000122490	0.0680680478833394
ENSG00000226742	-0.312195649543811
ENSG00000261126	0.0172891022049997
ENSG00000266909	-0.349164763427961
ENSG00000101544	0.150922477115365
ENSG00000267270	-0.0678334144815176
ENSG00000278000	-0.134567587620229
ENSG00000099822	-0.0624316189141414
ENSG00000099821	0.213485432113384
ENSG00000070423	0.0878944124788847
ENSG00000011304	0.0597236656958495
ENSG00000172232	0.0768252539377035
ENSG00000197766	0.229470415226284
ENSG00000198858	0.0924676998728998
ENSG00000116017	0.00265560253381171
ENSG00000064666	0.515071364860062
ENSG00000064687	0.089980537734596
ENSG00000099817	-0.0830898053409298
ENSG00000167468	-0.0791689096485699
ENSG00000064932	0.0461420416629758
ENSG00000267778	-0.151759469020018
ENSG00000288704	0.0683258568359059
ENSG00000167470	0.36693994530607
ENSG00000099622	0.192322679902291
ENSG00000267372	0.212877815931799
ENSG00000130005	-0.00323556269841042
ENSG00000115266	0.194885737120332
ENSG00000267317	-0.0672389536814959
ENSG00000115255	0.134064116407759
ENSG00000181588	0.197937812508344
ENSG00000071655	-0.118899944976131
ENSG00000079313	0.0270936334485313
ENSG00000267244	0.31852784589173
ENSG00000129911	0.103027062490399
ENSG00000129968	-0.0932391030097917
ENSG00000227500	0.0719347637803685
ENSG00000213638	0.0255722775580665
ENSG00000133275	0.0323724765690402
ENSG00000267283	-0.160723219778067
ENSG00000099875	0.173590573243939
ENSG00000099840	-0.0385736344356746
ENSG00000104885	0.115270257390956
ENSG00000104904	-0.105631995757971
ENSG00000188305	0.130691820491702
ENSG00000220008	-0.166909391252202
ENSG00000288156	-0.00174262980431868
ENSG00000130332	-0.090839510366049
ENSG00000005206	0.146806887354489
ENSG00000099800	-0.0644642454497232
ENSG00000176619	-0.0233559849088747
ENSG00000099860	0.841321268223706
ENSG00000176533	-0.141721293995674
ENSG00000261342	-0.191255266770949
ENSG00000104969	0.0146959417867557
ENSG00000172009	0.00289903071237762
ENSG00000172006	0.0286513705040757
ENSG00000186300	0.106606433525506
ENSG00000287766	0.232206859831344
ENSG00000065717	-0.279853483608173
ENSG00000088256	-0.0598293921721456
ENSG00000060558	0.158587491871401
ENSG00000125910	-0.110283127377127
ENSG00000129932	-0.167436246446086
ENSG00000179855	-0.0908684402227258
ENSG00000006638	-0.127551568260615
ENSG00000183617	-0.0756586446784007
ENSG00000105278	0.17103236308995
ENSG00000167658	0.0121063074346855
ENSG00000126934	-0.0506553240092033
ENSG00000105246	0.398447855979811
ENSG00000105248	-0.162698535941462
ENSG00000105251	-0.467030560746075
ENSG00000167664	-0.00865029763087112
ENSG00000105255	-0.200177320470498
ENSG00000267980	-0.356517806461509
ENSG00000167674	0.063174392398182
ENSG00000171236	-0.139282810045592
ENSG00000167680	-0.110025918069189
ENSG00000185361	0.0465697185713483
ENSG00000074842	0.211809089907972
ENSG00000205790	0.10209687175017
ENSG00000287884	0.295647903649521
ENSG00000127666	0.0878500019886789
ENSG00000127663	0.0204518784154987
ENSG00000105426	-0.0041825602353754
ENSG00000223573	0.0343115292764887
ENSG00000130254	-0.0951917039544329
ENSG00000160633	-0.127734774452135
ENSG00000130255	0.00701829086172193
ENSG00000174917	-0.0960306502666813
ENSG00000212123	0.0013117701850296
ENSG00000141994	0.119840632089065
ENSG00000031823	-0.0477591765465773
ENSG00000125652	0.0153400871856377
ENSG00000125650	-0.0917628160304432
ENSG00000205744	0.0745620543033167
ENSG00000104833	-0.114282167145674
ENSG00000125657	0.461893158338722
ENSG00000125730	0.299354561001088
ENSG00000276980	0.0745891632520019
ENSG00000125733	0.0923678068000195
ENSG00000141968	0.00929551852488432
ENSG00000130544	-0.0771818240813772
ENSG00000171105	-0.126880040869969
ENSG00000104883	0.0496067922663492
ENSG00000198723	-0.016616290942584
ENSG00000090674	0.123703348511634
ENSG00000032444	0.0321565008598827
ENSG00000076944	0.405465269566195
ENSG00000104918	-0.190353712684804
ENSG00000183019	-0.577881123820311
ENSG00000090659	0.0752699450529486
ENSG00000142459	0.0924350586745834
ENSG00000104976	-0.060899635942859
ENSG00000090661	-0.0940731967078251
ENSG00000186994	0.133354259891256
ENSG00000269386	-0.180805437701843
ENSG00000185236	0.0364612853475587
ENSG00000133250	-0.00206030165624487
ENSG00000142347	0.0779552012255051
ENSG00000167785	-0.161915870592834
ENSG00000196110	-0.00607462566210231
ENSG00000130818	-0.136699587114133
ENSG00000278611	-0.032213482137346
ENSG00000197961	-0.212627030365155
ENSG00000171469	0.0253643569790273
ENSG00000171466	-0.0684245924871265
ENSG00000224689	-0.163209065473365
ENSG00000277587	0.355580813157535
ENSG00000127452	0.0674111960382747
ENSG00000198258	-0.165237731867811
ENSG00000267289	-0.00905583129889099
ENSG00000105088	-0.129001987497945
ENSG00000130813	0.144418671816411
ENSG00000130810	0.120436017816124
ENSG00000130811	0.0359899081829898
ENSG00000105364	0.0890125394894513
ENSG00000090339	0.724644313399654
ENSG00000220201	-0.17837468602297
ENSG00000267673	-0.113785561958853
ENSG00000105401	-0.00493751118876229
ENSG00000180739	-0.0103961582646984
ENSG00000130734	-0.256174279319203
ENSG00000129347	0.00910492717542703
ENSG00000129355	0.140783139093683
ENSG00000129353	0.273617581730791
ENSG00000129351	0.0196208971408691
ENSG00000213339	-0.115912541180913
ENSG00000079805	0.0190953692700562
ENSG00000214212	0.0616041440561724
ENSG00000142453	-0.0383409768584927
ENSG00000127616	0.128144764027625
ENSG00000276757	0.289391781867482
ENSG00000130164	0.122338750349436
ENSG00000105518	-0.0136602967922759
ENSG00000183401	-0.00300776198055592
ENSG00000105520	0.164142883423575
ENSG00000173928	-0.0998075927928943
ENSG00000187266	0.226838233442578
ENSG00000205517	0.158759932411877
ENSG00000198003	0.0889174534049013
ENSG00000130175	-0.0122507570997836
ENSG00000196361	-0.143311492652786
ENSG00000130159	-0.230696311280138
ENSG00000130176	0.652395044971218
ENSG00000130165	-0.112841026540077
ENSG00000197933	-0.0345097159355068
ENSG00000197044	0.00490612108901785
ENSG00000177599	0.0202602101051695
ENSG00000278897	0.334332701833647
ENSG00000197054	0.00889252932153909
ENSG00000223547	0.000967902817843723
ENSG00000196646	0.0335799830445191
ENSG00000198342	0.0609316650534176
ENSG00000248406	-0.0594559150102137
ENSG00000196466	-0.0543178832057661
ENSG00000180855	-0.202984684164006
ENSG00000249709	0.0207137867780345
ENSG00000173875	-0.0479212999126597
ENSG00000178464	0.173330239547753
ENSG00000104774	0.224100703412669
ENSG00000105583	-0.0966548143863009
ENSG00000095059	-0.0733486100078324
ENSG00000095066	0.00747663423946918
ENSG00000105607	0.177679194951625
ENSG00000179218	0.120071569196315
ENSG00000008441	-0.112567993796619
ENSG00000104903	0.119147343804079
ENSG00000104907	-0.0690462874549159
ENSG00000160877	0.0206490144688516
ENSG00000104915	-0.135684285891252
ENSG00000104957	0.0297276724035499
ENSG00000104998	-0.00206874685497355
ENSG00000187867	0.0615887136654339
ENSG00000141858	-0.118253970652644
ENSG00000072062	0.0310724619952969
ENSG00000072071	-0.0133128600345078
ENSG00000123136	-0.0962266135831958
ENSG00000123159	-0.0116877207563169
ENSG00000132002	0.150491131616537
ENSG00000099795	-0.188304439818842
ENSG00000160961	-0.0901004243492764
ENSG00000127507	0.0765431724899503
ENSG00000188269	-0.297937294058983
ENSG00000105137	0.198713588946772
ENSG00000141867	0.089868304732989
ENSG00000105127	0.0164179927417879
ENSG00000011243	-0.0684469831410127
ENSG00000279716	0.362442569283625
ENSG00000105122	0.118959404430911
ENSG00000267056	0.621376369047931
ENSG00000171903	0.405038098577825
ENSG00000167460	0.0929981414763513
ENSG00000279198	0.207846432395342
ENSG00000167461	0.130918931851762
ENSG00000072958	0.0349596957020506
ENSG00000085872	-0.00758118739321193
ENSG00000105085	0.0224727979060022
ENSG00000268087	0.0635774948706558
ENSG00000214046	-0.0654968101689249
ENSG00000269044	-0.0376258040182295
ENSG00000267904	0.0911456685274321
ENSG00000127511	0.125738140176189
ENSG00000127533	-0.0976370976584899
ENSG00000160111	0.0160885895428814
ENSG00000269480	0.0958262124646101
ENSG00000053501	-0.100622781637733
ENSG00000099330	0.198422174844989
ENSG00000160113	-0.0403820293458926
ENSG00000160117	-0.190420092630047
ENSG00000130312	-0.0870498954424323
ENSG00000130311	0.0301608631212677
ENSG00000130300	0.154694431737971
ENSG00000130303	0.419136031895631
ENSG00000282851	0.127332875059307
ENSG00000269053	0.102357538466496
ENSG00000130309	0.0686568592826775
ENSG00000130479	-0.101434965940623
ENSG00000105639	0.167982623268528
ENSG00000105640	-0.0512751697727328
ENSG00000007080	-0.045414467014224
ENSG00000105643	0.200424808860833
ENSG00000096996	0.107878554027544
ENSG00000105647	-0.0463385968782385
ENSG00000216490	0.749450816094446
ENSG00000130518	-0.0615865753823265
ENSG00000130522	0.239885077224266
ENSG00000130513	0.228146858396805
ENSG00000175489	0.270155618264063
ENSG00000130511	0.0716947568672129
ENSG00000105655	0.0639445449190375
ENSG00000105656	0.0591368663904787
ENSG00000268030	0.0815546607834483
ENSG00000167487	0.0884340253194539
ENSG00000223802	0.0605262002393267
ENSG00000105669	0.0519719386405879
ENSG00000051128	0.0563468632070177
ENSG00000105676	-0.0035170396821484
ENSG00000064545	-0.00210364959395889
ENSG00000064490	0.0274923362214001
ENSG00000184162	-0.157602030684481
ENSG00000105705	-0.0723472686377568
ENSG00000064547	0.132013829043452
ENSG00000089639	0.291882988744163
ENSG00000105708	-0.0923021852666187
ENSG00000197124	-0.0800392181991144
ENSG00000280079	-0.522980130899453
ENSG00000160352	-0.186428987716278
ENSG00000268521	0.201623332842484
ENSG00000198521	-0.128998022057538
ENSG00000269575	0.302595722303064
ENSG00000268079	0.413713128630378
ENSG00000269837	0.257182350945666
ENSG00000269397	-0.171336832029832
ENSG00000281468	0.0484962906864015
ENSG00000267264	-0.447513928568357
ENSG00000267323	-1.05696480082693
ENSG00000276251	-0.406549138276127
ENSG00000279387	-0.166661849687015
ENSG00000187135	-0.444300761329763
ENSG00000166289	0.266018077889487
ENSG00000131943	-0.119708043902951
ENSG00000267692	-0.0684686398395218
ENSG00000266910	0.0144333845114357
ENSG00000198597	0.019168248343178
ENSG00000280061	0.0087682991694525
ENSG00000168813	-0.113154949394236
ENSG00000178904	-0.0161348651137137
ENSG00000131941	0.0436187599634157
ENSG00000289378	0.383185021443147
ENSG00000245848	0.260337283729102
ENSG00000267296	0.129922400868156
ENSG00000153879	-0.199656126063553
ENSG00000124299	0.00197140295312921
ENSG00000124302	-0.069729677960084
ENSG00000153885	-0.176474733284689
ENSG00000289539	0.244860537530315
ENSG00000166398	0.0927602206601721
ENSG00000268751	-0.300450940163428
ENSG00000271049	-0.207561954852956
ENSG00000153896	-0.0699219306426133
ENSG00000089351	0.000845125713164666
ENSG00000179066	-0.0180076701909368
ENSG00000105697	0.969353056728074
ENSG00000105695	0.173610631106205
ENSG00000236144	0.0635119109801015
ENSG00000105677	0.0379839727561805
ENSG00000249115	-0.0384840026031051
ENSG00000126254	0.0751905993809489
ENSG00000105672	0.0423526485427287
ENSG00000272333	0.128849832654502
ENSG00000126246	0.228947601952372
ENSG00000004777	0.0833603635485779
ENSG00000225872	0.0931505924104383
ENSG00000105290	-0.0704941398385306
ENSG00000126264	0.286644453103017
ENSG00000011600	0.377571340496587
ENSG00000126243	-0.0368377243830837
ENSG00000267388	-0.102593381353563
ENSG00000105270	-0.0470456428224604
ENSG00000105254	-0.0242560547280902
ENSG00000196357	-0.0055001297002981
ENSG00000167635	-0.0456670680066448
ENSG00000232677	-0.0999809594975607
ENSG00000142065	-0.0876793380253946
ENSG00000267142	0.644533396140652
ENSG00000186017	-0.0258577372176642
ENSG00000267309	0.0530700839203049
ENSG00000267091	-0.197474195847436
ENSG00000254004	-0.0900166205657857
ENSG00000186020	-0.12161905974758
ENSG00000225975	-0.103489486803364
ENSG00000197863	0.00476260863604104
ENSG00000189164	-0.0786017382528066
ENSG00000266916	-0.105538012996607
ENSG00000188227	-0.123657583822578
ENSG00000180458	0.0241460431759892
ENSG00000267470	-0.1145623103712
ENSG00000196381	-0.0869166277709597
ENSG00000267319	-0.459158690816067
ENSG00000011332	0.0651210299795877
ENSG00000167641	-0.125456036162168
ENSG00000167645	0.0829539187621952
ENSG00000099337	0.0836084653222983
ENSG00000099341	0.0842241339343882
ENSG00000179168	0.158585421270279
ENSG00000188766	0.00141609556543597
ENSG00000130244	-0.00444807114472828
ENSG00000171777	0.102996322564167
ENSG00000267892	0.0371536436557994
ENSG00000269688	0.444484379638073
ENSG00000068903	-0.152641001750334
ENSG00000262484	-0.352204779032956
ENSG00000104835	-0.0285599911803525
ENSG00000161243	-0.0302363594318909
ENSG00000183760	-0.0989736122060598
ENSG00000130755	0.190632867717336
ENSG00000006712	0.161105270072616
ENSG00000063322	0.0805143290238507
ENSG00000288919	0.031973628704636
ENSG00000090924	0.173057574959051
ENSG00000105193	-0.0915982046603537
ENSG00000105197	0.0517025085728033
ENSG00000090932	-0.444452271689141
ENSG00000176396	-0.132252768617759
ENSG00000276445	-0.316924368108626
ENSG00000105204	-0.0251243760892213
ENSG00000275395	0.182716407233811
ENSG00000013275	-9.48188845935182e-05
ENSG00000197782	-0.158669043284343
ENSG00000105223	0.114832380877667
ENSG00000279759	0.28524555284437
ENSG00000105227	0.399422201118531
ENSG00000197019	0.0309581008634027
ENSG00000105245	0.178384791684623
ENSG00000123815	0.293422627087745
ENSG00000086544	0.248971966125616
ENSG00000077312	-0.0571562023141303
ENSG00000261857	-0.0250232353855441
ENSG00000167578	-0.05032108332137
ENSG00000269652	0.427771641641512
ENSG00000105329	0.312843632398308
ENSG00000142039	0.105845628911131
ENSG00000123810	-0.00714684213382206
ENSG00000077348	-0.105996417802084
ENSG00000248098	0.234351982609183
ENSG00000105341	0.10479891172014
ENSG00000267107	-0.157107713247904
ENSG00000289298	-0.0886658881990254
ENSG00000268355	-0.203844479122904
ENSG00000268027	-0.0330995634575331
ENSG00000105372	-0.0404759097633762
ENSG00000105404	-0.0924725313071023
ENSG00000028277	0.0583761309087851
ENSG00000259436	0.441335873616989
ENSG00000160570	0.215752000083993
ENSG00000105723	-0.0379294973097818
ENSG00000105722	0.550639860659902
ENSG00000079432	0.117064688663677
ENSG00000079462	-0.123413457531911
ENSG00000079435	0.00474468177068258
ENSG00000225877	-0.199483658833501
ENSG00000124466	0.407441773504666
ENSG00000176531	0.153771714395064
ENSG00000105755	0.17520991892115
ENSG00000176472	0.0510751194915971
ENSG00000073050	-0.0202324567754665
ENSG00000105767	0.0199752480623066
ENSG00000105771	-0.0439061371628512
ENSG00000176222	-0.287077259890721
ENSG00000267058	-0.158655487764684
ENSG00000178386	0.0146422706003417
ENSG00000186019	-0.190651113892434
ENSG00000289428	-0.384635231143574
ENSG00000167380	0.0892753484931931
ENSG00000159915	-0.0554975895110409
ENSG00000267508	-0.0336149538626019
ENSG00000073008	0.234816633604804
ENSG00000186567	-0.126752527181855
ENSG00000069399	0.485328566073357
ENSG00000187244	0.483952669112799
ENSG00000130202	0.211897473022177
ENSG00000130204	0.0469237884177829
ENSG00000104856	0.170398275238621
ENSG00000179846	0.00652738582606142
ENSG00000007255	-0.0138511603597647
ENSG00000189114	-0.091963871272678
ENSG00000213889	0.0781615104665376
ENSG00000125753	0.133415597849905
ENSG00000177464	0.210456899717068
ENSG00000125743	-0.128812208229056
ENSG00000177051	0.0183288421539628
ENSG00000267395	0.0296735643223437
ENSG00000185800	0.207103692021176
ENSG00000170604	-0.0632048741084962
ENSG00000176182	-0.0715688353430793
ENSG00000104967	0.0156458260598274
ENSG00000268460	-0.0101443512000495
ENSG00000124440	0.13593450175531
ENSG00000269124	0.448418438253581
ENSG00000011485	0.0915235911388702
ENSG00000204850	0.493032466450567
ENSG00000160013	0.395899291548192
ENSG00000197380	0.101053161455696
ENSG00000105287	0.229543691559278
ENSG00000090372	0.0273443591160015
ENSG00000181027	0.138493084035505
ENSG00000286669	0.185821303318448
ENSG00000105321	0.21619928561846
ENSG00000257704	0.09581237277095
ENSG00000134830	0.449380496631567
ENSG00000134815	-0.00212136217191688
ENSG00000118162	-0.0580663999119982
ENSG00000268061	-0.0701381227766648
ENSG00000105402	0.00913073522422712
ENSG00000024422	0.496549323744635
ENSG00000105486	0.0398128617380331
ENSG00000185453	-0.159560716556565
ENSG00000105483	-0.0950956036592429
ENSG00000268583	-0.286535453518599
ENSG00000268001	0.128911541513075
ENSG00000142227	0.289912572491262
ENSG00000161558	-0.0405781913797285
ENSG00000105443	-0.132259104819713
ENSG00000105516	-0.0638822766064151
ENSG00000063180	-0.263877497079046
ENSG00000176920	-0.0295793069933653
ENSG00000174951	0.0868242695781311
ENSG00000087074	0.44736961255262
ENSG00000104805	0.244899255228358
ENSG00000087088	0.245220186604366
ENSG00000183207	0.0128720991350372
ENSG00000104863	-0.0711680188446185
ENSG00000221916	-0.184470259531414
ENSG00000130529	0.207415391664918
ENSG00000104894	0.408811586659738
ENSG00000074219	0.0613069325398226
ENSG00000104872	-0.0371555059508513
ENSG00000200259	1.22262399407501
ENSG00000142534	-0.0775691755294634
ENSG00000104870	0.281185751948822
ENSG00000142552	0.0879373943903379
ENSG00000142546	-0.0435751096692834
ENSG00000126458	0.0983605462348085
ENSG00000126461	0.0327349476002975
ENSG00000126456	0.11617608778104
ENSG00000126457	0.0236232063244806
ENSG00000224420	0.515823844650309
ENSG00000169169	-0.104405352559484
ENSG00000196961	0.116311440926324
ENSG00000010361	-0.0133454024590162
ENSG00000104973	0.00226709527084174
ENSG00000268006	0.0131626604007959
ENSG00000104960	-0.126130914458504
ENSG00000204673	-0.0630490329965716
ENSG00000104946	-0.0931330658950883
ENSG00000104951	0.260013545709707
ENSG00000213024	0.00440902268187727
ENSG00000161643	0.252870059262274
ENSG00000142528	-0.104311385446228
ENSG00000131408	-0.0731565362009143
ENSG00000161677	-0.00251936819567407
ENSG00000204653	0.00415322612947612
ENSG00000131409	-0.150115387237423
ENSG00000167747	0.255122445334512
ENSG00000167755	-0.106783995232204
ENSG00000129437	-0.156975664107864
ENSG00000142544	-0.198530224550289
ENSG00000129450	0.17050307259103
ENSG00000168995	0.102124884890069
ENSG00000262874	0.200805886347949
ENSG00000105366	0.182479483334031
ENSG00000105497	-0.206361080418075
ENSG00000289037	0.0835705734537113
ENSG00000269959	-0.153371464604897
ENSG00000182310	-0.12518681279216
ENSG00000171051	-0.00238696142465129
ENSG00000161551	-0.106078860486032
ENSG00000176024	-0.0888801314482115
ENSG00000197619	-0.100470714726463
ENSG00000256087	-0.0954111905502563
ENSG00000260160	-0.241719275197785
ENSG00000204611	-0.0678067574645724
ENSG00000196214	-0.0435068742212687
ENSG00000167554	-0.148873964109701
ENSG00000269834	-0.0392913996418376
ENSG00000167555	-0.0818746538661329
ENSG00000198482	-0.056772989958639
ENSG00000167562	-0.129717789706234
ENSG00000288953	-0.439310219264048
ENSG00000213020	0.06821765896987
ENSG00000198538	-0.0371680368086392
ENSG00000204604	-0.261283326312685
ENSG00000170949	-0.0536917158910555
ENSG00000170954	-0.491418390875551
ENSG00000213799	-0.158095016503509
ENSG00000160336	-0.132912281570217
ENSG00000170909	0.28616415845224
ENSG00000088038	0.00550388276383473
ENSG00000105617	-0.102167380003078
ENSG00000125505	0.123214609911468
ENSG00000204577	0.543858986721506
ENSG00000105609	0.31330084854265
ENSG00000131042	0.496552437284315
ENSG00000187116	0.0435669362837803
ENSG00000167613	0.383201331354617
ENSG00000167614	0.174530404146159
ENSG00000268496	0.038556842395096
ENSG00000267838	-0.217743534488064
ENSG00000226696	0.166071543844159
ENSG00000235681	0.509313874952394
ENSG00000167617	0.208526957537068
ENSG00000239998	0.181382908597312
ENSG00000104974	0.0769178528040645
ENSG00000104972	0.102986365621196
ENSG00000186818	0.325563713922669
ENSG00000287170	-0.0331951130691421
ENSG00000105063	-0.0418443537894612
ENSG00000160471	0.0180797678575107
ENSG00000108107	-0.0807966740582989
ENSG00000187902	0.0191688959572074
ENSG00000197483	0.0688626425039623
ENSG00000218891	-0.150498983128832
ENSG00000179943	-0.246531212513892
ENSG00000171443	-0.0671983065735683
ENSG00000276488	-0.167753725381025
ENSG00000267096	-0.468219641620116
ENSG00000063245	0.07200109788188
ENSG00000267117	0.235198992295458
ENSG00000167685	-0.0180900437283085
ENSG00000018869	-0.0172534857916505
ENSG00000267454	-0.0637189099836069
ENSG00000198046	-0.129642158332139
ENSG00000267224	-0.651767724558838
ENSG00000267421	-0.182995982763044
ENSG00000196867	-0.0932120779593193
ENSG00000269696	-0.0879321264511626
ENSG00000197016	-0.235966264336278
ENSG00000197951	-0.0367081708130445
ENSG00000105146	-0.0633517723100014
ENSG00000204524	0.0249044371697503
ENSG00000197714	0.174087983175802
ENSG00000178229	0.0323168155430657
ENSG00000188785	0.014892769291118
ENSG00000186272	0.119536884897899
ENSG00000178201	-0.248326130121204
ENSG00000152439	-0.0689361766778609
ENSG00000121406	-0.0447918143967167
ENSG00000251369	-0.00823408509967957
ENSG00000171649	-0.156896410566036
ENSG00000183647	-0.217427287509837
ENSG00000213762	-0.133877218870598
ENSG00000179909	-0.0889453538219403
ENSG00000083814	-0.274719376785577
ENSG00000152443	-0.204198369745487
ENSG00000083828	-0.0295920176656079
ENSG00000269343	-0.0452851958469397
ENSG00000204514	-0.257580780109103
ENSG00000198466	0.222733852895595
ENSG00000270804	-0.531410761829252
ENSG00000173480	-0.00509197032740515
ENSG00000196724	0.0389599447548697
ENSG00000152454	-0.0386267822203738
ENSG00000243234	0.290756877065875
ENSG00000177025	-0.15415930585872
ENSG00000176593	-0.202185578162661
ENSG00000152467	-0.0308783908145682
ENSG00000176293	0.012851547128443
ENSG00000243642	0.269340935605651
ENSG00000181894	-0.116148083569702
ENSG00000269236	-0.171188274778018
ENSG00000171606	0.000291112069887997
ENSG00000142396	0.0588784853251738
ENSG00000283103	0.0960014680652526
ENSG00000279611	-0.0470133651128567
ENSG00000174586	0.315747856549137
ENSG00000268049	0.323500818379897
ENSG00000083845	-0.0821843536187429
ENSG00000171574	-0.00338945568172404
ENSG00000131849	0.0069576397637767
ENSG00000083812	0.232240357496182
ENSG00000083838	0.0442192653314917
ENSG00000130724	-0.0742428754550293
ENSG00000130725	-0.0420958082053035
ENSG00000099326	-0.00576653454177479
ENSG00000196476	-0.0394782240989221
ENSG00000247315	-0.206278834705895
ENSG00000286158	0.0761078362730477
ENSG00000177732	-0.0693448011330605
ENSG00000125841	0.0443959297493807
ENSG00000101255	0.129262109523947
ENSG00000125875	-0.135160448917991
ENSG00000271303	0.337665531971876
ENSG00000101276	-0.122186170155153
ENSG00000101282	0.0592043604146404
ENSG00000125895	0.0723926676216594
ENSG00000125775	0.0544075700033272
ENSG00000229728	0.213602242817802
ENSG00000088832	0.104052827358449
ENSG00000196209	-0.0465126238173999
ENSG00000198053	-0.0947371646593882
ENSG00000125834	0.012269155813434
ENSG00000125835	0.0476202763944713
ENSG00000101361	-0.0900841143484712
ENSG00000132635	0.0521677369332237
ENSG00000132670	0.0570569386040859
ENSG00000185019	-0.0355725414152762
ENSG00000215251	-0.0810512130222217
ENSG00000289494	0.420936830376935
ENSG00000125877	-0.0714435872411757
ENSG00000088854	0.109303584324121
ENSG00000088812	0.0322713957344512
ENSG00000125817	-0.153892648556735
ENSG00000101224	-0.0185222265535603
ENSG00000125843	0.0322415263317138
ENSG00000088888	0.111939694974579
ENSG00000125779	0.0274368458263981
ENSG00000226608	0.0156988118197302
ENSG00000101265	-0.133711169966362
ENSG00000089057	-0.00431867226261698
ENSG00000089063	-0.149441181149873
ENSG00000125772	0.0742222322335555
ENSG00000089195	-0.11349692169531
ENSG00000125885	-0.0840179563439727
ENSG00000275632	-0.534639354092204
ENSG00000088766	-0.106898315172555
ENSG00000278192	-0.632167870895626
ENSG00000101311	-0.286958566204745
ENSG00000125863	-0.214299726812447
ENSG00000101384	0.376954793441936
ENSG00000132640	-0.0829678222706853
ENSG00000101247	-0.134096115257486
ENSG00000125868	-0.03793713174599
ENSG00000089006	-0.0528318492558104
ENSG00000132664	-0.177040210263627
ENSG00000214612	0.242484444414797
ENSG00000232388	-0.332940717492275
ENSG00000125821	0.0315222135907224
ENSG00000179935	-0.141351659431248
ENSG00000268628	-0.0362503108744299
ENSG00000101343	-0.128497429588035
ENSG00000088970	-0.180571706933203
ENSG00000088930	0.0837166214001137
ENSG00000225280	-0.0681687268785733
ENSG00000223128	0.526257698878549
ENSG00000278041	-0.00356670458455289
ENSG00000125820	-0.264824563867113
ENSG00000289590	-0.128685077297382
ENSG00000289431	-0.0447818632386567
ENSG00000178726	0.984092268910339
ENSG00000279447	-0.0530300024405579
ENSG00000125810	1.00460504605849
ENSG00000132661	0.204979662771449
ENSG00000232645	0.0610081645440417
ENSG00000101463	-0.0551421112427043
ENSG00000274173	0.032159276958201
ENSG00000077984	0.228007657319707
ENSG00000154930	0.128118701549348
ENSG00000277938	-0.448159923248682
ENSG00000100994	0.192682681828517
ENSG00000276952	0.55005148057959
ENSG00000100997	-0.070200770006182
ENSG00000101004	-0.108747961286318
ENSG00000170191	0.0115623585389771
ENSG00000278383	0.157908208993134
ENSG00000149531	-0.0247652834279691
ENSG00000274364	0.104229995636619
ENSG00000171552	-0.0464487533787257
ENSG00000149599	0.0524844429966243
ENSG00000131044	0.0095177027529587
ENSG00000088356	-0.123878410964865
ENSG00000101336	0.290381987018359
ENSG00000101337	-0.000438473788723859
ENSG00000235217	0.0277958510110106
ENSG00000126003	-0.0283018776040848
ENSG00000101346	0.126516026586404
ENSG00000101350	-0.0883548111445894
ENSG00000171456	0.0743274940993491
ENSG00000197183	-0.0278135520081954
ENSG00000149600	-0.0394335546075088
ENSG00000101391	0.00754626154167763
ENSG00000101417	0.0810765062994284
ENSG00000285230	0.189615280944913
ENSG00000277558	0.237516184457523
ENSG00000125971	-0.121976117220665
ENSG00000101460	-0.0283616807048285
ENSG00000100983	0.116566195419713
ENSG00000100991	0.165231010783379
ENSG00000101000	0.287970772110795
ENSG00000126001	-0.0237100610788428
ENSG00000125991	0.0737114391844485
ENSG00000061656	0.242462698467141
ENSG00000244462	0.253492223970779
ENSG00000025293	-0.102987455654251
ENSG00000088367	-0.111910605834779
ENSG00000232406	0.0308289641935779
ENSG00000131043	0.0282386965379651
ENSG00000080845	-0.0319887439487826
ENSG00000118707	0.219656225418263
ENSG00000101084	-0.0503100764930146
ENSG00000149639	-0.109143794778865
ENSG00000101347	-0.0476150787966721
ENSG00000118705	0.181382426991032
ENSG00000197122	0.0150438332321114
ENSG00000101407	-0.024421126258936
ENSG00000101413	0.0865111708290968
ENSG00000198959	0.738099357788508
ENSG00000149633	0.00482146314695631
ENSG00000277829	-0.000919879758777317
ENSG00000196756	0.187249165978313
ENSG00000235408	0.078319549514535
ENSG00000174365	0.0551555144268327
ENSG00000101442	0.00397758219799129
ENSG00000199691	0.553150491635886
ENSG00000101445	0.067664328693846
ENSG00000101452	-0.098442834257007
ENSG00000174306	-0.0104870755473367
ENSG00000183798	-0.200280287890468
ENSG00000124177	-0.0341979417979809
ENSG00000124193	-0.164407824123228
ENSG00000101049	0.101738635301615
ENSG00000282876	0.0233834496778761
ENSG00000101052	0.000363144118105879
ENSG00000149596	0.165928413545285
ENSG00000223891	-0.1216614590831
ENSG00000168734	0.129801562011448
ENSG00000196839	0.0959281519065402
ENSG00000101104	0.0529516104674932
ENSG00000101109	-0.0148174287248171
ENSG00000124102	0.0161604230035436
ENSG00000204070	0.0624971670041585
ENSG00000124251	0.0935913423135573
ENSG00000232880	0.00847632189000195
ENSG00000244274	0.0238857519682028
ENSG00000124155	0.280204549142259
ENSG00000277022	-0.258825889503814
ENSG00000101457	0.0865604263130707
ENSG00000101473	-0.11084265227448
ENSG00000285796	0.0476713455893402
ENSG00000100982	-0.0611738115203077
ENSG00000198026	0.0135030338403288
ENSG00000100985	-0.0189067372094802
ENSG00000124160	-0.13321080962357
ENSG00000101017	0.136443346542288
ENSG00000149654	-0.224570980153897
ENSG00000080189	-0.0436346388100393
ENSG00000062598	-0.0378284502362275
ENSG00000158296	0.00165950747397125
ENSG00000101040	0.00670784258408013
ENSG00000124126	0.0892220596840457
ENSG00000124198	0.0728274964834694
ENSG00000158470	0.0320339315788379
ENSG00000197818	0.110172692583352
ENSG00000158480	-0.146589908769347
ENSG00000229222	-0.293878025046817
ENSG00000124216	0.290975737144992
ENSG00000244687	-0.028337308315864
ENSG00000172216	0.298836748718317
ENSG00000042062	-0.150819919513623
ENSG00000000419	-0.0385131487938179
ENSG00000171940	0.244074860988456
ENSG00000236352	-0.321711973229083
ENSG00000101132	-0.245789579409214
ENSG00000022277	-0.0138663163393675
ENSG00000124097	-0.0220254826760754
ENSG00000278709	0.143035405184994
ENSG00000215440	0.0636624118219547
ENSG00000087460	-0.205487007256684
ENSG00000101160	0.223671746347736
ENSG00000124205	-0.0409727702488753
ENSG00000238194	-0.0996397952297705
ENSG00000132825	-0.0848342531859263
ENSG00000286232	-0.0369936361844593
ENSG00000149657	0.0542395058191091
ENSG00000101182	0.0178889405319875
ENSG00000101181	-0.00423258693760281
ENSG00000130703	-0.138945357072164
ENSG00000130706	-0.00644674080305263
ENSG00000226332	0.156901428913999
ENSG00000130702	0.185090477584099
ENSG00000171858	-0.156398746210712
ENSG00000101187	-0.0194426388547735
ENSG00000277496	-0.053954900578409
ENSG00000232803	0.547266726473758
ENSG00000101189	0.0134079579713848
ENSG00000060491	0.214299943333182
ENSG00000092758	0.124882010175092
ENSG00000273759	-0.115755457666337
ENSG00000101194	0.0978520535908608
ENSG00000149658	-0.0136245913659542
ENSG00000101198	-0.131232740079597
ENSG00000275620	-0.289642733910628
ENSG00000101203	-0.645773760732763
ENSG00000125534	0.050056252402792
ENSG00000101213	0.164233446173054
ENSG00000125508	0.0398354013839051
ENSG00000130589	0.362975255545137
ENSG00000101216	-0.0267057886433766
ENSG00000232442	-0.111917433541164
ENSG00000243509	0.125682588066297
ENSG00000125520	0.192856255882835
ENSG00000130584	-0.112439023002545
ENSG00000268858	-0.0298789218835089
ENSG00000280213	-0.130194160520477
ENSG00000196700	0.185170299878523
ENSG00000101161	0.0193375351502408
ENSG00000171700	0.187577254749648
ENSG00000277117	0.141917907706809
ENSG00000280800	0.224656418460306
ENSG00000185272	-0.219986573582809
ENSG00000155307	-0.012875978100713
ENSG00000180530	0.0585462085757622
ENSG00000232560	-0.327623749495272
ENSG00000154639	0.0839175151982633
ENSG00000154642	-0.230543473505119
ENSG00000244676	0.090127858609599
ENSG00000234883	0.0418482956237157
ENSG00000260583	-0.196587255756458
ENSG00000154721	0.0323450153320829
ENSG00000154734	0.657918991149841
ENSG00000156239	0.022731781629106
ENSG00000176054	-0.142752542067533
ENSG00000156256	-0.032736019264431
ENSG00000156261	-0.23444395527366
ENSG00000273017	-0.366975340783517
ENSG00000174680	-0.0396084913523589
ENSG00000142168	-0.181783783162461
ENSG00000238390	0.922168038287524
ENSG00000273271	-0.610549619600842
ENSG00000159055	-0.205901483366136
ENSG00000227256	0.00739392563031567
ENSG00000166979	-0.0547092165273509
ENSG00000159079	-0.0304864379873313
ENSG00000238197	0.0877005752442361
ENSG00000227757	-0.066030774523021
ENSG00000205927	0.00324236028509188
ENSG00000184221	-0.0710695605021471
ENSG00000159128	0.0694847875414425
ENSG00000142188	-0.130810004337666
ENSG00000231355	-0.178282857533364
ENSG00000159140	0.0302229402062034
ENSG00000205726	-0.0916479209360821
ENSG00000243927	-0.119606486351591
ENSG00000198743	0.105408069034903
ENSG00000214914	0.145930900665236
ENSG00000185917	0.0360194597469881
ENSG00000159231	-0.184021911284256
ENSG00000159256	-0.0975450113263553
ENSG00000228107	0.123829803065281
ENSG00000159259	0.0281623928151703
ENSG00000159267	-0.00210826500863659
ENSG00000289404	0.0629835064134632
ENSG00000157557	0.507031210907714
ENSG00000232837	0.147701866297548
ENSG00000185658	0.0169501753243825
ENSG00000185437	-0.123957686791835
ENSG00000226496	-0.261025418973416
ENSG00000183486	0.121583686287758
ENSG00000157601	0.171227296964993
ENSG00000157617	-0.0557805198247688
ENSG00000160179	0.139441522901124
ENSG00000160190	-0.0575623642952955
ENSG00000160191	-0.121990106318755
ENSG00000160199	-0.0988316501868567
ENSG00000160208	-0.0889660137534229
ENSG00000160213	0.0455820633133175
ENSG00000226543	0.40452956843216
ENSG00000160216	0.0292730381106911
ENSG00000160218	0.101918815546795
ENSG00000160224	0.0588586902452942
ENSG00000141959	0.436606927032642
ENSG00000160226	-0.0499344492692037
ENSG00000224747	0.313356565630586
ENSG00000274225	-0.083839091422915
ENSG00000287088	0.112076841974951
ENSG00000184900	0.0360234497663074
ENSG00000160255	0.392642886762992
ENSG00000183250	0.293195576311688
ENSG00000276529	-0.514308503084741
ENSG00000234880	-0.369821160750808
ENSG00000235374	0.177573779319347
ENSG00000273796	0.4333983095775
ENSG00000280604	0.187594230714212
ENSG00000289224	0.168559654040271
ENSG00000160285	-0.065970797437359
ENSG00000223901	0.224411587031487
ENSG00000160294	0.0848482366106349
ENSG00000239415	-0.288780077900726
ENSG00000160299	0.0548520555636718
ENSG00000160310	-0.137249713190852
ENSG00000289511	-0.37542674655769
ENSG00000273203	-0.0909664379438053
ENSG00000177663	-0.0829462950094111
ENSG00000183307	0.0468486029274476
ENSG00000093072	0.052181051183827
ENSG00000099954	-0.000708817405490221
ENSG00000131100	-0.0816524139828119
ENSG00000015475	-0.277478317465849
ENSG00000243156	0.00870443012128614
ENSG00000184979	0.0467361386688908
ENSG00000100033	0.0938347211436747
ENSG00000070413	-0.0301138573971416
ENSG00000273311	0.115659360827371
ENSG00000281530	0.172188960496826
ENSG00000100075	0.0268828108374716
ENSG00000070371	0.152631271229573
ENSG00000185608	-0.0934491011806152
ENSG00000273300	0.485070961159218
ENSG00000287652	-0.231212125712972
ENSG00000184113	0.374051270628645
ENSG00000236540	0.116400391361009
ENSG00000099899	0.0542219058481001
ENSG00000099901	-0.0475056377762103
ENSG00000040608	-0.110462303461687
ENSG00000128185	-0.0247206857934653
ENSG00000185252	-0.120201740732818
ENSG00000226287	-0.161489340747264
ENSG00000099940	-0.00246171400653602
ENSG00000099942	-0.0893150458430073
ENSG00000184436	-0.0431655253252358
ENSG00000099957	0.101121436421954
ENSG00000169635	0.0128114019308341
ENSG00000185651	-0.136577673554525
ENSG00000273342	-0.12445921929276
ENSG00000128228	0.0803677257211112
ENSG00000100023	0.161785243032013
ENSG00000100027	-0.00731424383164729
ENSG00000100030	-0.0399789620842161
ENSG00000100034	-0.203133271553455
ENSG00000211640	0.399945124374436
ENSG00000272779	0.122979352409637
ENSG00000278196	0.415952507258924
ENSG00000128266	-0.0698684364250238
ENSG00000186716	0.112656290196707
ENSG00000272578	-0.08284638460778
ENSG00000099956	0.0321806896954164
ENSG00000133460	0.112651713024702
ENSG00000272787	-0.668046119149021
ENSG00000232545	0.15849064570564
ENSG00000099998	0.449090681458239
ENSG00000128271	0.033468202553163
ENSG00000138867	-0.0455600654539103
ENSG00000100031	0.0622895399005383
ENSG00000284128	0.0711422382249437
ENSG00000284070	0.0478800686970671
ENSG00000167037	-0.0970469584877758
ENSG00000272942	-0.590967475749175
ENSG00000271138	0.154854117460878
ENSG00000100058	-0.273401023038006
ENSG00000272977	-0.660539572549406
ENSG00000224003	-0.453190549891578
ENSG00000128294	0.0677010165394941
ENSG00000100209	-0.0277065580706945
ENSG00000159873	-0.139360745004563
ENSG00000100219	0.184588827102146
ENSG00000182944	0.0157754468072844
ENSG00000185340	-0.034727367376922
ENSG00000100276	0.15856926936126
ENSG00000225465	0.126908427605851
ENSG00000100296	0.0498089876701735
ENSG00000128342	1.47065033331768
ENSG00000268812	0.398827172150414
ENSG00000099985	0.231138763131689
ENSG00000239282	0.545359212378105
ENSG00000099992	0.355921182489763
ENSG00000099999	0.0840058604142169
ENSG00000100003	0.187601779716016
ENSG00000273350	-0.143186097861723
ENSG00000242114	0.34185906627372
ENSG00000128242	-0.0978592757356499
ENSG00000185339	0.160072468046845
ENSG00000167065	0.179637611157273
ENSG00000250318	-0.138301740403171
ENSG00000184792	-0.109937650865297
ENSG00000133422	-0.0723424102469312
ENSG00000253352	-0.068114113524466
ENSG00000273387	-0.0267578573015922
ENSG00000198832	0.205852240549613
ENSG00000138942	0.00252067919773373
ENSG00000100100	0.253420919646238
ENSG00000100105	0.0473384066549637
ENSG00000213888	0.163895934382166
ENSG00000287817	-0.127213962495046
ENSG00000241878	-0.124640518692236
ENSG00000183530	-0.0591228072005807
ENSG00000100150	0.00817904451419196
ENSG00000232346	-0.198627305762077
ENSG00000100281	-0.00830761931838628
ENSG00000273044	0.383442264513844
ENSG00000221963	0.145327204782004
ENSG00000128284	0.0893719804156135
ENSG00000100336	0.223300175856158
ENSG00000128335	-0.00685835485063148
ENSG00000100342	0.295887044797257
ENSG00000100345	0.438489450828444
ENSG00000100350	-0.0629364681340778
ENSG00000100360	0.0092572319539053
ENSG00000100365	0.0346187040995501
ENSG00000100368	0.0389728305270469
ENSG00000128311	0.132821858083681
ENSG00000128309	0.043910119348738
ENSG00000287236	-0.519267647254148
ENSG00000100379	-0.0562346859933668
ENSG00000133466	0.0294226346288161
ENSG00000128340	0.274979851303566
ENSG00000100055	0.20453994020445
ENSG00000166897	-0.0888246759790998
ENSG00000100060	0.293478149803968
ENSG00000100092	0.055975245402563
ENSG00000100097	-0.116233970164691
ENSG00000273899	-0.145329385944467
ENSG00000189060	0.11423079480364
ENSG00000100124	0.08465127995907
ENSG00000272582	-0.667810461591121
ENSG00000100142	0.0013295789763905
ENSG00000100146	-0.0338641665956968
ENSG00000222044	0.39106852565396
ENSG00000273214	0.302259590268991
ENSG00000100156	0.319413169424906
ENSG00000128298	0.0577279922484636
ENSG00000272720	0.147831571189611
ENSG00000184381	-0.0268366925476973
ENSG00000185022	0.76556791959448
ENSG00000198792	0.0586168409557478
ENSG00000235246	0.388940260639867
ENSG00000213923	0.154102079673217
ENSG00000100211	-0.0672381896605722
ENSG00000100216	0.0480780643505543
ENSG00000100226	0.1709792424458
ENSG00000230149	0.58330418867726
ENSG00000273096	-0.0616915859827947
ENSG00000244509	0.208135621647332
ENSG00000243811	-0.0241763222804295
ENSG00000128394	0.0620677827468903
ENSG00000239713	0.0488534142812406
ENSG00000100298	0.240612980330185
ENSG00000279833	0.191688885757209
ENSG00000100311	-0.0656935394291966
ENSG00000209480	0.279322420586481
ENSG00000280216	0.470367515782765
ENSG00000100324	0.0909163400714283
ENSG00000128268	0.0385232467529973
ENSG00000100335	-0.0113800898080405
ENSG00000187051	-0.127541242142141
ENSG00000196588	0.0138039036758712
ENSG00000128285	0.312961309494461
ENSG00000100372	-0.00565735014269981
ENSG00000100380	-0.176670353877744
ENSG00000196236	-0.0772521505314845
ENSG00000100387	-0.26641725645563
ENSG00000100393	-0.0235342249449683
ENSG00000100395	-0.00457484729928183
ENSG00000235513	0.0535386842655423
ENSG00000100399	-0.0352099500783733
ENSG00000100401	-0.10994959389404
ENSG00000273424	0.15143469343442
ENSG00000183864	0.023964408975902
ENSG00000100412	0.120648559830162
ENSG00000100413	-0.112533945683986
ENSG00000184208	-0.271872084964049
ENSG00000100147	-0.0482516604275164
ENSG00000198911	-0.0357326820508373
ENSG00000205704	-0.103992198616919
ENSG00000198951	0.356467510221957
ENSG00000177096	0.202819074832738
ENSG00000183172	-0.118643961557857
ENSG00000213790	0.0567861573228308
ENSG00000226450	0.025727533912416
ENSG00000229891	-0.236872861479598
ENSG00000235568	0.0162738378698371
ENSG00000128274	0.100555040243785
ENSG00000242247	0.079740968550414
ENSG00000100271	0.0210739443971533
ENSG00000100300	0.166848702680399
ENSG00000186732	-0.0963732650647198
ENSG00000280434	-0.0135036813364353
ENSG00000138964	0.0436928300051614
ENSG00000188636	-0.0113312260441949
ENSG00000130638	0.0221245933856673
ENSG00000182257	-0.0757075356652112
ENSG00000197182	0.0233933906554408
ENSG00000289044	0.0665362261649851
ENSG00000130943	0.0473096475362205
ENSG00000075234	0.233125177792901
ENSG00000277232	-0.00347931631622717
ENSG00000075240	0.0114506102344518
ENSG00000260708	0.0904132448715406
ENSG00000278881	-0.197935720833568
ENSG00000205632	-0.0799590923598247
ENSG00000286381	-0.469428661135908
ENSG00000235111	-0.202073273378007
ENSG00000198355	0.341574875638943
ENSG00000170638	0.197800127452576
ENSG00000188130	0.117401677734092
ENSG00000185386	-0.0177942549588157
ENSG00000100241	-0.020159194057804
ENSG00000128165	-0.112064651006289
ENSG00000025770	0.000628492128992691
ENSG00000284194	0.725223661499168
ENSG00000025708	1.05739374921173
ENSG00000177989	0.852847411560794
ENSG00000130487	0.189795674196341
ENSG00000272940	0.0240079913023587
ENSG00000251322	0.0604499584634783
ENSG00000100312	0.0240165088453593
ENSG00000184319	-0.122447942779018
ENSG00000178605	-0.14251662261439
ENSG00000226179	0.106387676060209
ENSG00000167393	-0.203650560938901
ENSG00000198223	0.106030271589875
ENSG00000185291	-0.094539875806229
ENSG00000169100	0.0924703974724171
ENSG00000169093	0.15588449594596
ENSG00000197976	0.162939349906533
ENSG00000183943	0.0307051698459858
ENSG00000101850	0.0331197676314536
ENSG00000146950	-0.0561225082653853
ENSG00000047644	-0.171076417792272
ENSG00000004961	-0.114749882065345
ENSG00000101911	0.066875234970277
ENSG00000196664	0.0544036804973134
ENSG00000101916	0.0572554954661947
ENSG00000197582	-0.983948586494786
ENSG00000176896	0.000965792354699075
ENSG00000046651	-0.0710439118059365
ENSG00000046647	-0.176051551870332
ENSG00000087842	-0.0358797029790401
ENSG00000186312	-0.265081918130096
ENSG00000169249	-0.0818097744382249
ENSG00000182287	0.0283064297614993
ENSG00000047230	-0.0552404164241569
ENSG00000102054	0.0292222088225141
ENSG00000169891	-0.0881958688560172
ENSG00000047634	0.0503729318140681
ENSG00000131831	0.0388228727158827
ENSG00000008086	0.057061553146311
ENSG00000044446	0.0729730162173376
ENSG00000173681	-0.0993761703185517
ENSG00000173674	-0.120836531940353
ENSG00000177189	-0.0672748943553374
ENSG00000012174	0.0494600928874219
ENSG00000165186	-0.193487107690296
ENSG00000184831	-0.142209293213902
ENSG00000005889	-0.101009512145788
ENSG00000102230	-0.0859655909373007
ENSG00000169297	-0.409729274987771
ENSG00000120280	0.0190993628064213
ENSG00000198814	-0.0377755035384558
ENSG00000219186	-0.431723429608951
ENSG00000165168	0.463091666577386
ENSG00000156313	0.10712435030031
ENSG00000165175	0.0168776227171364
ENSG00000183337	0.065728137934589
ENSG00000288856	0.308767443781713
ENSG00000185753	0.072764593560055
ENSG00000180182	0.0107665704245846
ENSG00000216866	0.0193365065604471
ENSG00000124486	0.00962949972234756
ENSG00000171659	0.125329720973005
ENSG00000228847	0.0758532395116541
ENSG00000189221	0.111601724137599
ENSG00000069509	-0.130402831368449
ENSG00000147050	0.0120071277467546
ENSG00000147113	0.0958487566991647
ENSG00000269902	-0.409194351356767
ENSG00000147121	-0.0274953933028088
ENSG00000230844	-0.0722768783798328
ENSG00000147119	0.0620112961848115
ENSG00000102221	-0.0886719925362334
ENSG00000130988	-0.0712995326769672
ENSG00000130985	0.0723730634512628
ENSG00000224975	0.748756365051299
ENSG00000102225	-0.0663431531045896
ENSG00000102226	0.12691893971847
ENSG00000147124	-0.143869784613925
ENSG00000102265	0.272236338037371
ENSG00000126759	-0.00572636345076889
ENSG00000126756	-0.0584898516711925
ENSG00000221994	-0.214802557899555
ENSG00000287757	-0.355847812714475
ENSG00000068438	0.0502531859826923
ENSG00000102312	0.0791986766458136
ENSG00000147155	0.0243133145175857
ENSG00000102317	0.111641321125673
ENSG00000015285	0.25019376545041
ENSG00000101945	-0.0701018239707003
ENSG00000233585	-0.0292608509469689
ENSG00000068308	0.00148502905614176
ENSG00000068323	0.195307509440159
ENSG00000068394	0.17371114208031
ENSG00000269313	-0.173383544611561
ENSG00000102007	0.376005028485416
ENSG00000012211	0.20444792069107
ENSG00000102003	-0.0202910631152014
ENSG00000101997	-0.00884031390269967
ENSG00000049769	-0.237203964122502
ENSG00000158352	0.0796710026154542
ENSG00000179222	0.267420630095354
ENSG00000184194	-0.0346272113416129
ENSG00000184205	0.243018973571178
ENSG00000234019	-0.163183329704865
ENSG00000232593	-0.13558557649411
ENSG00000072506	0.0999676995717848
ENSG00000086758	0.0994665173491073
ENSG00000130119	0.0177174017957742
ENSG00000102316	0.114538098448556
ENSG00000158578	-0.023716533672013
ENSG00000256045	-0.812934056443623
ENSG00000247746	0.126045198056071
ENSG00000083750	0.102464358604516
ENSG00000204271	-0.0813727280773888
ENSG00000186787	0.0218734413090051
ENSG00000286977	-0.088141177067865
ENSG00000126970	-0.0388441765933926
ENSG00000274536	-0.213956281133548
ENSG00000155659	0.30363472781552
ENSG00000089472	0.350197150443318
ENSG00000260118	-0.240441005747654
ENSG00000181704	-0.0322484141541581
ENSG00000130052	0.161462876573913
ENSG00000090776	0.212649255501269
ENSG00000181191	0.161366428907036
ENSG00000089289	-0.14730400770461
ENSG00000120509	-0.0942086472071504
ENSG00000184481	-0.171340535456547
ENSG00000147168	0.0999091579723913
ENSG00000196338	0.0545114894596663
ENSG00000169562	0.0462500084167876
ENSG00000147133	0.0364252175195708
ENSG00000147174	-0.250480989073883
ENSG00000102309	-0.15664153831713
ENSG00000125931	0.217456719289814
ENSG00000186288	-0.200144945384048
ENSG00000204116	-0.120532955710073
ENSG00000234969	0.00248335918279717
ENSG00000280375	0.390141373945024
ENSG00000147100	0.0392457801432722
ENSG00000215105	-0.133270259951486
ENSG00000235447	-0.161386172514808
ENSG00000102144	0.158399153931587
ENSG00000147145	-0.130577067751863
ENSG00000165288	-0.0299878682337451
ENSG00000198157	-0.320512798170935
ENSG00000174740	-0.111986501513617
ENSG00000179083	-0.131605652292584
ENSG00000102359	0.0650215536829308
ENSG00000102362	0.0407561383708551
ENSG00000188917	-0.067320985261746
ENSG00000010671	0.171292059640747
ENSG00000102393	0.231448223472178
ENSG00000126945	-0.0132475366582907
ENSG00000196440	0.0640049620341045
ENSG00000198960	0.222801673085478
ENSG00000286000	0.0710082277363962
ENSG00000166432	-0.0526680464542681
ENSG00000125962	0.122938475005524
ENSG00000185222	0.0740029789612279
ENSG00000279894	-0.441202062660536
ENSG00000231154	0.0520830938349497
ENSG00000235946	0.137383381835489
ENSG00000123575	-0.110495121750039
ENSG00000147234	-0.0349658503474357
ENSG00000147224	-0.105969538914496
ENSG00000157514	0.0724978376627186
ENSG00000188153	-0.0718633416594064
ENSG00000237863	-0.175409047960567
ENSG00000101888	-0.0901675670739208
ENSG00000176076	-0.321836129995824
ENSG00000289365	-0.166721762497328
ENSG00000077279	0.0146811727588684
ENSG00000101901	0.0193329021357952
ENSG00000126016	-0.0817215223370338
ENSG00000102024	0.144600686443813
ENSG00000234785	-0.528898798577006
ENSG00000131724	0.181585709562597
ENSG00000101856	0.104431657286182
ENSG00000018610	0.0970334768925666
ENSG00000186416	-0.0422311168522674
ENSG00000187808	0.464016661883915
ENSG00000177485	-0.071928844247576
ENSG00000125675	-0.158623332945985
ENSG00000230916	-0.318436664372014
ENSG00000183631	-0.0454095534007365
ENSG00000102038	-0.122024024573644
ENSG00000122126	0.0767018754422376
ENSG00000171388	0.0898925971673424
ENSG00000122122	0.301629795402183
ENSG00000188706	0.182840160044913
ENSG00000156697	0.0030203352862034
ENSG00000085185	0.0754919442075316
ENSG00000102034	0.182097197329987
ENSG00000156709	0.018922705349974
ENSG00000134594	0.0547746998130094
ENSG00000242610	-0.015706978677323
ENSG00000203952	-0.190304864929323
ENSG00000165704	-0.0409536541511452
ENSG00000223749	0.0701368956598173
ENSG00000134590	0.0202882810738715
ENSG00000203950	-0.0477116800908857
ENSG00000186376	-0.0202468016774615
ENSG00000173275	0.258927608944926
ENSG00000129680	0.0789538487398226
ENSG00000102241	-0.183425313765742
ENSG00000129675	-0.0203622967827956
ENSG00000225400	-0.220172508777994
ENSG00000101977	-0.177391493082445
ENSG00000134595	-0.428531477424431
ENSG00000182195	0.100326432717602
ENSG00000185985	0.0626755167131786
ENSG00000289591	-0.276101589034825
ENSG00000225660	-0.171977868406753
ENSG00000271660	0.0915697174327711
ENSG00000219507	0.0250631749967112
ENSG00000197620	0.190601754913175
ENSG00000197021	0.0993073544866542
ENSG00000183171	-0.169612704677871
ENSG00000102181	-0.0865854789994349
ENSG00000029993	0.00931861729227383
ENSG00000102287	0.312341299629576
ENSG00000147383	-0.032210473705698
ENSG00000286939	0.349200002033857
ENSG00000224963	-0.0874192024757684
ENSG00000182492	0.0590199951810185
ENSG00000262919	0.0621809790272134
ENSG00000130821	0.145224771889475
ENSG00000198753	0.348365497194554
ENSG00000067829	0.0298109214739101
ENSG00000089820	0.191158141099565
ENSG00000102030	-0.0840755572216474
ENSG00000102032	0.126604380097517
ENSG00000184216	0.189151825295549
ENSG00000169057	0.0089754616210077
ENSG00000196924	0.752279863903892
ENSG00000102119	0.382195297754981
ENSG00000147403	-0.0270784334866176
ENSG00000013563	0.265900646940154
ENSG00000197180	0.10849956110468
ENSG00000071553	0.13774445541195
ENSG00000203879	-0.0340968118955821
ENSG00000196976	0.162281829785995
ENSG00000071889	-0.027434178785908
ENSG00000160219	0.0656378375108461
ENSG00000130826	0.0164942011874781
ENSG00000288722	0.116802256704468
ENSG00000155962	-0.15079472235919
ENSG00000183878	0.0254095367955907
ENSG00000154620	-0.0581097404248603
ENSG00000267793	-0.28319194742719
ENSG00000198804	-0.365629608247715
ENSG00000210154	-0.157154997087133
ENSG00000198899	0.0742437156481779
ENSG00000198938	-0.0886678487952147
ENSG00000210174	-0.306967215598741
ENSG00000210194	-0.855264231438393
